421.28958916664124	10	-0.08392857142857142	-5.1196428571428569	-0.083928571428571422	-5.1196428571428569	0	end	75	3.1058285412302489	4.2473599154688202	left	8.1058285412302489	3.2473599154688202	Reach with cursor
421.32033610343933	10	-0.22380952380952382	-5.7630952380952385	-0.22380952380952382	-5.7630952380952385	0	end	75	3.1058285412302489	4.2473599154688202	left	8.1058285412302489	3.2473599154688202	Reach with cursor
421.3368811607361	10	-0.22380952380952382	-5.9029761904761902	-0.22380952380952382	-5.9029761904761902	0	end	75	3.1058285412302489	4.2473599154688202	left	8.1058285412302489	3.2473599154688202	Reach with cursor
421.3535041809082	10	-0.22380952380952382	-6.1547619047619051	-0.22380952380952382	-6.1547619047619051	0	end	75	3.1058285412302489	4.2473599154688202	left	8.1058285412302489	3.2473599154688202	Reach with cursor
421.370078086853	10	-0.19583333333333333	-6.2666666666666666	-0.19583333333333333	-6.2666666666666666	0	end	75	3.1058285412302489	4.2473599154688202	left	8.1058285412302489	3.2473599154688202	Reach with cursor
421.38668417930603	10	-0.13988095238095238	-6.4904761904761905	-0.13988095238095238	-6.4904761904761905	0	end	75	3.1058285412302489	4.2473599154688202	left	8.1058285412302489	3.2473599154688202	Reach with cursor
421.4033000469208	10	0.0	-6.7982142857142858	0.0	-6.7982142857142858	0	end	75	3.1058285412302489	4.2473599154688202	left	8.1058285412302489	3.2473599154688202	Reach with cursor
421.4199171066284	10	0.08392857142857142	-6.9940476190476186	0.083928571428571422	-6.9940476190476186	0	end	75	3.1058285412302489	4.2473599154688202	left	8.1058285412302489	3.2473599154688202	Reach with cursor
421.43646717071533	10	0.2517857142857143	-7.3857142857142861	0.25178571428571428	-7.3857142857142861	0	end	75	3.1058285412302489	4.2473599154688202	left	8.1058285412302489	3.2473599154688202	Reach with cursor
421.4530951976776	10	0.3357142857142857	-7.6375000000000002	0.33571428571428569	-7.6375000000000002	0	end	75	3.1058285412302489	4.2473599154688202	left	8.1058285412302489	3.2473599154688202	Reach with cursor
421.4696261882782	10	0.3636904761904762	-7.6934523809523814	0.36369047619047618	-7.6934523809523814	0	end	75	3.1058285412302489	4.2473599154688202	left	8.1058285412302489	3.2473599154688202	Reach with cursor
421.48623609542847	10	0.39166666666666666	-7.7214285714285715	0.39166666666666666	-7.7214285714285715	0	end	75	3.1058285412302489	4.2473599154688202	left	8.1058285412302489	3.2473599154688202	Reach with cursor
421.50283122062683	10	0.39166666666666666	-7.7214285714285715	0.39166666666666666	-7.7214285714285715	0	end	75	3.1058285412302489	4.2473599154688202	left	8.1058285412302489	3.2473599154688202	Reach with cursor
421.51943612098694	10	0.39166666666666666	-7.7214285714285715	0.39166666666666666	-7.7214285714285715	0	end	75	3.1058285412302489	4.2473599154688202	left	8.1058285412302489	3.2473599154688202	Reach with cursor
421.53603315353394	10	0.39166666666666666	-7.7214285714285715	0.39166666666666666	-7.7214285714285715	0	end	75	3.1058285412302489	4.2473599154688202	left	8.1058285412302489	3.2473599154688202	Reach with cursor
421.5526280403137	10	0.39166666666666666	-7.7214285714285715	0.39166666666666666	-7.7214285714285715	0	end	75	3.1058285412302489	4.2473599154688202	left	8.1058285412302489	3.2473599154688202	Reach with cursor
421.56922602653503	10	0.39166666666666666	-7.7214285714285715	0.39166666666666666	-7.7214285714285715	0	end	75	3.1058285412302489	4.2473599154688202	left	8.1058285412302489	3.2473599154688202	Reach with cursor
421.585844039917	10	0.39166666666666666	-7.7214285714285715	0.39166666666666666	-7.7214285714285715	0	end	75	3.1058285412302489	4.2473599154688202	left	8.1058285412302489	3.2473599154688202	Reach with cursor
421.60239815711975	10	0.3636904761904762	-7.6934523809523814	0.36369047619047618	-7.6934523809523814	0	end	75	3.1058285412302489	4.2473599154688202	left	8.1058285412302489	3.2473599154688202	Reach with cursor
421.61906003952026	10	0.3357142857142857	-7.6654761904761903	0.33571428571428569	-7.6654761904761903	0	end	75	3.1058285412302489	4.2473599154688202	left	8.1058285412302489	3.2473599154688202	Reach with cursor
421.6356019973755	10	0.16785714285714284	-7.4696428571428575	0.16785714285714284	-7.4696428571428575	0	end	75	3.1058285412302489	4.2473599154688202	left	8.1058285412302489	3.2473599154688202	Reach with cursor
421.6522250175476	10	-0.055952380952380955	-7.1619047619047622	-0.055952380952380955	-7.1619047619047622	0	end	75	3.1058285412302489	4.2473599154688202	left	8.1058285412302489	3.2473599154688202	Reach with cursor
421.6687891483307	10	-0.13988095238095238	-6.9380952380952383	-0.13988095238095238	-6.9380952380952383	0	end	75	3.1058285412302489	4.2473599154688202	left	8.1058285412302489	3.2473599154688202	Reach with cursor
421.685387134552	10	-0.30773809523809526	-6.4625000000000004	-0.30773809523809526	-6.4625000000000004	0	end	75	3.1058285412302489	4.2473599154688202	left	8.1058285412302489	3.2473599154688202	Reach with cursor
421.701956987381	10	-0.3636904761904762	-6.1547619047619051	-0.36369047619047618	-6.1547619047619051	0	end	75	3.1058285412302489	4.2473599154688202	left	8.1058285412302489	3.2473599154688202	Reach with cursor
421.7186210155487	10	-0.3357142857142857	-5.371428571428571	-0.33571428571428569	-5.371428571428571	0	end	75	3.1058285412302489	4.2473599154688202	left	8.1058285412302489	3.2473599154688202	Reach with cursor
421.73512721061707	10	-0.08392857142857142	-4.4202380952380951	-0.083928571428571422	-4.4202380952380951	0	end	75	3.1058285412302489	4.2473599154688202	left	8.1058285412302489	3.2473599154688202	Reach with cursor
421.7517430782318	10	0.11190476190476191	-3.8886904761904764	0.11190476190476191	-3.8886904761904764	0	end	75	3.1058285412302489	4.2473599154688202	left	8.1058285412302489	3.2473599154688202	Reach with cursor
421.7683091163635	10	0.6714285714285714	-2.6857142857142851	0.67142857142857137	-2.6857142857142855	0	end	75	3.1058285412302489	4.2473599154688202	left	8.1058285412302489	3.2473599154688202	Reach with cursor
421.7849431037903	10	1.3988095238095237	-1.4267857142857139	1.3988095238095237	-1.4267857142857143	0	end	75	3.1058285412302489	4.2473599154688202	left	8.1058285412302489	3.2473599154688202	Reach with cursor
421.80150508880615	10	1.7625	-0.89523809523809561	1.7625	-0.89523809523809528	0	end	75	3.1058285412302489	4.2473599154688202	left	8.1058285412302489	3.2473599154688202	Reach with cursor
421.8181571960449	10	2.294047619047619	-0.027976190476190155	2.2940476190476189	-0.027976190476190477	0	end	75	3.1058285412302489	4.2473599154688202	left	8.1058285412302489	3.2473599154688202	Reach with cursor
421.8346791267395	10	2.517857142857143	0.50357142857142811	2.5178571428571428	0.50357142857142856	0	end	75	3.1058285412302489	4.2473599154688202	left	8.1058285412302489	3.2473599154688202	Reach with cursor
421.85135412216187	10	2.573809523809524	0.69940476190476275	2.573809523809524	0.69940476190476186	0	end	75	3.1058285412302489	4.2473599154688202	left	8.1058285412302489	3.2473599154688202	Reach with cursor
421.8678979873657	10	2.573809523809524	1.0351190476190482	2.573809523809524	1.0351190476190477	0	end	75	3.1058285412302489	4.2473599154688202	left	8.1058285412302489	3.2473599154688202	Reach with cursor
421.88448119163513	10	2.517857142857143	1.3148809523809533	2.5178571428571428	1.3148809523809524	0	end	75	3.1058285412302489	4.2473599154688202	left	8.1058285412302489	3.2473599154688202	Reach with cursor
421.9010422229767	10	2.517857142857143	1.4267857142857139	2.5178571428571428	1.4267857142857143	0	end	75	3.1058285412302489	4.2473599154688202	left	8.1058285412302489	3.2473599154688202	Reach with cursor
421.91780614852905	10	2.517857142857143	1.706547619047619	2.5178571428571428	1.706547619047619	0	end	75	3.1058285412302489	4.2473599154688202	left	8.1058285412302489	3.2473599154688202	Reach with cursor
421.9342951774597	10	2.573809523809524	1.9023809523809518	2.573809523809524	1.9023809523809523	0	end	75	3.1058285412302489	4.2473599154688202	left	8.1058285412302489	3.2473599154688202	Reach with cursor
421.9508671760559	10	2.601785714285714	1.9863095238095241	2.6017857142857141	1.9863095238095239	0	end	75	3.1058285412302489	4.2473599154688202	left	8.1058285412302489	3.2473599154688202	Reach with cursor
421.96747303009033	10	2.6297619047619047	2.0982142857142847	2.6297619047619047	2.0982142857142856	0	end	75	3.1058285412302489	4.2473599154688202	left	8.1058285412302489	3.2473599154688202	Reach with cursor
421.9840941429138	10	2.6577380952380953	2.1541666666666668	2.6577380952380953	2.1541666666666668	0	end	75	3.1058285412302489	4.2473599154688202	left	8.1058285412302489	3.2473599154688202	Reach with cursor
422.000648021698	10	2.6297619047619047	2.1821428571428569	2.6297619047619047	2.1821428571428569	0	end	75	3.1058285412302489	4.2473599154688202	left	8.1058285412302489	3.2473599154688202	Reach with cursor
422.0173590183258	10	2.573809523809524	2.2660714285714292	2.573809523809524	2.2660714285714287	0	end	75	3.1058285412302489	4.2473599154688202	left	8.1058285412302489	3.2473599154688202	Reach with cursor
422.0338571071625	10	2.517857142857143	2.3779761904761898	2.5178571428571428	2.3779761904761907	0	end	75	3.1058285412302489	4.2473599154688202	left	8.1058285412302489	3.2473599154688202	Reach with cursor
422.0504660606384	10	2.489880952380952	2.461904761904762	2.4898809523809522	2.461904761904762	0	end	75	3.1058285412302489	4.2473599154688202	left	8.1058285412302489	3.2473599154688202	Reach with cursor
422.0670301914215	10	2.489880952380952	2.6297619047619047	2.4898809523809522	2.6297619047619047	0	end	75	3.1058285412302489	4.2473599154688202	left	8.1058285412302489	3.2473599154688202	Reach with cursor
422.0836009979248	10	2.489880952380952	2.7136904761904752	2.4898809523809522	2.7136904761904761	0	end	75	3.1058285412302489	4.2473599154688202	left	8.1058285412302489	3.2473599154688202	Reach with cursor
422.1002290248871	10	2.5458333333333334	2.9095238095238098	2.5458333333333334	2.9095238095238094	0	end	75	3.1058285412302489	4.2473599154688202	left	8.1058285412302489	3.2473599154688202	Reach with cursor
422.11684703826904	10	2.6857142857142855	3.1333333333333329	2.6857142857142855	3.1333333333333333	0	end	75	3.1058285412302489	4.2473599154688202	left	8.1058285412302489	3.2473599154688202	Reach with cursor
422.1334571838379	10	2.9095238095238094	3.3851190476190478	2.9095238095238094	3.3851190476190478	0	end	75	3.1058285412302489	4.2473599154688202	left	8.1058285412302489	3.2473599154688202	Reach with cursor
422.1500060558319	10	3.049404761904762	3.4970238095238102	3.049404761904762	3.4970238095238093	0	end	75	3.1058285412302489	4.2473599154688202	left	8.1058285412302489	3.2473599154688202	Reach with cursor
422.1665940284729	10	3.357142857142857	3.6928571428571431	3.3571428571428572	3.6928571428571431	0	end	75	3.1058285412302489	4.2473599154688202	left	8.1058285412302489	3.2473599154688202	Reach with cursor
422.1832129955292	10	3.525	3.7767857142857153	3.5249999999999999	3.7767857142857144	0	end	75	3.1058285412302489	4.2473599154688202	left	8.1058285412302489	3.2473599154688202	Reach with cursor
422.19981122016907	10	3.748809523809524	3.8886904761904759	3.7488095238095238	3.8886904761904764	0	end	75	3.1058285412302489	4.2473599154688202	left	8.1058285412302489	3.2473599154688202	Reach with cursor
422.2163791656494	10	3.832738095238095	3.9726190476190482	3.8327380952380952	3.9726190476190477	0	end	75	3.1058285412302489	4.2473599154688202	left	8.1058285412302489	3.2473599154688202	Reach with cursor
422.23297810554504	10	3.8886904761904764	4.0005952380952383	3.8886904761904764	4.0005952380952383	0	end	75	3.1058285412302489	4.2473599154688202	left	8.1058285412302489	3.2473599154688202	Reach with cursor
422.249596118927	10	3.8886904761904764	4.0285714285714285	3.8886904761904764	4.0285714285714285	0	end	75	3.1058285412302489	4.2473599154688202	left	8.1058285412302489	3.2473599154688202	Reach with cursor
422.2661621570587	10	3.8886904761904764	4.0285714285714285	3.8886904761904764	4.0285714285714285	0	end	75	3.1058285412302489	4.2473599154688202	left	8.1058285412302489	3.2473599154688202	Reach with cursor
422.2827410697937	10	3.8886904761904764	4.0565476190476186	3.8886904761904764	4.0565476190476186	0	end	75	3.1058285412302489	4.2473599154688202	left	8.1058285412302489	3.2473599154688202	Reach with cursor
422.29936003685	10	3.9166666666666665	4.0565476190476186	3.9166666666666665	4.0565476190476186	0	end	75	3.1058285412302489	4.2473599154688202	left	8.1058285412302489	3.2473599154688202	Reach with cursor
422.31599020957947	10	3.944642857142857	4.0565476190476186	3.9446428571428571	4.0565476190476186	0	end	75	3.1058285412302489	4.2473599154688202	left	8.1058285412302489	3.2473599154688202	Reach with cursor
422.3325471878052	10	3.9726190476190477	4.0565476190476186	3.9726190476190477	4.0565476190476186	0	end	75	3.1058285412302489	4.2473599154688202	left	8.1058285412302489	3.2473599154688202	Reach with cursor
422.3490982055664	10	3.9726190476190477	4.0565476190476186	3.9726190476190477	4.0565476190476186	0	end	75	3.1058285412302489	4.2473599154688202	left	8.1058285412302489	3.2473599154688202	Reach with cursor
422.3656690120697	10	3.944642857142857	4.0565476190476186	3.9446428571428571	4.0565476190476186	0	end	75	3.1058285412302489	4.2473599154688202	left	8.1058285412302489	3.2473599154688202	Reach with cursor
422.38234210014343	10	3.944642857142857	4.0565476190476186	3.9446428571428571	4.0565476190476186	0	end	75	3.1058285412302489	4.2473599154688202	left	8.1058285412302489	3.2473599154688202	Reach with cursor
422.39891505241394	10	3.9166666666666665	4.0285714285714285	3.9166666666666665	4.0285714285714285	0	end	75	3.1058285412302489	4.2473599154688202	left	8.1058285412302489	3.2473599154688202	Reach with cursor
422.41551399230957	10	3.8607142857142858	4.0285714285714285	3.8607142857142858	4.0285714285714285	0	end	75	3.1058285412302489	4.2473599154688202	left	8.1058285412302489	3.2473599154688202	Reach with cursor
422.43215799331665	10	3.832738095238095	4.0565476190476186	3.8327380952380952	4.0565476190476186	0	end	75	3.1058285412302489	4.2473599154688202	left	8.1058285412302489	3.2473599154688202	Reach with cursor
422.4487111568451	10	3.8047619047619046	4.0565476190476186	3.8047619047619046	4.0565476190476186	0	end	75	3.1058285412302489	4.2473599154688202	left	8.1058285412302489	3.2473599154688202	Reach with cursor
422.4653000831604	10	3.748809523809524	4.0565476190476186	3.7488095238095238	4.0565476190476186	0	end	75	3.1058285412302489	4.2473599154688202	left	8.1058285412302489	3.2473599154688202	Reach with cursor
422.4818730354309	10	3.720833333333333	4.0565476190476186	3.7208333333333332	4.0565476190476186	0	end	75	3.1058285412302489	4.2473599154688202	left	8.1058285412302489	3.2473599154688202	Reach with cursor
422.4984860420227	10	3.692857142857143	4.0565476190476186	3.6928571428571431	4.0565476190476186	0	end	75	3.1058285412302489	4.2473599154688202	left	8.1058285412302489	3.2473599154688202	Reach with cursor
422.51509499549866	10	3.636904761904762	4.0565476190476186	3.6369047619047619	4.0565476190476186	0	end	75	3.1058285412302489	4.2473599154688202	left	8.1058285412302489	3.2473599154688202	Reach with cursor
422.53173899650574	10	3.6089285714285713	4.0565476190476186	3.6089285714285713	4.0565476190476186	0	end	75	3.1058285412302489	4.2473599154688202	left	8.1058285412302489	3.2473599154688202	Reach with cursor
422.548287153244	10	3.525	4.0845238095238088	3.5249999999999999	4.0845238095238097	0	end	75	3.1058285412302489	4.2473599154688202	left	8.1058285412302489	3.2473599154688202	Reach with cursor
422.5648651123047	10	3.413095238095238	4.0845238095238088	3.413095238095238	4.0845238095238097	0	end	75	3.1058285412302489	4.2473599154688202	left	8.1058285412302489	3.2473599154688202	Reach with cursor
422.5814960002899	10	3.3291666666666666	4.1125000000000007	3.3291666666666666	4.1124999999999998	0	end	75	3.1058285412302489	4.2473599154688202	left	8.1058285412302489	3.2473599154688202	Reach with cursor
422.59803199768066	10	3.1053571428571427	4.1404761904761909	3.1053571428571427	4.1404761904761909	0	end	75	3.1058285412302489	4.2473599154688202	left	8.1058285412302489	3.2473599154688202	Reach with cursor
422.6146411895752	10	2.825595238095238	4.1404761904761909	2.825595238095238	4.1404761904761909	0	end	75	3.1058285412302489	4.2473599154688202	left	8.1058285412302489	3.2473599154688202	Reach with cursor
422.6313011646271	10	2.6577380952380953	4.1404761904761909	2.6577380952380953	4.1404761904761909	0	end	75	3.1058285412302489	4.2473599154688202	left	8.1058285412302489	3.2473599154688202	Reach with cursor
422.64786100387573	10	2.3779761904761907	4.1404761904761909	2.3779761904761907	4.1404761904761909	0	end	75	3.1058285412302489	4.2473599154688202	left	8.1058285412302489	3.2473599154688202	Reach with cursor
422.6644220352173	10	2.182142857142857	4.1404761904761909	2.1821428571428569	4.1404761904761909	0	end	75	3.1058285412302489	4.2473599154688202	left	8.1058285412302489	3.2473599154688202	Reach with cursor
422.68100810050964	10	2.126190476190476	4.1404761904761909	2.1261904761904762	4.1404761904761909	0	end	75	3.1058285412302489	4.2473599154688202	left	8.1058285412302489	3.2473599154688202	Reach with cursor
422.69761514663696	10	2.0702380952380954	4.1404761904761909	2.0702380952380954	4.1404761904761909	0	end	75	3.1058285412302489	4.2473599154688202	left	8.1058285412302489	3.2473599154688202	Reach with cursor
422.7142131328583	10	2.0982142857142856	4.1404761904761909	2.0982142857142856	4.1404761904761909	0	end	75	3.1058285412302489	4.2473599154688202	left	8.1058285412302489	3.2473599154688202	Reach with cursor
422.7309761047363	10	2.0982142857142856	4.1404761904761909	2.0982142857142856	4.1404761904761909	0	end	75	3.1058285412302489	4.2473599154688202	left	8.1058285412302489	3.2473599154688202	Reach with cursor
422.747376203537	10	2.154166666666667	4.1404761904761909	2.1541666666666668	4.1404761904761909	0	end	75	3.1058285412302489	4.2473599154688202	left	8.1058285412302489	3.2473599154688202	Reach with cursor
422.7639870643616	10	2.2101190476190475	4.168452380952381	2.2101190476190475	4.168452380952381	0	end	75	3.1058285412302489	4.2473599154688202	left	8.1058285412302489	3.2473599154688202	Reach with cursor
422.78061604499817	10	2.35	4.1964285714285712	2.3500000000000001	4.1964285714285712	0	end	75	3.1058285412302489	4.2473599154688202	left	8.1058285412302489	3.2473599154688202	Reach with cursor
422.79718017578125	10	2.489880952380952	4.1964285714285712	2.4898809523809522	4.1964285714285712	0	end	75	3.1058285412302489	4.2473599154688202	left	8.1058285412302489	3.2473599154688202	Reach with cursor
422.8137550354004	10	2.5458333333333334	4.2244047619047613	2.5458333333333334	4.2244047619047622	0	end	75	3.1058285412302489	4.2473599154688202	left	8.1058285412302489	3.2473599154688202	Reach with cursor
422.8304841518402	10	2.6297619047619047	4.2244047619047613	2.6297619047619047	4.2244047619047622	0	end	75	3.1058285412302489	4.2473599154688202	left	8.1058285412302489	3.2473599154688202	Reach with cursor
422.8469910621643	10	2.6577380952380953	4.2523809523809533	2.6577380952380953	4.2523809523809524	0	end	75	3.1058285412302489	4.2473599154688202	left	8.1058285412302489	3.2473599154688202	Reach with cursor
422.8635070323944	10	2.6577380952380953	4.2523809523809533	2.6577380952380953	4.2523809523809524	0	end	75	3.1058285412302489	4.2473599154688202	left	8.1058285412302489	3.2473599154688202	Reach with cursor
422.8801472187042	10	2.6857142857142855	4.2523809523809533	2.6857142857142855	4.2523809523809524	0	end	75	3.1058285412302489	4.2473599154688202	left	8.1058285412302489	3.2473599154688202	Reach with cursor
422.8967490196228	10	2.7136904761904761	4.2523809523809533	2.7136904761904761	4.2803571428571425	0	end	75	3.1058285412302489	4.2473599154688202	left	8.1058285412302489	3.2473599154688202	Reach with cursor
422.91335916519165	10	2.7136904761904761	4.2523809523809533	2.7136904761904761	4.2803571428571425	0	end	75	3.1058285412302489	4.2473599154688202	left	8.1058285412302489	3.2473599154688202	Reach with cursor
422.9299261569977	10	2.7416666666666667	4.2523809523809533	2.7416666666666667	4.2803571428571425	0	end	75	3.1058285412302489	4.2473599154688202	left	8.1058285412302489	3.2473599154688202	Reach with cursor
422.94656205177307	10	2.7696428571428573	4.2523809523809533	2.7696428571428573	4.3083333333333336	0	end	75	3.1058285412302489	4.2473599154688202	left	8.1058285412302489	3.2473599154688202	Reach with cursor
422.9631290435791	10	2.7696428571428573	4.2523809523809533	2.7696428571428573	4.3083333333333336	0	end	75	3.1058285412302489	4.2473599154688202	left	8.1058285412302489	3.2473599154688202	Reach with cursor
422.9797260761261	10	2.7976190476190474	4.2523809523809533	2.7976190476190474	4.3363095238095237	0	end	75	3.1058285412302489	4.2473599154688202	left	8.1058285412302489	3.2473599154688202	Reach with cursor
422.996306180954	10	2.7976190476190474	4.2523809523809533	2.7976190476190474	4.3363095238095237	0	end	75	3.1058285412302489	4.2473599154688202	left	8.1058285412302489	3.2473599154688202	Reach with cursor
423.01287508010864	10	2.7976190476190474	4.2523809523809533	2.7976190476190474	4.3363095238095237	0	end	75	3.1058285412302489	4.2473599154688202	left	8.1058285412302489	3.2473599154688202	Reach with cursor
423.0294771194458	10	2.825595238095238	4.2523809523809533	2.825595238095238	4.3642857142857139	0	end	75	3.1058285412302489	4.2473599154688202	left	8.1058285412302489	3.2473599154688202	Reach with cursor
423.04611706733704	10	2.825595238095238	4.2523809523809533	2.825595238095238	4.3642857142857139	0	end	75	3.1058285412302489	4.2473599154688202	left	8.1058285412302489	3.2473599154688202	Reach with cursor
423.06268405914307	10	2.825595238095238	4.2523809523809533	2.825595238095238	4.3642857142857139	0	end	75	3.1058285412302489	4.2473599154688202	left	8.1058285412302489	3.2473599154688202	Reach with cursor
423.0792660713196	10	2.825595238095238	4.2523809523809533	2.825595238095238	4.3642857142857139	0	end	75	3.1058285412302489	4.2473599154688202	left	8.1058285412302489	3.2473599154688202	Reach with cursor
423.09585905075073	10	2.825595238095238	4.2523809523809533	2.825595238095238	4.3642857142857139	0	end	75	3.1058285412302489	4.2473599154688202	left	8.1058285412302489	3.2473599154688202	Reach with cursor
423.11241722106934	10	2.8535714285714286	4.2523809523809533	2.8535714285714286	4.3642857142857139	0	end	75	3.1058285412302489	4.2473599154688202	left	8.1058285412302489	3.2473599154688202	Reach with cursor
423.1290671825409	10	2.8535714285714286	4.2523809523809533	2.8535714285714286	4.3642857142857139	0	end	75	3.1058285412302489	4.2473599154688202	left	8.1058285412302489	3.2473599154688202	Reach with cursor
423.1456952095032	10	2.8535714285714286	4.2523809523809533	2.8535714285714286	4.3642857142857139	0	end	75	3.1058285412302489	4.2473599154688202	left	8.1058285412302489	3.2473599154688202	Reach with cursor
423.16225004196167	10	2.8535714285714286	4.2523809523809533	2.8535714285714286	4.3642857142857139	0	end	75	3.1058285412302489	4.2473599154688202	left	8.1058285412302489	3.2473599154688202	Reach with cursor
423.1788601875305	10	2.8535714285714286	4.2523809523809533	2.8535714285714286	4.3642857142857139	0	end	75	3.1058285412302489	4.2473599154688202	left	8.1058285412302489	3.2473599154688202	Reach with cursor
423.1954290866852	10	2.8535714285714286	4.2523809523809533	2.8535714285714286	4.3642857142857139	0	end	75	3.1058285412302489	4.2473599154688202	left	8.1058285412302489	3.2473599154688202	Reach with cursor
423.2120280265808	10	2.9095238095238094	4.2523809523809533	2.9095238095238094	4.3922619047619049	0	end	75	3.1058285412302489	4.2473599154688202	left	8.1058285412302489	3.2473599154688202	Reach with cursor
423.2286071777344	10	3.1333333333333333	4.2523809523809533	3.1333333333333333	4.4202380952380951	0	end	75	3.1058285412302489	4.2473599154688202	left	8.1058285412302489	3.2473599154688202	Reach with cursor
423.24527406692505	10	3.5809523809523811	4.2523809523809533	3.5809523809523811	4.4202380952380951	0	end	75	3.1058285412302489	4.2473599154688202	left	8.1058285412302489	3.2473599154688202	Reach with cursor
423.26181721687317	10	3.9166666666666665	4.2523809523809533	3.9166666666666665	4.4202380952380951	0	end	75	3.1058285412302489	4.2473599154688202	left	8.1058285412302489	3.2473599154688202	Reach with cursor
423.2783942222595	10	4.644047619047619	4.2523809523809533	4.644047619047619	4.3922619047619049	0	end	75	3.1058285412302489	4.2473599154688202	left	8.1058285412302489	3.2473599154688202	Reach with cursor
423.2949821949005	10	5.0357142857142856	4.2523809523809533	5.0357142857142856	4.3642857142857139	0	end	75	3.1058285412302489	4.2473599154688202	left	8.1058285412302489	3.2473599154688202	Reach with cursor
423.3116672039032	10	5.8190476190476188	4.2523809523809533	5.8190476190476188	4.3083333333333336	0	end	75	3.1058285412302489	4.2473599154688202	left	8.1058285412302489	3.2473599154688202	Reach with cursor
423.32819509506226	10	6.406547619047619	4.2523809523809533	6.4065476190476192	4.2523809523809524	0	end	75	3.1058285412302489	4.2473599154688202	left	8.1058285412302489	3.2473599154688202	Reach with cursor
423.3448181152344	10	6.686309523809523	4.2244047619047613	6.6863095238095234	4.2244047619047622	0	end	75	3.1058285412302489	4.2473599154688202	left	8.1058285412302489	3.2473599154688202	Reach with cursor
423.36140608787537	10	6.770238095238096	4.2244047619047613	6.7702380952380956	4.2244047619047622	0	end	75	3.1058285412302489	4.2473599154688202	left	8.1058285412302489	3.2473599154688202	Reach with cursor
423.3779921531677	10	6.854166666666667	4.2244047619047613	6.854166666666667	4.2244047619047622	0	end	75	3.1058285412302489	4.2473599154688202	left	8.1058285412302489	3.2473599154688202	Reach with cursor
423.3945550918579	10	6.910119047619047	4.1964285714285712	6.9101190476190473	4.1964285714285712	0	end	75	3.1058285412302489	4.2473599154688202	left	8.1058285412302489	3.2473599154688202	Reach with cursor
423.4111649990082	10	7.077976190476191	4.1964285714285712	7.0779761904761909	4.1964285714285712	0	end	75	3.1058285412302489	4.2473599154688202	left	8.1058285412302489	3.2473599154688202	Reach with cursor
423.4277331829071	10	7.273809523809524	4.168452380952381	7.2738095238095237	4.168452380952381	0	end	75	3.1058285412302489	4.2473599154688202	left	8.1058285412302489	3.2473599154688202	Reach with cursor
423.44435119628906	10	7.4696428571428575	4.168452380952381	7.4696428571428575	4.168452380952381	0	end	75	3.1058285412302489	4.2473599154688202	left	8.1058285412302489	3.2473599154688202	Reach with cursor
423.4609441757202	10	7.553571428571429	4.168452380952381	7.5535714285714288	4.168452380952381	0	end	75	3.1058285412302489	4.2473599154688202	left	8.1058285412302489	3.2473599154688202	Reach with cursor
423.47751903533936	10	7.66547619047619	4.1404761904761909	7.6654761904761903	4.1404761904761909	0	end	75	3.1058285412302489	4.2473599154688202	left	8.1058285412302489	3.2473599154688202	Reach with cursor
423.49410915374756	10	7.749404761904762	4.1404761904761909	7.7494047619047617	4.1404761904761909	0	end	75	3.1058285412302489	4.2473599154688202	left	8.1058285412302489	3.2473599154688202	Reach with cursor
423.5107901096344	10	7.945238095238095	4.1404761904761909	7.9452380952380954	4.1404761904761909	0	end	75	3.1058285412302489	4.2473599154688202	left	8.1058285412302489	3.2473599154688202	Reach with cursor
423.52732014656067	10	8.225	4.1404761904761909	8.2249999999999996	4.1404761904761909	0	end	75	3.1058285412302489	4.2473599154688202	left	8.1058285412302489	3.2473599154688202	Reach with cursor
423.5439682006836	10	8.364880952380952	4.1404761904761909	8.3648809523809522	4.1404761904761909	0	end	75	3.1058285412302489	4.2473599154688202	left	8.1058285412302489	3.2473599154688202	Reach with cursor
423.56049609184265	10	8.588690476190477	4.1125000000000007	8.588690476190477	4.1124999999999998	0	end	75	3.1058285412302489	4.2473599154688202	left	8.1058285412302489	3.2473599154688202	Reach with cursor
423.57707118988037	10	8.644642857142857	4.1125000000000007	8.6446428571428573	4.1124999999999998	0	end	75	3.1058285412302489	4.2473599154688202	left	8.1058285412302489	3.2473599154688202	Reach with cursor
423.5936861038208	10	8.644642857142857	4.1125000000000007	8.6446428571428573	4.1124999999999998	0	end	75	3.1058285412302489	4.2473599154688202	left	8.1058285412302489	3.2473599154688202	Reach with cursor
423.6102890968323	10	8.532738095238095	4.0845238095238088	8.5327380952380949	4.0845238095238097	0	end	75	3.1058285412302489	4.2473599154688202	left	8.1058285412302489	3.2473599154688202	Reach with cursor
423.62684202194214	10	8.336904761904762	4.0845238095238088	8.336904761904762	4.0845238095238097	0	end	75	3.1058285412302489	4.2473599154688202	left	8.1058285412302489	3.2473599154688202	Reach with cursor
423.6436071395874	10	8.19702380952381	4.0565476190476186	8.1970238095238095	4.0565476190476186	0	end	75	3.1058285412302489	4.2473599154688202	left	8.1058285412302489	3.2473599154688202	Reach with cursor
423.66004705429077	10	7.945238095238095	4.0005952380952383	7.9452380952380954	4.0005952380952383	0	end	75	3.1058285412302489	4.2473599154688202	left	8.1058285412302489	3.2473599154688202	Reach with cursor
423.6766400337219	10	7.749404761904762	3.9166666666666661	7.7494047619047617	3.9166666666666665	0	end	75	3.1058285412302489	4.2473599154688202	left	8.1058285412302489	3.2473599154688202	Reach with cursor
423.69325017929077	10	7.6375	3.8607142857142858	7.6375000000000002	3.8607142857142858	0	end	75	3.1058285412302489	4.2473599154688202	left	8.1058285412302489	3.2473599154688202	Reach with cursor
423.70982122421265	10	7.385714285714286	3.6648809523809529	7.3857142857142861	3.6648809523809525	0	end	75	3.1058285412302489	4.2473599154688202	left	8.1058285412302489	3.2473599154688202	Reach with cursor
423.7264361381531	10	7.105952380952381	3.3851190476190478	7.105952380952381	3.3851190476190478	0	end	75	3.1058285412302489	4.2473599154688202	left	8.1058285412302489	3.2473599154688202	Reach with cursor
423.74301409721375	10	6.938095238095238	3.2172619047619051	6.9380952380952383	3.2172619047619047	0	end	75	3.1058285412302489	4.2473599154688202	left	8.1058285412302489	3.2473599154688202	Reach with cursor
423.7596290111542	10	6.602380952380952	2.7976190476190474	6.602380952380952	2.7976190476190474	0	end	75	3.1058285412302489	4.2473599154688202	left	8.1058285412302489	3.2473599154688202	Reach with cursor
423.77621722221375	10	6.182738095238095	2.2660714285714292	6.1827380952380953	2.2660714285714287	0	end	75	3.1058285412302489	4.2473599154688202	left	8.1058285412302489	3.2473599154688202	Reach with cursor
423.7928011417389	10	5.90297619047619	1.9303571428571438	5.9029761904761902	1.9303571428571429	0	end	75	3.1058285412302489	4.2473599154688202	left	8.1058285412302489	3.2473599154688202	Reach with cursor
423.8094220161438	10	5.2595238095238095	1.2029761904761909	5.2595238095238095	1.2029761904761904	0	end	75	3.1058285412302489	4.2473599154688202	left	8.1058285412302489	3.2473599154688202	Reach with cursor
423.8260021209717	10	4.476190476190476	0.36369047619047645	4.4761904761904763	0.36369047619047618	0	end	75	3.1058285412302489	4.2473599154688202	left	8.1058285412302489	3.2473599154688202	Reach with cursor
423.8426260948181	10	4.08452380952381	-0.083928571428571352	4.0845238095238097	-0.083928571428571422	0	end	75	3.1058285412302489	4.2473599154688202	left	8.1058285412302489	3.2473599154688202	Reach with cursor
423.85922718048096	10	3.3291666666666666	-1.0351190476190482	3.3291666666666666	-1.0351190476190477	0	end	75	3.1058285412302489	4.2473599154688202	left	8.1058285412302489	3.2473599154688202	Reach with cursor
423.875794172287	10	2.9654761904761906	-1.4827380952380951	2.9654761904761906	-1.4827380952380953	0	end	75	3.1058285412302489	4.2473599154688202	left	8.1058285412302489	3.2473599154688202	Reach with cursor
423.89238810539246	10	2.405952380952381	-2.3220238095238095	2.4059523809523808	-2.3220238095238095	0	end	75	3.1058285412302489	4.2473599154688202	left	8.1058285412302489	3.2473599154688202	Reach with cursor
423.9090211391449	10	1.9863095238095239	-2.9934523809523803	1.9863095238095239	-2.9934523809523808	0	end	75	3.1058285412302489	4.2473599154688202	left	8.1058285412302489	3.2473599154688202	Reach with cursor
423.92556500434875	10	1.7904761904761906	-3.2732142857142854	1.7904761904761906	-3.2732142857142859	0	end	75	3.1058285412302489	4.2473599154688202	left	8.1058285412302489	3.2473599154688202	Reach with cursor
423.94218015670776	10	1.4267857142857143	-3.7767857142857144	1.4267857142857143	-3.7767857142857144	0	end	75	3.1058285412302489	4.2473599154688202	left	8.1058285412302489	3.2473599154688202	Reach with cursor
423.95879316329956	10	1.0910714285714285	-4.168452380952381	1.0910714285714285	-4.168452380952381	0	end	75	3.1058285412302489	4.2473599154688202	left	8.1058285412302489	3.2473599154688202	Reach with cursor
423.9753830432892	10	0.9511904761904761	-4.3083333333333336	0.95119047619047614	-4.3083333333333336	0	end	75	3.1058285412302489	4.2473599154688202	left	8.1058285412302489	3.2473599154688202	Reach with cursor
423.9919490814209	10	0.7833333333333333	-4.5321428571428575	0.78333333333333333	-4.5321428571428575	0	end	75	3.1058285412302489	4.2473599154688202	left	8.1058285412302489	3.2473599154688202	Reach with cursor
424.00855016708374	10	0.7273809523809524	-4.6720238095238091	0.72738095238095235	-4.6720238095238091	0	end	75	3.1058285412302489	4.2473599154688202	left	8.1058285412302489	3.2473599154688202	Reach with cursor
424.02513122558594	10	0.6994047619047619	-4.7279761904761903	0.69940476190476186	-4.7279761904761903	0	end	75	3.1058285412302489	4.2473599154688202	left	8.1058285412302489	3.2473599154688202	Reach with cursor
424.0417392253876	10	0.643452380952381	-4.8398809523809527	0.643452380952381	-4.8398809523809527	0	end	75	3.1058285412302489	4.2473599154688202	left	8.1058285412302489	3.2473599154688202	Reach with cursor
