424.0442600250244	11	0.643452380952381	-4.8398809523809527	0.643452380952381	-4.8398809523809527	0	reach_garage	105	-3.1058285412302502	4.2473599154688202	right	-0.10582854123025021	3.2473599154688202	Reach with cursor
424.0749340057373	11	0.5875	-5.0636904761904766	0.58750000000000002	-5.0636904761904766	0	reach_garage	105	-3.1058285412302502	4.2473599154688202	right	-0.10582854123025021	3.2473599154688202	Reach with cursor
424.0915081501007	11	0.5035714285714286	-5.371428571428571	0.50357142857142856	-5.371428571428571	0	reach_garage	105	-3.1058285412302502	4.2473599154688202	right	-0.10582854123025021	3.2473599154688202	Reach with cursor
424.108097076416	11	0.39166666666666666	-5.7910714285714286	0.39166666666666666	-5.7910714285714286	0	reach_garage	105	-3.1058285412302502	4.2473599154688202	right	-0.10582854123025021	3.2473599154688202	Reach with cursor
424.12468218803406	11	0.3357142857142857	-6.0148809523809526	0.33571428571428569	-6.0148809523809526	0	reach_garage	105	-3.1058285412302502	4.2473599154688202	right	-0.10582854123025021	3.2473599154688202	Reach with cursor
424.14128708839417	11	0.19583333333333333	-6.4345238095238093	0.19583333333333333	-6.4345238095238093	0	reach_garage	105	-3.1058285412302502	4.2473599154688202	right	-0.10582854123025021	3.2473599154688202	Reach with cursor
424.15791606903076	11	0.08392857142857142	-6.7702380952380956	0.083928571428571422	-6.7702380952380956	0	reach_garage	105	-3.1058285412302502	4.2473599154688202	right	-0.10582854123025021	3.2473599154688202	Reach with cursor
424.17448019981384	11	0.055952380952380955	-6.9101190476190473	0.055952380952380955	-6.9101190476190473	0	reach_garage	105	-3.1058285412302502	4.2473599154688202	right	-0.10582854123025021	3.2473599154688202	Reach with cursor
424.19107604026794	11	0.027976190476190477	-7.1339285714285712	0.027976190476190477	-7.1339285714285712	0	reach_garage	105	-3.1058285412302502	4.2473599154688202	right	-0.10582854123025021	3.2473599154688202	Reach with cursor
424.20769810676575	11	0.027976190476190477	-7.2178571428571425	0.027976190476190477	-7.2178571428571425	0	reach_garage	105	-3.1058285412302502	4.2473599154688202	right	-0.10582854123025021	3.2473599154688202	Reach with cursor
424.2242670059204	11	0.055952380952380955	-7.3857142857142861	0.055952380952380955	-7.3857142857142861	0	reach_garage	105	-3.1058285412302502	4.2473599154688202	right	-0.10582854123025021	3.2473599154688202	Reach with cursor
424.2408661842346	11	0.08392857142857142	-7.4976190476190476	0.083928571428571422	-7.4976190476190476	0	reach_garage	105	-3.1058285412302502	4.2473599154688202	right	-0.10582854123025021	3.2473599154688202	Reach with cursor
424.2574691772461	11	0.08392857142857142	-7.581547619047619	0.083928571428571422	-7.581547619047619	0	reach_garage	105	-3.1058285412302502	4.2473599154688202	right	-0.10582854123025021	3.2473599154688202	Reach with cursor
424.2740571498871	11	0.08392857142857142	-7.6095238095238091	0.083928571428571422	-7.6095238095238091	0	reach_garage	105	-3.1058285412302502	4.2473599154688202	right	-0.10582854123025021	3.2473599154688202	Reach with cursor
424.29064106941223	11	0.08392857142857142	-7.6654761904761903	0.083928571428571422	-7.6654761904761903	0	reach_garage	105	-3.1058285412302502	4.2473599154688202	right	-0.10582854123025021	3.2473599154688202	Reach with cursor
424.307275056839	11	0.08392857142857142	-7.6654761904761903	0.083928571428571422	-7.6654761904761903	0	reach_garage	105	-3.1058285412302502	4.2473599154688202	right	-0.10582854123025021	3.2473599154688202	Reach with cursor
424.3237900733948	11	0.08392857142857142	-7.6654761904761903	0.083928571428571422	-7.6654761904761903	0	reach_garage	105	-3.1058285412302502	4.2473599154688202	right	-0.10582854123025021	3.2473599154688202	Reach with cursor
424.34042620658875	11	0.08392857142857142	-7.6654761904761903	0.083928571428571422	-7.6654761904761903	0	reach_garage	105	-3.1058285412302502	4.2473599154688202	right	-0.10582854123025021	3.2473599154688202	Reach with cursor
424.357146024704	11	0.08392857142857142	-7.6654761904761903	0.083928571428571422	-7.6654761904761903	0	reach_garage	105	-3.1058285412302502	4.2473599154688202	right	-0.10582854123025021	3.2473599154688202	Reach with cursor
424.3736410140991	11	0.055952380952380955	-7.6375000000000002	0.055952380952380955	-7.6375000000000002	0	reach_garage	105	-3.1058285412302502	4.2473599154688202	right	-0.10582854123025021	3.2473599154688202	Reach with cursor
424.3901991844177	11	-0.08392857142857142	-7.4976190476190476	-0.083928571428571422	-7.4976190476190476	0	reach_garage	105	-3.1058285412302502	4.2473599154688202	right	-0.10582854123025021	3.2473599154688202	Reach with cursor
424.40679001808167	11	-0.19583333333333333	-7.3577380952380951	-0.19583333333333333	-7.3577380952380951	0	reach_garage	105	-3.1058285412302502	4.2473599154688202	right	-0.10582854123025021	3.2473599154688202	Reach with cursor
424.42339611053467	11	-0.5035714285714286	-6.9101190476190473	-0.50357142857142856	-6.9101190476190473	0	reach_garage	105	-3.1058285412302502	4.2473599154688202	right	-0.10582854123025021	3.2473599154688202	Reach with cursor
424.439982175827	11	-0.8952380952380953	-6.2386904761904765	-0.89523809523809528	-6.2386904761904765	0	reach_garage	105	-3.1058285412302502	4.2473599154688202	right	-0.10582854123025021	3.2473599154688202	Reach with cursor
424.4567081928253	11	-1.286904761904762	-5.3434523809523808	-1.286904761904762	-5.3434523809523808	0	reach_garage	105	-3.1058285412302502	4.2473599154688202	right	-0.10582854123025021	3.2473599154688202	Reach with cursor
424.4731960296631	11	-1.4827380952380953	-4.8119047619047617	-1.4827380952380953	-4.8119047619047617	0	reach_garage	105	-3.1058285412302502	4.2473599154688202	right	-0.10582854123025021	3.2473599154688202	Reach with cursor
424.48975014686584	11	-1.7345238095238096	-3.7208333333333332	-1.7345238095238096	-3.7208333333333332	0	reach_garage	105	-3.1058285412302502	4.2473599154688202	right	-0.10582854123025021	3.2473599154688202	Reach with cursor
424.5063781738281	11	-1.818452380952381	-3.1333333333333329	-1.8184523809523809	-3.1333333333333333	0	reach_garage	105	-3.1058285412302502	4.2473599154688202	right	-0.10582854123025021	3.2473599154688202	Reach with cursor
424.5229980945587	11	-1.874404761904762	-2.0142857142857142	-1.8744047619047619	-2.0142857142857142	0	reach_garage	105	-3.1058285412302502	4.2473599154688202	right	-0.10582854123025021	3.2473599154688202	Reach with cursor
424.53954815864563	11	-1.8464285714285715	-1.0630952380952383	-1.8464285714285715	-1.0630952380952381	0	reach_garage	105	-3.1058285412302502	4.2473599154688202	right	-0.10582854123025021	3.2473599154688202	Reach with cursor
424.5561511516571	11	-1.8464285714285715	-0.69940476190476186	-1.8464285714285715	-0.69940476190476186	0	reach_garage	105	-3.1058285412302502	4.2473599154688202	right	-0.10582854123025021	3.2473599154688202	Reach with cursor
424.57278418540955	11	-1.9583333333333333	-0.13988095238095255	-1.9583333333333333	-0.13988095238095238	0	reach_garage	105	-3.1058285412302502	4.2473599154688202	right	-0.10582854123025021	3.2473599154688202	Reach with cursor
424.5893440246582	11	-2.154166666666667	0.2238095238095239	-2.1541666666666668	0.22380952380952382	0	reach_garage	105	-3.1058285412302502	4.2473599154688202	right	-0.10582854123025021	3.2473599154688202	Reach with cursor
424.60592818260193	11	-2.2660714285714287	0.36369047619047645	-2.2660714285714287	0.36369047619047618	0	reach_garage	105	-3.1058285412302502	4.2473599154688202	right	-0.10582854123025021	3.2473599154688202	Reach with cursor
424.6225371360779	11	-2.4339285714285714	0.67142857142857082	-2.4339285714285714	0.67142857142857137	0	reach_garage	105	-3.1058285412302502	4.2473599154688202	right	-0.10582854123025021	3.2473599154688202	Reach with cursor
424.6391360759735	11	-2.517857142857143	0.97916666666666607	-2.5178571428571428	0.97916666666666663	0	reach_garage	105	-3.1058285412302502	4.2473599154688202	right	-0.10582854123025021	3.2473599154688202	Reach with cursor
424.6557240486145	11	-2.517857142857143	1.1470238095238088	-2.5178571428571428	1.1470238095238094	0	reach_garage	105	-3.1058285412302502	4.2473599154688202	right	-0.10582854123025021	3.2473599154688202	Reach with cursor
424.6723701953888	11	-2.489880952380952	1.454761904761904	-2.4898809523809522	1.4547619047619047	0	reach_garage	105	-3.1058285412302502	4.2473599154688202	right	-0.10582854123025021	3.2473599154688202	Reach with cursor
424.68893098831177	11	-2.461904761904762	1.706547619047619	-2.461904761904762	1.706547619047619	0	reach_garage	105	-3.1058285412302502	4.2473599154688202	right	-0.10582854123025021	3.2473599154688202	Reach with cursor
424.705530166626	11	-2.4339285714285714	1.8464285714285715	-2.4339285714285714	1.8464285714285715	0	reach_garage	105	-3.1058285412302502	4.2473599154688202	right	-0.10582854123025021	3.2473599154688202	Reach with cursor
424.7221121788025	11	-2.405952380952381	2.0702380952380963	-2.4059523809523808	2.0702380952380954	0	reach_garage	105	-3.1058285412302502	4.2473599154688202	right	-0.10582854123025021	3.2473599154688202	Reach with cursor
424.7386770248413	11	-2.3779761904761907	2.2940476190476193	-2.3779761904761907	2.2940476190476189	0	reach_garage	105	-3.1058285412302502	4.2473599154688202	right	-0.10582854123025021	3.2473599154688202	Reach with cursor
424.755264043808	11	-2.3220238095238095	2.4339285714285719	-2.3220238095238095	2.4339285714285714	0	reach_garage	105	-3.1058285412302502	4.2473599154688202	right	-0.10582854123025021	3.2473599154688202	Reach with cursor
424.7718970775604	11	-2.2660714285714287	2.6577380952380949	-2.2660714285714287	2.6577380952380953	0	reach_garage	105	-3.1058285412302502	4.2473599154688202	right	-0.10582854123025021	3.2473599154688202	Reach with cursor
424.7884430885315	11	-2.238095238095238	2.8255952380952376	-2.2380952380952381	2.825595238095238	0	reach_garage	105	-3.1058285412302502	4.2473599154688202	right	-0.10582854123025021	3.2473599154688202	Reach with cursor
424.8050470352173	11	-2.238095238095238	2.9095238095238098	-2.2380952380952381	2.9095238095238094	0	reach_garage	105	-3.1058285412302502	4.2473599154688202	right	-0.10582854123025021	3.2473599154688202	Reach with cursor
424.82164001464844	11	-2.2660714285714287	3.0494047619047624	-2.2660714285714287	3.049404761904762	0	reach_garage	105	-3.1058285412302502	4.2473599154688202	right	-0.10582854123025021	3.2473599154688202	Reach with cursor
424.8382601737976	11	-2.294047619047619	3.1613095238095248	-2.2940476190476189	3.1613095238095239	0	reach_garage	105	-3.1058285412302502	4.2473599154688202	right	-0.10582854123025021	3.2473599154688202	Reach with cursor
424.85483717918396	11	-2.294047619047619	3.2172619047619051	-2.2940476190476189	3.2172619047619047	0	reach_garage	105	-3.1058285412302502	4.2473599154688202	right	-0.10582854123025021	3.2473599154688202	Reach with cursor
424.87147998809814	11	-2.3220238095238095	3.3011904761904756	-2.3220238095238095	3.301190476190476	0	reach_garage	105	-3.1058285412302502	4.2473599154688202	right	-0.10582854123025021	3.2473599154688202	Reach with cursor
424.88805413246155	11	-2.3220238095238095	3.3571428571428577	-2.3220238095238095	3.3571428571428572	0	reach_garage	105	-3.1058285412302502	4.2473599154688202	right	-0.10582854123025021	3.2473599154688202	Reach with cursor
424.90465116500854	11	-2.3220238095238095	3.413095238095238	-2.3220238095238095	3.413095238095238	0	reach_garage	105	-3.1058285412302502	4.2473599154688202	right	-0.10582854123025021	3.2473599154688202	Reach with cursor
424.92120814323425	11	-2.35	3.4410714285714281	-2.3500000000000001	3.4410714285714286	0	reach_garage	105	-3.1058285412302502	4.2473599154688202	right	-0.10582854123025021	3.2473599154688202	Reach with cursor
424.93780612945557	11	-2.405952380952381	3.4970238095238102	-2.4059523809523808	3.4970238095238093	0	reach_garage	105	-3.1058285412302502	4.2473599154688202	right	-0.10582854123025021	3.2473599154688202	Reach with cursor
424.95439100265503	11	-2.4339285714285714	3.4970238095238102	-2.4339285714285714	3.4970238095238093	0	reach_garage	105	-3.1058285412302502	4.2473599154688202	right	-0.10582854123025021	3.2473599154688202	Reach with cursor
424.9710030555725	11	-2.517857142857143	3.5529761904761905	-2.5178571428571428	3.5529761904761905	0	reach_garage	105	-3.1058285412302502	4.2473599154688202	right	-0.10582854123025021	3.2473599154688202	Reach with cursor
424.98760199546814	11	-2.5458333333333334	3.5809523809523807	-2.5458333333333334	3.5809523809523811	0	reach_garage	105	-3.1058285412302502	4.2473599154688202	right	-0.10582854123025021	3.2473599154688202	Reach with cursor
425.00416707992554	11	-2.6297619047619047	3.6369047619047628	-2.6297619047619047	3.6369047619047619	0	reach_garage	105	-3.1058285412302502	4.2473599154688202	right	-0.10582854123025021	3.2473599154688202	Reach with cursor
425.0207710266113	11	-2.713690476190476	3.6928571428571431	-2.7136904761904761	3.6928571428571431	0	reach_garage	105	-3.1058285412302502	4.2473599154688202	right	-0.10582854123025021	3.2473599154688202	Reach with cursor
425.0373730659485	11	-2.7976190476190474	3.7767857142857153	-2.7976190476190474	3.7767857142857144	0	reach_garage	105	-3.1058285412302502	4.2473599154688202	right	-0.10582854123025021	3.2473599154688202	Reach with cursor
425.05398511886597	11	-2.8535714285714286	3.8047619047619037	-2.8535714285714286	3.8047619047619046	0	reach_garage	105	-3.1058285412302502	4.2473599154688202	right	-0.10582854123025021	3.2473599154688202	Reach with cursor
425.0705711841583	11	-2.9095238095238094	3.8607142857142858	-2.9095238095238094	3.8607142857142858	0	reach_garage	105	-3.1058285412302502	4.2473599154688202	right	-0.10582854123025021	3.2473599154688202	Reach with cursor
425.08709812164307	11	-2.9375	3.8607142857142858	-2.9375	3.8607142857142858	0	reach_garage	105	-3.1058285412302502	4.2473599154688202	right	-0.10582854123025021	3.2473599154688202	Reach with cursor
425.10376620292664	11	-2.9654761904761906	3.9166666666666661	-2.9654761904761906	3.9166666666666665	0	reach_garage	105	-3.1058285412302502	4.2473599154688202	right	-0.10582854123025021	3.2473599154688202	Reach with cursor
425.1203730106354	11	-2.9934523809523808	3.9166666666666661	-2.9934523809523808	3.9166666666666665	0	reach_garage	105	-3.1058285412302502	4.2473599154688202	right	-0.10582854123025021	3.2473599154688202	Reach with cursor
425.136931180954	11	-3.0214285714285714	3.9446428571428562	-3.0214285714285714	3.9446428571428571	0	reach_garage	105	-3.1058285412302502	4.2473599154688202	right	-0.10582854123025021	3.2473599154688202	Reach with cursor
425.1535391807556	11	-3.049404761904762	3.9446428571428562	-3.049404761904762	3.9446428571428571	0	reach_garage	105	-3.1058285412302502	4.2473599154688202	right	-0.10582854123025021	3.2473599154688202	Reach with cursor
425.17028617858887	11	-3.0773809523809526	3.9726190476190482	-3.0773809523809526	3.9726190476190477	0	reach_garage	105	-3.1058285412302502	4.2473599154688202	right	-0.10582854123025021	3.2473599154688202	Reach with cursor
425.18672704696655	11	-3.0773809523809526	3.9726190476190482	-3.0773809523809526	3.9726190476190477	0	reach_garage	105	-3.1058285412302502	4.2473599154688202	right	-0.10582854123025021	3.2473599154688202	Reach with cursor
425.20329904556274	11	-3.1053571428571427	3.9726190476190482	-3.1053571428571427	3.9726190476190477	0	reach_garage	105	-3.1058285412302502	4.2473599154688202	right	-0.10582854123025021	3.2473599154688202	Reach with cursor
425.21988701820374	11	-3.1053571428571427	3.9726190476190482	-3.1053571428571427	3.9726190476190477	0	reach_garage	105	-3.1058285412302502	4.2473599154688202	right	-0.10582854123025021	3.2473599154688202	Reach with cursor
425.23652720451355	11	-3.1053571428571427	3.9726190476190482	-3.1053571428571427	3.9726190476190477	0	reach_garage	105	-3.1058285412302502	4.2473599154688202	right	-0.10582854123025021	3.2473599154688202	Reach with cursor
425.2531180381775	11	-3.1053571428571427	3.9726190476190482	-3.1053571428571427	3.9726190476190477	0	reach_garage	105	-3.1058285412302502	4.2473599154688202	right	-0.10582854123025021	3.2473599154688202	Reach with cursor
425.26978302001953	11	-3.1053571428571427	3.9726190476190482	-3.1053571428571427	3.9726190476190477	0	reach_garage	105	-3.1058285412302502	4.2473599154688202	right	-0.10582854123025021	3.2473599154688202	Reach with cursor
425.2863440513611	11	-3.1053571428571427	3.9726190476190482	-3.1053571428571427	3.9726190476190477	0	reach_garage	105	-3.1058285412302502	4.2473599154688202	right	-0.10582854123025021	3.2473599154688202	Reach with cursor
425.30289220809937	11	-3.1053571428571427	3.9726190476190482	-3.1053571428571427	3.9726190476190477	0	reach_garage	105	-3.1058285412302502	4.2473599154688202	right	-0.10582854123025021	3.2473599154688202	Reach with cursor
425.3194661140442	11	-3.1053571428571427	3.9726190476190482	-3.1053571428571427	3.9726190476190477	0	reach_garage	105	-3.1058285412302502	4.2473599154688202	right	-0.10582854123025021	3.2473599154688202	Reach with cursor
425.3360471725464	11	-3.1053571428571427	3.9726190476190482	-3.1053571428571427	3.9726190476190477	0	reach_garage	105	-3.1058285412302502	4.2473599154688202	right	-0.10582854123025021	3.2473599154688202	Reach with cursor
425.35264921188354	11	-3.1053571428571427	3.9726190476190482	-3.1053571428571427	4.0005952380952383	0	reach_garage	105	-3.1058285412302502	4.2473599154688202	right	-0.10582854123025021	3.2473599154688202	Reach with cursor
425.3692800998688	11	-3.1053571428571427	3.9726190476190482	-3.1053571428571427	4.0005952380952383	0	reach_garage	105	-3.1058285412302502	4.2473599154688202	right	-0.10582854123025021	3.2473599154688202	Reach with cursor
425.3858640193939	11	-3.1053571428571427	3.9726190476190482	-3.1053571428571427	4.0005952380952383	0	reach_garage	105	-3.1058285412302502	4.2473599154688202	right	-0.10582854123025021	3.2473599154688202	Reach with cursor
425.40243101119995	11	-3.1053571428571427	3.9726190476190482	-3.1053571428571427	4.0005952380952383	0	reach_garage	105	-3.1058285412302502	4.2473599154688202	right	-0.10582854123025021	3.2473599154688202	Reach with cursor
425.419025182724	11	-3.1053571428571427	3.9726190476190482	-3.1053571428571427	4.0005952380952383	0	reach_garage	105	-3.1058285412302502	4.2473599154688202	right	-0.10582854123025021	3.2473599154688202	Reach with cursor
425.43566608428955	11	-3.1053571428571427	3.9726190476190482	-3.1053571428571427	4.0005952380952383	0	reach_garage	105	-3.1058285412302502	4.2473599154688202	right	-0.10582854123025021	3.2473599154688202	Reach with cursor
425.4522180557251	11	-3.1053571428571427	3.9726190476190482	-3.1053571428571427	4.0005952380952383	0	reach_garage	105	-3.1058285412302502	4.2473599154688202	right	-0.10582854123025021	3.2473599154688202	Reach with cursor
425.4688050746918	11	-3.1053571428571427	3.9726190476190482	-3.1053571428571427	3.9726190476190477	0	reach_garage	105	-3.1058285412302502	4.2473599154688202	right	-0.10582854123025021	3.2473599154688202	Reach with cursor
425.4854691028595	11	-3.1053571428571427	3.9726190476190482	-3.1053571428571427	3.9726190476190477	0	reach_garage	105	-3.1058285412302502	4.2473599154688202	right	-0.10582854123025021	3.2473599154688202	Reach with cursor
425.5020270347595	11	-3.1053571428571427	3.9726190476190482	-3.1053571428571427	3.9726190476190477	0	reach_garage	105	-3.1058285412302502	4.2473599154688202	right	-0.10582854123025021	3.2473599154688202	Reach with cursor
425.51859617233276	11	-3.1053571428571427	3.9726190476190482	-3.1053571428571427	3.9726190476190477	0	reach_garage	105	-3.1058285412302502	4.2473599154688202	right	-0.10582854123025021	3.2473599154688202	Reach with cursor
425.5352129936218	11	-3.0773809523809526	3.9726190476190482	-3.0773809523809526	3.9446428571428571	0	reach_garage	105	-3.1058285412302502	4.2473599154688202	right	-0.10582854123025021	3.2473599154688202	Reach with cursor
425.5517752170563	11	-3.0773809523809526	3.9726190476190482	-3.0773809523809526	3.9446428571428571	0	reach_garage	105	-3.1058285412302502	4.2473599154688202	right	-0.10582854123025021	3.2473599154688202	Reach with cursor
425.56837606430054	11	-3.0773809523809526	3.9726190476190482	-3.0773809523809526	3.9446428571428571	0	reach_garage	105	-3.1058285412302502	4.2473599154688202	right	-0.10582854123025021	3.2473599154688202	Reach with cursor
425.5849940776825	11	-3.0773809523809526	3.9726190476190482	-3.0773809523809526	3.9446428571428571	0	reach_garage	105	-3.1058285412302502	4.2473599154688202	right	-0.10582854123025021	3.2473599154688202	Reach with cursor
425.601594209671	11	-3.0773809523809526	3.9726190476190482	-3.0773809523809526	3.9446428571428571	0	reach_garage	105	-3.1058285412302502	4.2473599154688202	right	-0.10582854123025021	3.2473599154688202	Reach with cursor
425.61815214157104	11	-3.0773809523809526	3.9726190476190482	-3.0773809523809526	3.9446428571428571	0	reach_garage	105	-3.1058285412302502	4.2473599154688202	right	-0.10582854123025021	3.2473599154688202	Reach with cursor
425.6347541809082	11	-3.0773809523809526	3.9726190476190482	-3.0773809523809526	3.9446428571428571	0	reach_garage	105	-3.1058285412302502	4.2473599154688202	right	-0.10582854123025021	3.2473599154688202	Reach with cursor
425.6513202190399	11	-3.0773809523809526	3.9726190476190482	-3.0773809523809526	3.9446428571428571	0	reach_garage	105	-3.1058285412302502	4.2473599154688202	right	-0.10582854123025021	3.2473599154688202	Reach with cursor
425.667937040329	11	-3.0773809523809526	3.9726190476190482	-3.0773809523809526	3.9166666666666665	0	reach_garage	105	-3.1058285412302502	4.2473599154688202	right	-0.10582854123025021	3.2473599154688202	Reach with cursor
425.68457102775574	11	-3.0773809523809526	3.9726190476190482	-3.0773809523809526	3.9166666666666665	0	reach_garage	105	-3.1058285412302502	4.2473599154688202	right	-0.10582854123025021	3.2473599154688202	Reach with cursor
425.7011580467224	11	-3.0773809523809526	3.9726190476190482	-3.0773809523809526	3.9166666666666665	0	reach_garage	105	-3.1058285412302502	4.2473599154688202	right	-0.10582854123025021	3.2473599154688202	Reach with cursor
425.7177200317383	11	-3.0773809523809526	3.9726190476190482	-3.0773809523809526	3.9166666666666665	0	reach_garage	105	-3.1058285412302502	4.2473599154688202	right	-0.10582854123025021	3.2473599154688202	Reach with cursor
425.73431301116943	11	-3.0773809523809526	3.9726190476190482	-3.0773809523809526	3.8886904761904764	0	reach_garage	105	-3.1058285412302502	4.2473599154688202	right	-0.10582854123025021	3.2473599154688202	Reach with cursor
425.7508840560913	11	-3.049404761904762	3.9726190476190482	-3.049404761904762	3.8886904761904764	0	reach_garage	105	-3.1058285412302502	4.2473599154688202	right	-0.10582854123025021	3.2473599154688202	Reach with cursor
425.7674901485443	11	-3.049404761904762	3.9726190476190482	-3.049404761904762	3.8607142857142858	0	reach_garage	105	-3.1058285412302502	4.2473599154688202	right	-0.10582854123025021	3.2473599154688202	Reach with cursor
425.7840931415558	11	-3.049404761904762	3.9726190476190482	-3.049404761904762	3.8327380952380952	0	reach_garage	105	-3.1058285412302502	4.2473599154688202	right	-0.10582854123025021	3.2473599154688202	Reach with cursor
425.8006989955902	11	-3.049404761904762	3.9726190476190482	-3.049404761904762	3.8047619047619046	0	reach_garage	105	-3.1058285412302502	4.2473599154688202	right	-0.10582854123025021	3.2473599154688202	Reach with cursor
425.8172791004181	11	-3.0773809523809526	3.9726190476190482	-3.0773809523809526	3.8047619047619046	0	reach_garage	105	-3.1058285412302502	4.2473599154688202	right	-0.10582854123025021	3.2473599154688202	Reach with cursor
425.8339011669159	11	-3.1333333333333333	3.9726190476190482	-3.1333333333333333	3.7767857142857144	0	reach_garage	105	-3.1058285412302502	4.2473599154688202	right	-0.10582854123025021	3.2473599154688202	Reach with cursor
425.8504750728607	11	-3.3571428571428572	3.9726190476190482	-3.3571428571428572	3.7488095238095238	0	reach_garage	105	-3.1058285412302502	4.2473599154688202	right	-0.10582854123025021	3.2473599154688202	Reach with cursor
425.8670451641083	11	-3.5529761904761905	3.9726190476190482	-3.5529761904761905	3.7767857142857144	0	reach_garage	105	-3.1058285412302502	4.2473599154688202	right	-0.10582854123025021	3.2473599154688202	Reach with cursor
425.88369607925415	11	-3.9726190476190477	3.9726190476190482	-3.9726190476190477	4.0565476190476186	0	reach_garage	105	-3.1058285412302502	4.2473599154688202	right	-0.10582854123025021	3.2473599154688202	Reach with cursor
425.900279045105	11	-4.3922619047619049	3.9726190476190482	-4.3922619047619049	4.5880952380952378	0	reach_garage	105	-3.1058285412302502	4.2473599154688202	right	-0.10582854123025021	3.2473599154688202	Reach with cursor
425.916864156723	11	-4.3922619047619049	3.9726190476190482	-4.3922619047619049	4.5880952380952378	0	reach_garage	105	-3.1058285412302502	4.2473599154688202	right	-0.10582854123025021	3.2473599154688202	Reach with cursor
425.9334261417389	11	-4.3922619047619049	3.9726190476190482	-4.3922619047619049	4.5880952380952378	0	reach_garage	105	-3.1058285412302502	4.2473599154688202	right	-0.10582854123025021	3.2473599154688202	Reach with cursor
425.9500241279602	11	-4.3922619047619049	3.9726190476190482	-4.3922619047619049	4.5880952380952378	0	reach_garage	105	-3.1058285412302502	4.2473599154688202	right	-0.10582854123025021	3.2473599154688202	Reach with cursor
425.9665791988373	11	-4.3922619047619049	3.9726190476190482	-4.3922619047619049	4.5880952380952378	0	reach_garage	105	-3.1058285412302502	4.2473599154688202	right	-0.10582854123025021	3.2473599154688202	Reach with cursor
425.9833221435547	11	-4.3922619047619049	3.9726190476190482	-4.3922619047619049	4.5880952380952378	0	reach_garage	105	-3.1058285412302502	4.2473599154688202	right	-0.10582854123025021	3.2473599154688202	Reach with cursor
425.9998400211334	11	-4.3922619047619049	3.9726190476190482	-4.3922619047619049	4.5880952380952378	0	reach_garage	105	-3.1058285412302502	4.2473599154688202	right	-0.10582854123025021	3.2473599154688202	Reach with cursor
426.0164132118225	11	-4.3922619047619049	3.9726190476190482	-4.3922619047619049	4.5880952380952378	0	reach_garage	105	-3.1058285412302502	4.2473599154688202	right	-0.10582854123025021	3.2473599154688202	Reach with cursor
426.0330250263214	11	-4.3922619047619049	3.9726190476190482	-4.3922619047619049	4.5880952380952378	0	reach_garage	105	-3.1058285412302502	4.2473599154688202	right	-0.10582854123025021	3.2473599154688202	Reach with cursor
426.04958415031433	11	-4.3922619047619049	3.9726190476190482	-4.3922619047619049	4.5880952380952378	0	reach_garage	105	-3.1058285412302502	4.2473599154688202	right	-0.10582854123025021	3.2473599154688202	Reach with cursor
426.0661861896515	11	-4.3922619047619049	3.9726190476190482	-4.3922619047619049	4.5880952380952378	0	reach_garage	105	-3.1058285412302502	4.2473599154688202	right	-0.10582854123025021	3.2473599154688202	Reach with cursor
426.0829300880432	11	-4.3922619047619049	3.9726190476190482	-4.3922619047619049	4.5880952380952378	0	reach_garage	105	-3.1058285412302502	4.2473599154688202	right	-0.10582854123025021	3.2473599154688202	Reach with cursor
426.09938621520996	11	-4.3922619047619049	3.9726190476190482	-4.3922619047619049	4.5880952380952378	0	reach_garage	105	-3.1058285412302502	4.2473599154688202	right	-0.10582854123025021	3.2473599154688202	Reach with cursor
426.11595010757446	11	-4.3922619047619049	3.9726190476190482	-4.3922619047619049	4.5880952380952378	0	reach_garage	105	-3.1058285412302502	4.2473599154688202	right	-0.10582854123025021	3.2473599154688202	Reach with cursor
426.132511138916	11	-4.3922619047619049	3.9726190476190482	-4.3922619047619049	4.5880952380952378	0	reach_garage	105	-3.1058285412302502	4.2473599154688202	right	-0.10582854123025021	3.2473599154688202	Reach with cursor
426.14916014671326	11	-4.3922619047619049	3.9726190476190482	-4.3922619047619049	4.5880952380952378	0	reach_garage	105	-3.1058285412302502	4.2473599154688202	right	-0.10582854123025021	3.2473599154688202	Reach with cursor
426.16576504707336	11	-4.3922619047619049	3.9726190476190482	-4.3922619047619049	4.5880952380952378	0	reach_garage	105	-3.1058285412302502	4.2473599154688202	right	-0.10582854123025021	3.2473599154688202	Reach with cursor
426.1823801994324	11	-4.3922619047619049	3.9726190476190482	-4.3922619047619049	4.5880952380952378	0	reach_garage	105	-3.1058285412302502	4.2473599154688202	right	-0.10582854123025021	3.2473599154688202	Reach with cursor
426.1989600658417	11	-4.3922619047619049	3.9726190476190482	-4.3922619047619049	4.5880952380952378	0	reach_garage	105	-3.1058285412302502	4.2473599154688202	right	-0.10582854123025021	3.2473599154688202	Reach with cursor
426.2155342102051	11	-4.3922619047619049	3.9726190476190482	-4.3922619047619049	4.5880952380952378	0	reach_garage	105	-3.1058285412302502	4.2473599154688202	right	-0.10582854123025021	3.2473599154688202	Reach with cursor
426.23212814331055	11	-4.3922619047619049	3.9726190476190482	-4.3922619047619049	4.5880952380952378	0	reach_garage	105	-3.1058285412302502	4.2473599154688202	right	-0.10582854123025021	3.2473599154688202	Reach with cursor
426.2487440109253	11	-4.3922619047619049	3.9726190476190482	-4.3922619047619049	4.5880952380952378	0	reach_garage	105	-3.1058285412302502	4.2473599154688202	right	-0.10582854123025021	3.2473599154688202	Reach with cursor
426.26531314849854	11	-4.3922619047619049	3.9726190476190482	-4.3922619047619049	4.5880952380952378	0	reach_garage	105	-3.1058285412302502	4.2473599154688202	right	-0.10582854123025021	3.2473599154688202	Reach with cursor
426.2819130420685	11	-4.3922619047619049	3.9726190476190482	-4.3922619047619049	4.5880952380952378	0	reach_garage	105	-3.1058285412302502	4.2473599154688202	right	-0.10582854123025021	3.2473599154688202	Reach with cursor
426.29855704307556	11	-4.3922619047619049	3.9726190476190482	-4.3922619047619049	4.5880952380952378	0	reach_garage	105	-3.1058285412302502	4.2473599154688202	right	-0.10582854123025021	3.2473599154688202	Reach with cursor
426.31511402130127	11	-4.3922619047619049	3.9726190476190482	-4.3922619047619049	4.5880952380952378	0	reach_garage	105	-3.1058285412302502	4.2473599154688202	right	-0.10582854123025021	3.2473599154688202	Reach with cursor
426.3316972255707	11	-4.3922619047619049	3.9726190476190482	-4.3922619047619049	4.5880952380952378	0	reach_garage	105	-3.1058285412302502	4.2473599154688202	right	-0.10582854123025021	3.2473599154688202	Reach with cursor
426.3482701778412	11	-4.3922619047619049	3.9726190476190482	-4.3922619047619049	4.5880952380952378	0	reach_garage	105	-3.1058285412302502	4.2473599154688202	right	-0.10582854123025021	3.2473599154688202	Reach with cursor
426.3649260997772	11	-4.3922619047619049	3.9726190476190482	-4.3922619047619049	4.5880952380952378	0	reach_garage	105	-3.1058285412302502	4.2473599154688202	right	-0.10582854123025021	3.2473599154688202	Reach with cursor
426.38148021698	11	-4.3922619047619049	3.9726190476190482	-4.3922619047619049	4.5880952380952378	0	reach_garage	105	-3.1058285412302502	4.2473599154688202	right	-0.10582854123025021	3.2473599154688202	Reach with cursor
426.3981101512909	11	-4.3922619047619049	3.9726190476190482	-4.3922619047619049	4.5880952380952378	0	reach_garage	105	-3.1058285412302502	4.2473599154688202	right	-0.10582854123025021	3.2473599154688202	Reach with cursor
426.41467213630676	11	-4.3922619047619049	3.9726190476190482	-4.3922619047619049	4.5880952380952378	0	reach_garage	105	-3.1058285412302502	4.2473599154688202	right	-0.10582854123025021	3.2473599154688202	Reach with cursor
426.4312632083893	11	-4.3922619047619049	3.9726190476190482	-4.3922619047619049	4.5880952380952378	0	reach_garage	105	-3.1058285412302502	4.2473599154688202	right	-0.10582854123025021	3.2473599154688202	Reach with cursor
426.4478290081024	11	-4.3922619047619049	3.9726190476190482	-4.3922619047619049	4.5880952380952378	0	reach_garage	105	-3.1058285412302502	4.2473599154688202	right	-0.10582854123025021	3.2473599154688202	Reach with cursor
426.46444821357727	11	-4.3922619047619049	3.9726190476190482	-4.3922619047619049	4.5880952380952378	0	reach_garage	105	-3.1058285412302502	4.2473599154688202	right	-0.10582854123025021	3.2473599154688202	Reach with cursor
426.4810390472412	11	-4.3922619047619049	3.9726190476190482	-4.3922619047619049	4.5880952380952378	0	reach_garage	105	-3.1058285412302502	4.2473599154688202	right	-0.10582854123025021	3.2473599154688202	Reach with cursor
426.4976291656494	11	-4.3922619047619049	3.9726190476190482	-4.3922619047619049	4.5880952380952378	0	reach_garage	105	-3.1058285412302502	4.2473599154688202	right	-0.10582854123025021	3.2473599154688202	Reach with cursor
426.5142390727997	11	-4.3922619047619049	3.9726190476190482	-4.3922619047619049	4.5880952380952378	0	reach_garage	105	-3.1058285412302502	4.2473599154688202	right	-0.10582854123025021	3.2473599154688202	Reach with cursor
426.53084421157837	11	-4.3922619047619049	3.9726190476190482	-4.3922619047619049	4.5880952380952378	0	reach_garage	105	-3.1058285412302502	4.2473599154688202	right	-0.10582854123025021	3.2473599154688202	Reach with cursor
426.5473880767822	11	-4.3922619047619049	3.9726190476190482	-4.3922619047619049	4.5880952380952378	0	reach_garage	105	-3.1058285412302502	4.2473599154688202	right	-0.10582854123025021	3.2473599154688202	Reach with cursor
426.5640721321106	11	-4.3922619047619049	3.9726190476190482	-4.3922619047619049	4.5880952380952378	0	reach_garage	105	-3.1058285412302502	4.2473599154688202	right	-0.10582854123025021	3.2473599154688202	Reach with cursor
426.580628156662	11	-4.3922619047619049	3.9726190476190482	-4.3922619047619049	4.5880952380952378	0	reach_garage	105	-3.1058285412302502	4.2473599154688202	right	-0.10582854123025021	3.2473599154688202	Reach with cursor
426.59723711013794	11	-4.3922619047619049	3.9726190476190482	-4.3922619047619049	4.5880952380952378	0	reach_garage	105	-3.1058285412302502	4.2473599154688202	right	-0.10582854123025021	3.2473599154688202	Reach with cursor
426.61380219459534	11	-4.3922619047619049	3.9726190476190482	-4.3922619047619049	4.5880952380952378	0	reach_garage	105	-3.1058285412302502	4.2473599154688202	right	-0.10582854123025021	3.2473599154688202	Reach with cursor
426.63043308258057	11	-4.3922619047619049	3.9726190476190482	-4.3922619047619049	4.5880952380952378	0	reach_garage	105	-3.1058285412302502	4.2473599154688202	right	-0.10582854123025021	3.2473599154688202	Reach with cursor
426.6469740867615	11	-4.3922619047619049	3.9726190476190482	-4.3922619047619049	4.5880952380952378	0	reach_garage	105	-3.1058285412302502	4.2473599154688202	right	-0.10582854123025021	3.2473599154688202	Reach with cursor
426.6635830402374	11	-4.3922619047619049	3.9726190476190482	-4.3922619047619049	4.5880952380952378	0	reach_garage	105	-3.1058285412302502	4.2473599154688202	right	-0.10582854123025021	3.2473599154688202	Reach with cursor
426.6801700592041	11	-4.3922619047619049	3.9726190476190482	-4.3922619047619049	4.5880952380952378	0	reach_garage	105	-3.1058285412302502	4.2473599154688202	right	-0.10582854123025021	3.2473599154688202	Reach with cursor
426.69682002067566	11	-4.3922619047619049	3.9726190476190482	-4.3922619047619049	4.5880952380952378	0	reach_garage	105	-3.1058285412302502	4.2473599154688202	right	-0.10582854123025021	3.2473599154688202	Reach with cursor
426.71337699890137	11	-4.3922619047619049	3.9726190476190482	-4.3922619047619049	4.5880952380952378	0	reach_garage	105	-3.1058285412302502	4.2473599154688202	right	-0.10582854123025021	3.2473599154688202	Reach with cursor
426.72995114326477	11	-4.3922619047619049	3.9726190476190482	-4.3922619047619049	4.5880952380952378	0	reach_garage	105	-3.1058285412302502	4.2473599154688202	right	-0.10582854123025021	3.2473599154688202	Reach with cursor
426.74653720855713	11	-4.3922619047619049	3.9726190476190482	-4.3922619047619049	4.5880952380952378	0	reach_garage	105	-3.1058285412302502	4.2473599154688202	right	-0.10582854123025021	3.2473599154688202	Reach with cursor
426.7631630897522	11	-4.3922619047619049	3.9726190476190482	-4.3922619047619049	4.5880952380952378	0	reach_garage	105	-3.1058285412302502	4.2473599154688202	right	-0.10582854123025021	3.2473599154688202	Reach with cursor
426.7797300815582	11	-4.3922619047619049	3.9726190476190482	-4.3922619047619049	4.5880952380952378	0	reach_garage	105	-3.1058285412302502	4.2473599154688202	right	-0.10582854123025021	3.2473599154688202	Reach with cursor
426.7964792251587	11	-4.3922619047619049	3.9726190476190482	-4.3922619047619049	4.5880952380952378	0	reach_garage	105	-3.1058285412302502	4.2473599154688202	right	-0.10582854123025021	3.2473599154688202	Reach with cursor
426.81293416023254	11	-4.3922619047619049	3.9726190476190482	-4.3922619047619049	4.5880952380952378	0	reach_garage	105	-3.1058285412302502	4.2473599154688202	right	-0.10582854123025021	3.2473599154688202	Reach with cursor
426.82954812049866	11	-4.3922619047619049	3.9726190476190482	-4.3922619047619049	4.5880952380952378	0	reach_garage	105	-3.1058285412302502	4.2473599154688202	right	-0.10582854123025021	3.2473599154688202	Reach with cursor
426.8460931777954	11	-4.3922619047619049	3.9726190476190482	-4.3922619047619049	4.5880952380952378	0	reach_garage	105	-3.1058285412302502	4.2473599154688202	right	-0.10582854123025021	3.2473599154688202	Reach with cursor
426.8626651763916	11	-4.3922619047619049	3.9726190476190482	-4.3922619047619049	4.5880952380952378	0	reach_garage	105	-3.1058285412302502	4.2473599154688202	right	-0.10582854123025021	3.2473599154688202	Reach with cursor
