775.323587179184	2	1.2029761904761904	-4.895833333333333	1.2029761904761904	-4.895833333333333	0	end	90	7.3478807948841188e-16	4.65625	right	5.0000000000000009	3.65625	Reach with cursor
775.3541281223297	2	1.3988095238095237	-5.4833333333333334	1.3988095238095237	-5.4833333333333334	0	end	90	7.3478807948841188e-16	4.65625	right	5.0000000000000009	3.65625	Reach with cursor
775.370637178421	2	1.4547619047619047	-5.6511904761904761	1.4547619047619047	-5.6511904761904761	0	end	90	7.3478807948841188e-16	4.65625	right	5.0000000000000009	3.65625	Reach with cursor
775.3872330188751	2	1.5107142857142857	-5.875	1.5107142857142857	-5.875	0	end	90	7.3478807948841188e-16	4.65625	right	5.0000000000000009	3.65625	Reach with cursor
775.4038209915161	2	1.5386904761904763	-6.0428571428571427	1.5386904761904763	-6.0428571428571427	0	end	90	7.3478807948841188e-16	4.65625	right	5.0000000000000009	3.65625	Reach with cursor
775.4203751087189	2	1.5666666666666667	-6.1547619047619051	1.5666666666666667	-6.1547619047619051	0	end	90	7.3478807948841188e-16	4.65625	right	5.0000000000000009	3.65625	Reach with cursor
775.4370050430298	2	1.5666666666666667	-6.1827380952380953	1.5666666666666667	-6.1827380952380953	0	end	90	7.3478807948841188e-16	4.65625	right	5.0000000000000009	3.65625	Reach with cursor
775.4535801410675	2	1.5666666666666667	-6.2666666666666666	1.5666666666666667	-6.2666666666666666	0	end	90	7.3478807948841188e-16	4.65625	right	5.0000000000000009	3.65625	Reach with cursor
775.4702100753784	2	1.5666666666666667	-6.2946428571428568	1.5666666666666667	-6.2946428571428568	0	end	90	7.3478807948841188e-16	4.65625	right	5.0000000000000009	3.65625	Reach with cursor
775.4867701530457	2	1.5386904761904763	-6.350595238095238	1.5386904761904763	-6.350595238095238	0	end	90	7.3478807948841188e-16	4.65625	right	5.0000000000000009	3.65625	Reach with cursor
775.5033850669861	2	1.5107142857142857	-6.4345238095238093	1.5107142857142857	-6.4345238095238093	0	end	90	7.3478807948841188e-16	4.65625	right	5.0000000000000009	3.65625	Reach with cursor
775.5199880599976	2	1.4267857142857143	-6.5184523809523807	1.4267857142857143	-6.5184523809523807	0	end	90	7.3478807948841188e-16	4.65625	right	5.0000000000000009	3.65625	Reach with cursor
775.5365672111511	2	1.3708333333333333	-6.5744047619047619	1.3708333333333333	-6.5744047619047619	0	end	90	7.3478807948841188e-16	4.65625	right	5.0000000000000009	3.65625	Reach with cursor
775.5531351566315	2	1.2029761904761904	-6.7422619047619046	1.2029761904761904	-6.7422619047619046	0	end	90	7.3478807948841188e-16	4.65625	right	5.0000000000000009	3.65625	Reach with cursor
775.5697820186615	2	1.0910714285714285	-6.8261904761904759	1.0910714285714285	-6.8261904761904759	0	end	90	7.3478807948841188e-16	4.65625	right	5.0000000000000009	3.65625	Reach with cursor
775.5864210128784	2	0.8952380952380953	-6.9660714285714285	0.89523809523809528	-6.9660714285714285	0	end	90	7.3478807948841188e-16	4.65625	right	5.0000000000000009	3.65625	Reach with cursor
775.6029391288757	2	0.8113095238095238	-7.0499999999999998	0.81130952380952381	-7.0499999999999998	0	end	90	7.3478807948841188e-16	4.65625	right	5.0000000000000009	3.65625	Reach with cursor
775.6195251941681	2	0.7833333333333333	-7.0499999999999998	0.78333333333333333	-7.0499999999999998	0	end	90	7.3478807948841188e-16	4.65625	right	5.0000000000000009	3.65625	Reach with cursor
775.6361110210419	2	0.7833333333333333	-7.0499999999999998	0.78333333333333333	-7.0499999999999998	0	end	90	7.3478807948841188e-16	4.65625	right	5.0000000000000009	3.65625	Reach with cursor
775.6526520252228	2	0.7833333333333333	-7.0499999999999998	0.78333333333333333	-7.0499999999999998	0	end	90	7.3478807948841188e-16	4.65625	right	5.0000000000000009	3.65625	Reach with cursor
775.6693360805511	2	0.7833333333333333	-7.0499999999999998	0.78333333333333333	-7.0499999999999998	0	end	90	7.3478807948841188e-16	4.65625	right	5.0000000000000009	3.65625	Reach with cursor
775.6859149932861	2	0.7833333333333333	-7.0499999999999998	0.78333333333333333	-7.0499999999999998	0	end	90	7.3478807948841188e-16	4.65625	right	5.0000000000000009	3.65625	Reach with cursor
775.7024931907654	2	0.7833333333333333	-6.9940476190476186	0.78333333333333333	-6.9940476190476186	0	end	90	7.3478807948841188e-16	4.65625	right	5.0000000000000009	3.65625	Reach with cursor
775.7190902233124	2	0.6714285714285714	-6.7982142857142858	0.67142857142857137	-6.7982142857142858	0	end	90	7.3478807948841188e-16	4.65625	right	5.0000000000000009	3.65625	Reach with cursor
775.7356719970703	2	0.5875	-6.5744047619047619	0.58750000000000002	-6.5744047619047619	0	end	90	7.3478807948841188e-16	4.65625	right	5.0000000000000009	3.65625	Reach with cursor
775.7522721290588	2	0.30773809523809526	-5.9309523809523812	0.30773809523809526	-5.9309523809523812	0	end	90	7.3478807948841188e-16	4.65625	right	5.0000000000000009	3.65625	Reach with cursor
775.7688210010529	2	0.13988095238095238	-5.5392857142857146	0.13988095238095238	-5.5392857142857146	0	end	90	7.3478807948841188e-16	4.65625	right	5.0000000000000009	3.65625	Reach with cursor
775.7854750156403	2	-0.13988095238095238	-4.7839285714285715	-0.13988095238095238	-4.7839285714285715	0	end	90	7.3478807948841188e-16	4.65625	right	5.0000000000000009	3.65625	Reach with cursor
775.802059173584	2	-0.2517857142857143	-4.1964285714285712	-0.25178571428571428	-4.1964285714285712	0	end	90	7.3478807948841188e-16	4.65625	right	5.0000000000000009	3.65625	Reach with cursor
775.8186650276184	2	-0.27976190476190477	-3.9726190476190477	-0.27976190476190477	-3.9726190476190477	0	end	90	7.3478807948841188e-16	4.65625	right	5.0000000000000009	3.65625	Reach with cursor
775.8352541923523	2	-0.3357142857142857	-3.5249999999999999	-0.33571428571428569	-3.5249999999999999	0	end	90	7.3478807948841188e-16	4.65625	right	5.0000000000000009	3.65625	Reach with cursor
775.8518660068512	2	-0.47559523809523807	-2.9375	-0.47559523809523807	-2.9375	0	end	90	7.3478807948841188e-16	4.65625	right	5.0000000000000009	3.65625	Reach with cursor
775.868485212326	2	-0.5595238095238095	-2.6017857142857146	-0.55952380952380953	-2.6017857142857141	0	end	90	7.3478807948841188e-16	4.65625	right	5.0000000000000009	3.65625	Reach with cursor
775.8850450515747	2	-0.7553571428571428	-1.9303571428571429	-0.75535714285714284	-1.9303571428571429	0	end	90	7.3478807948841188e-16	4.65625	right	5.0000000000000009	3.65625	Reach with cursor
775.9016211032867	2	-0.8952380952380953	-1.4267857142857139	-0.89523809523809528	-1.4267857142857143	0	end	90	7.3478807948841188e-16	4.65625	right	5.0000000000000009	3.65625	Reach with cursor
775.9182770252228	2	-0.9791666666666666	-1.2029761904761909	-0.97916666666666663	-1.2029761904761904	0	end	90	7.3478807948841188e-16	4.65625	right	5.0000000000000009	3.65625	Reach with cursor
775.934828042984	2	-1.1470238095238094	-0.81130952380952337	-1.1470238095238094	-0.81130952380952381	0	end	90	7.3478807948841188e-16	4.65625	right	5.0000000000000009	3.65625	Reach with cursor
775.9513750076294	2	-1.2589285714285714	-0.44761904761904781	-1.2589285714285714	-0.44761904761904764	0	end	90	7.3478807948841188e-16	4.65625	right	5.0000000000000009	3.65625	Reach with cursor
775.9680361747742	2	-1.3428571428571427	-0.25178571428571406	-1.3428571428571427	-0.25178571428571428	0	end	90	7.3478807948841188e-16	4.65625	right	5.0000000000000009	3.65625	Reach with cursor
775.984649181366	2	-1.4267857142857143	0.083928571428571352	-1.4267857142857143	0.083928571428571422	0	end	90	7.3478807948841188e-16	4.65625	right	5.0000000000000009	3.65625	Reach with cursor
776.00119805336	2	-1.4547619047619047	0.41964285714285676	-1.4547619047619047	0.41964285714285715	0	end	90	7.3478807948841188e-16	4.65625	right	5.0000000000000009	3.65625	Reach with cursor
776.0177960395813	2	-1.4547619047619047	0.58750000000000036	-1.4547619047619047	0.58750000000000002	0	end	90	7.3478807948841188e-16	4.65625	right	5.0000000000000009	3.65625	Reach with cursor
776.0343701839447	2	-1.3708333333333333	0.92321428571428577	-1.3708333333333333	0.92321428571428577	0	end	90	7.3478807948841188e-16	4.65625	right	5.0000000000000009	3.65625	Reach with cursor
776.0509860515594	2	-1.286904761904762	1.230952380952381	-1.286904761904762	1.230952380952381	0	end	90	7.3478807948841188e-16	4.65625	right	5.0000000000000009	3.65625	Reach with cursor
776.0677111148834	2	-1.2589285714285714	1.3988095238095237	-1.2589285714285714	1.3988095238095237	0	end	90	7.3478807948841188e-16	4.65625	right	5.0000000000000009	3.65625	Reach with cursor
776.0841920375824	2	-1.175	1.706547619047619	-1.175	1.706547619047619	0	end	90	7.3478807948841188e-16	4.65625	right	5.0000000000000009	3.65625	Reach with cursor
776.1007781028748	2	-1.0910714285714285	1.9863095238095241	-1.0910714285714285	1.9863095238095239	0	end	90	7.3478807948841188e-16	4.65625	right	5.0000000000000009	3.65625	Reach with cursor
776.11740899086	2	-1.0351190476190477	2.1261904761904766	-1.0351190476190477	2.1261904761904762	0	end	90	7.3478807948841188e-16	4.65625	right	5.0000000000000009	3.65625	Reach with cursor
776.1339590549469	2	-0.9232142857142858	2.3779761904761898	-0.92321428571428577	2.3779761904761907	0	end	90	7.3478807948841188e-16	4.65625	right	5.0000000000000009	3.65625	Reach with cursor
776.1505160331726	2	-0.8672619047619048	2.4898809523809522	-0.86726190476190479	2.4898809523809522	0	end	90	7.3478807948841188e-16	4.65625	right	5.0000000000000009	3.65625	Reach with cursor
776.1672501564026	2	-0.8113095238095238	2.7136904761904752	-0.81130952380952381	2.7136904761904761	0	end	90	7.3478807948841188e-16	4.65625	right	5.0000000000000009	3.65625	Reach with cursor
776.1838099956512	2	-0.7833333333333333	2.8815476190476197	-0.78333333333333333	2.8815476190476192	0	end	90	7.3478807948841188e-16	4.65625	right	5.0000000000000009	3.65625	Reach with cursor
776.2003412246704	2	-0.7553571428571428	3.0494047619047624	-0.75535714285714284	3.049404761904762	0	end	90	7.3478807948841188e-16	4.65625	right	5.0000000000000009	3.65625	Reach with cursor
776.2169442176819	2	-0.7553571428571428	3.1333333333333329	-0.75535714285714284	3.1333333333333333	0	end	90	7.3478807948841188e-16	4.65625	right	5.0000000000000009	3.65625	Reach with cursor
776.2335000038147	2	-0.7273809523809524	3.2732142857142854	-0.72738095238095235	3.2732142857142859	0	end	90	7.3478807948841188e-16	4.65625	right	5.0000000000000009	3.65625	Reach with cursor
776.2500941753387	2	-0.6994047619047619	3.3291666666666657	-0.69940476190476186	3.3291666666666666	0	end	90	7.3478807948841188e-16	4.65625	right	5.0000000000000009	3.65625	Reach with cursor
776.2667150497437	2	-0.6714285714285714	3.4410714285714281	-0.67142857142857137	3.4410714285714286	0	end	90	7.3478807948841188e-16	4.65625	right	5.0000000000000009	3.65625	Reach with cursor
776.2833461761475	2	-0.643452380952381	3.5529761904761905	-0.643452380952381	3.5529761904761905	0	end	90	7.3478807948841188e-16	4.65625	right	5.0000000000000009	3.65625	Reach with cursor
776.2998480796814	2	-0.643452380952381	3.6369047619047628	-0.643452380952381	3.6369047619047619	0	end	90	7.3478807948841188e-16	4.65625	right	5.0000000000000009	3.65625	Reach with cursor
776.3165030479431	2	-0.6154761904761905	3.6928571428571431	-0.61547619047619051	3.6928571428571431	0	end	90	7.3478807948841188e-16	4.65625	right	5.0000000000000009	3.65625	Reach with cursor
776.3330750465393	2	-0.6154761904761905	3.7488095238095234	-0.61547619047619051	3.7488095238095238	0	end	90	7.3478807948841188e-16	4.65625	right	5.0000000000000009	3.65625	Reach with cursor
776.3496570587158	2	-0.5875	3.8047619047619037	-0.58750000000000002	3.8047619047619046	0	end	90	7.3478807948841188e-16	4.65625	right	5.0000000000000009	3.65625	Reach with cursor
776.3662581443787	2	-0.5875	3.8607142857142858	-0.58750000000000002	3.8607142857142858	0	end	90	7.3478807948841188e-16	4.65625	right	5.0000000000000009	3.65625	Reach with cursor
776.3828821182251	2	-0.5595238095238095	3.9166666666666661	-0.55952380952380953	3.9166666666666665	0	end	90	7.3478807948841188e-16	4.65625	right	5.0000000000000009	3.65625	Reach with cursor
776.3994970321655	2	-0.5595238095238095	3.9446428571428562	-0.55952380952380953	3.9446428571428571	0	end	90	7.3478807948841188e-16	4.65625	right	5.0000000000000009	3.65625	Reach with cursor
776.4160702228546	2	-0.531547619047619	4.0005952380952383	-0.53154761904761905	4.0005952380952383	0	end	90	7.3478807948841188e-16	4.65625	right	5.0000000000000009	3.65625	Reach with cursor
776.4326620101929	2	-0.5035714285714286	4.0845238095238088	-0.50357142857142856	4.0845238095238097	0	end	90	7.3478807948841188e-16	4.65625	right	5.0000000000000009	3.65625	Reach with cursor
776.4492750167847	2	-0.47559523809523807	4.1125000000000007	-0.47559523809523807	4.1124999999999998	0	end	90	7.3478807948841188e-16	4.65625	right	5.0000000000000009	3.65625	Reach with cursor
776.4658410549164	2	-0.44761904761904764	4.1964285714285712	-0.44761904761904764	4.1964285714285712	0	end	90	7.3478807948841188e-16	4.65625	right	5.0000000000000009	3.65625	Reach with cursor
776.482479095459	2	-0.41964285714285715	4.2244047619047613	-0.41964285714285715	4.2244047619047622	0	end	90	7.3478807948841188e-16	4.65625	right	5.0000000000000009	3.65625	Reach with cursor
776.4990220069885	2	-0.39166666666666666	4.2803571428571416	-0.39166666666666666	4.2803571428571425	0	end	90	7.3478807948841188e-16	4.65625	right	5.0000000000000009	3.65625	Reach with cursor
776.5156412124634	2	-0.3636904761904762	4.3363095238095237	-0.36369047619047618	4.3363095238095237	0	end	90	7.3478807948841188e-16	4.65625	right	5.0000000000000009	3.65625	Reach with cursor
776.532210111618	2	-0.3357142857142857	4.3922619047619058	-0.33571428571428569	4.3922619047619049	0	end	90	7.3478807948841188e-16	4.65625	right	5.0000000000000009	3.65625	Reach with cursor
776.5487961769104	2	-0.30773809523809526	4.4202380952380942	-0.30773809523809526	4.4202380952380951	0	end	90	7.3478807948841188e-16	4.65625	right	5.0000000000000009	3.65625	Reach with cursor
776.5653600692749	2	-0.30773809523809526	4.4482142857142861	-0.30773809523809526	4.4482142857142861	0	end	90	7.3478807948841188e-16	4.65625	right	5.0000000000000009	3.65625	Reach with cursor
776.5820260047913	2	-0.27976190476190477	4.4761904761904763	-0.27976190476190477	4.4761904761904763	0	end	90	7.3478807948841188e-16	4.65625	right	5.0000000000000009	3.65625	Reach with cursor
776.5985851287842	2	-0.27976190476190477	4.4761904761904763	-0.27976190476190477	4.4761904761904763	0	end	90	7.3478807948841188e-16	4.65625	right	5.0000000000000009	3.65625	Reach with cursor
776.615168094635	2	-0.27976190476190477	4.5041666666666664	-0.27976190476190477	4.5041666666666664	0	end	90	7.3478807948841188e-16	4.65625	right	5.0000000000000009	3.65625	Reach with cursor
776.6317751407623	2	-0.27976190476190477	4.5041666666666664	-0.27976190476190477	4.5041666666666664	0	end	90	7.3478807948841188e-16	4.65625	right	5.0000000000000009	3.65625	Reach with cursor
776.6483352184296	2	-0.27976190476190477	4.5041666666666664	-0.27976190476190477	4.5041666666666664	0	end	90	7.3478807948841188e-16	4.65625	right	5.0000000000000009	3.65625	Reach with cursor
776.6649241447449	2	-0.27976190476190477	4.5041666666666664	-0.27976190476190477	4.5041666666666664	0	end	90	7.3478807948841188e-16	4.65625	right	5.0000000000000009	3.65625	Reach with cursor
776.6815659999847	2	-0.2517857142857143	4.5041666666666664	-0.25178571428571428	4.5041666666666664	0	end	90	7.3478807948841188e-16	4.65625	right	5.0000000000000009	3.65625	Reach with cursor
776.6981480121613	2	-0.2517857142857143	4.5041666666666664	-0.25178571428571428	4.5041666666666664	0	end	90	7.3478807948841188e-16	4.65625	right	5.0000000000000009	3.65625	Reach with cursor
776.7147541046143	2	-0.2517857142857143	4.5321428571428584	-0.25178571428571428	4.5321428571428575	0	end	90	7.3478807948841188e-16	4.65625	right	5.0000000000000009	3.65625	Reach with cursor
776.7313351631165	2	-0.22380952380952382	4.5880952380952387	-0.22380952380952382	4.5880952380952378	0	end	90	7.3478807948841188e-16	4.65625	right	5.0000000000000009	3.65625	Reach with cursor
776.7479259967804	2	-0.19583333333333333	4.6160714285714288	-0.19583333333333333	4.6160714285714288	0	end	90	7.3478807948841188e-16	4.65625	right	5.0000000000000009	3.65625	Reach with cursor
776.7645092010498	2	-0.16785714285714284	4.6720238095238091	-0.16785714285714284	4.6720238095238091	0	end	90	7.3478807948841188e-16	4.65625	right	5.0000000000000009	3.65625	Reach with cursor
776.7811651229858	2	-0.16785714285714284	4.6720238095238091	-0.16785714285714284	4.6720238095238091	0	end	90	7.3478807948841188e-16	4.65625	right	5.0000000000000009	3.65625	Reach with cursor
776.7977261543274	2	-0.13988095238095238	4.6720238095238091	-0.13988095238095238	4.7000000000000002	0	end	90	7.3478807948841188e-16	4.65625	right	5.0000000000000009	3.65625	Reach with cursor
776.8143000602722	2	-0.13988095238095238	4.6720238095238091	-0.13988095238095238	4.7279761904761903	0	end	90	7.3478807948841188e-16	4.65625	right	5.0000000000000009	3.65625	Reach with cursor
776.8308711051941	2	-0.13988095238095238	4.6720238095238091	-0.13988095238095238	4.7279761904761903	0	end	90	7.3478807948841188e-16	4.65625	right	5.0000000000000009	3.65625	Reach with cursor
776.8475141525269	2	-0.13988095238095238	4.6720238095238091	-0.13988095238095238	4.7279761904761903	0	end	90	7.3478807948841188e-16	4.65625	right	5.0000000000000009	3.65625	Reach with cursor
776.8640530109406	2	-0.13988095238095238	4.6720238095238091	-0.13988095238095238	4.7279761904761903	0	end	90	7.3478807948841188e-16	4.65625	right	5.0000000000000009	3.65625	Reach with cursor
776.8808569908142	2	-0.13988095238095238	4.6720238095238091	-0.13988095238095238	4.7000000000000002	0	end	90	7.3478807948841188e-16	4.65625	right	5.0000000000000009	3.65625	Reach with cursor
776.8973031044006	2	-0.13988095238095238	4.6720238095238091	-0.13988095238095238	4.7000000000000002	0	end	90	7.3478807948841188e-16	4.65625	right	5.0000000000000009	3.65625	Reach with cursor
776.9138281345367	2	-0.13988095238095238	4.6720238095238091	-0.13988095238095238	4.6720238095238091	0	end	90	7.3478807948841188e-16	4.65625	right	5.0000000000000009	3.65625	Reach with cursor
776.9304761886597	2	-0.13988095238095238	4.6720238095238091	-0.13988095238095238	4.6720238095238091	0	end	90	7.3478807948841188e-16	4.65625	right	5.0000000000000009	3.65625	Reach with cursor
776.9470500946045	2	-0.13988095238095238	4.6720238095238091	-0.13988095238095238	4.6720238095238091	0	end	90	7.3478807948841188e-16	4.65625	right	5.0000000000000009	3.65625	Reach with cursor
776.9636402130127	2	-0.13988095238095238	4.6720238095238091	-0.13988095238095238	4.644047619047619	0	end	90	7.3478807948841188e-16	4.65625	right	5.0000000000000009	3.65625	Reach with cursor
776.980259180069	2	-0.13988095238095238	4.6720238095238091	-0.13988095238095238	4.644047619047619	0	end	90	7.3478807948841188e-16	4.65625	right	5.0000000000000009	3.65625	Reach with cursor
776.9968400001526	2	-0.13988095238095238	4.6720238095238091	-0.13988095238095238	4.644047619047619	0	end	90	7.3478807948841188e-16	4.65625	right	5.0000000000000009	3.65625	Reach with cursor
777.0134840011597	2	-0.13988095238095238	4.6720238095238091	-0.13988095238095238	4.644047619047619	0	end	90	7.3478807948841188e-16	4.65625	right	5.0000000000000009	3.65625	Reach with cursor
777.0300261974335	2	-0.13988095238095238	4.6720238095238091	-0.13988095238095238	4.644047619047619	0	end	90	7.3478807948841188e-16	4.65625	right	5.0000000000000009	3.65625	Reach with cursor
777.0466520786285	2	-0.13988095238095238	4.6720238095238091	-0.13988095238095238	4.644047619047619	0	end	90	7.3478807948841188e-16	4.65625	right	5.0000000000000009	3.65625	Reach with cursor
777.0631890296936	2	-0.13988095238095238	4.6720238095238091	-0.13988095238095238	4.644047619047619	0	end	90	7.3478807948841188e-16	4.65625	right	5.0000000000000009	3.65625	Reach with cursor
777.0797781944275	2	-0.13988095238095238	4.6720238095238091	-0.13988095238095238	4.644047619047619	0	end	90	7.3478807948841188e-16	4.65625	right	5.0000000000000009	3.65625	Reach with cursor
777.0963871479034	2	-0.13988095238095238	4.6720238095238091	-0.13988095238095238	4.644047619047619	0	end	90	7.3478807948841188e-16	4.65625	right	5.0000000000000009	3.65625	Reach with cursor
777.1130180358887	2	-0.13988095238095238	4.6720238095238091	-0.13988095238095238	4.644047619047619	0	end	90	7.3478807948841188e-16	4.65625	right	5.0000000000000009	3.65625	Reach with cursor
777.1296031475067	2	-0.13988095238095238	4.6720238095238091	-0.13988095238095238	4.644047619047619	0	end	90	7.3478807948841188e-16	4.65625	right	5.0000000000000009	3.65625	Reach with cursor
777.1461780071259	2	-0.13988095238095238	4.6720238095238091	-0.13988095238095238	4.644047619047619	0	end	90	7.3478807948841188e-16	4.65625	right	5.0000000000000009	3.65625	Reach with cursor
777.1627931594849	2	-0.13988095238095238	4.6720238095238091	-0.13988095238095238	4.644047619047619	0	end	90	7.3478807948841188e-16	4.65625	right	5.0000000000000009	3.65625	Reach with cursor
777.1793742179871	2	-0.13988095238095238	4.6720238095238091	-0.13988095238095238	4.644047619047619	0	end	90	7.3478807948841188e-16	4.65625	right	5.0000000000000009	3.65625	Reach with cursor
777.1960291862488	2	-0.13988095238095238	4.6720238095238091	-0.13988095238095238	4.644047619047619	0	end	90	7.3478807948841188e-16	4.65625	right	5.0000000000000009	3.65625	Reach with cursor
777.2125930786133	2	-0.13988095238095238	4.6720238095238091	-0.13988095238095238	4.644047619047619	0	end	90	7.3478807948841188e-16	4.65625	right	5.0000000000000009	3.65625	Reach with cursor
777.2291672229767	2	-0.11190476190476191	4.6720238095238091	-0.11190476190476191	4.644047619047619	0	end	90	7.3478807948841188e-16	4.65625	right	5.0000000000000009	3.65625	Reach with cursor
777.2457611560822	2	-0.11190476190476191	4.6720238095238091	-0.11190476190476191	4.6160714285714288	0	end	90	7.3478807948841188e-16	4.65625	right	5.0000000000000009	3.65625	Reach with cursor
777.2623112201691	2	-0.083928571428571422	4.6720238095238091	-0.083928571428571422	4.6160714285714288	0	end	90	7.3478807948841188e-16	4.65625	right	5.0000000000000009	3.65625	Reach with cursor
777.2789161205292	2	-0.027976190476190477	4.6720238095238091	-0.027976190476190477	4.6160714285714288	0	end	90	7.3478807948841188e-16	4.65625	right	5.0000000000000009	3.65625	Reach with cursor
777.2955861091614	2	0.027976190476190477	4.6720238095238091	0.027976190476190477	4.5880952380952378	0	end	90	7.3478807948841188e-16	4.65625	right	5.0000000000000009	3.65625	Reach with cursor
777.3121500015259	2	0.13988095238095238	4.6720238095238091	0.13988095238095238	4.5321428571428575	0	end	90	7.3478807948841188e-16	4.65625	right	5.0000000000000009	3.65625	Reach with cursor
777.3287320137024	2	0.22380952380952382	4.6720238095238091	0.22380952380952382	4.5321428571428575	0	end	90	7.3478807948841188e-16	4.65625	right	5.0000000000000009	3.65625	Reach with cursor
777.34530210495	2	0.41964285714285715	4.6720238095238091	0.41964285714285715	4.4761904761904763	0	end	90	7.3478807948841188e-16	4.65625	right	5.0000000000000009	3.65625	Reach with cursor
777.3618700504303	2	0.53154761904761905	4.6720238095238091	0.53154761904761905	4.4482142857142861	0	end	90	7.3478807948841188e-16	4.65625	right	5.0000000000000009	3.65625	Reach with cursor
777.3785049915314	2	0.89523809523809528	4.6720238095238091	0.89523809523809528	4.3922619047619049	0	end	90	7.3478807948841188e-16	4.65625	right	5.0000000000000009	3.65625	Reach with cursor
777.3951170444489	2	1.3988095238095237	4.6720238095238091	1.3988095238095237	4.3642857142857139	0	end	90	7.3478807948841188e-16	4.65625	right	5.0000000000000009	3.65625	Reach with cursor
777.4116899967194	2	1.9583333333333333	4.6720238095238091	1.9583333333333333	4.3363095238095237	0	end	90	7.3478807948841188e-16	4.65625	right	5.0000000000000009	3.65625	Reach with cursor
777.4282751083374	2	2.2380952380952381	4.6720238095238091	2.2380952380952381	4.3363095238095237	0	end	90	7.3478807948841188e-16	4.65625	right	5.0000000000000009	3.65625	Reach with cursor
777.4448699951172	2	2.7696428571428573	4.3083333333333336	2.7696428571428573	4.3083333333333336	0	end	90	7.3478807948841188e-16	4.65625	right	5.0000000000000009	3.65625	Reach with cursor
777.4614560604095	2	3.0214285714285714	4.2803571428571416	3.0214285714285714	4.2803571428571425	0	end	90	7.3478807948841188e-16	4.65625	right	5.0000000000000009	3.65625	Reach with cursor
777.4780580997467	2	3.5529761904761905	4.2523809523809533	3.5529761904761905	4.2523809523809524	0	end	90	7.3478807948841188e-16	4.65625	right	5.0000000000000009	3.65625	Reach with cursor
777.4946880340576	2	4.1125	4.1964285714285712	4.1124999999999998	4.1964285714285712	0	end	90	7.3478807948841188e-16	4.65625	right	5.0000000000000009	3.65625	Reach with cursor
777.5112810134888	2	4.420238095238095	4.168452380952381	4.4202380952380951	4.168452380952381	0	end	90	7.3478807948841188e-16	4.65625	right	5.0000000000000009	3.65625	Reach with cursor
777.5278642177582	2	5.091666666666667	4.1404761904761909	5.0916666666666668	4.1404761904761909	0	end	90	7.3478807948841188e-16	4.65625	right	5.0000000000000009	3.65625	Reach with cursor
777.544450044632	2	5.791071428571429	4.1125000000000007	5.7910714285714286	4.1124999999999998	0	end	90	7.3478807948841188e-16	4.65625	right	5.0000000000000009	3.65625	Reach with cursor
777.5610580444336	2	6.154761904761905	4.0845238095238088	6.1547619047619051	4.0845238095238097	0	end	90	7.3478807948841188e-16	4.65625	right	5.0000000000000009	3.65625	Reach with cursor
777.5776309967041	2	6.742261904761905	4.0285714285714285	6.7422619047619046	4.0285714285714285	0	end	90	7.3478807948841188e-16	4.65625	right	5.0000000000000009	3.65625	Reach with cursor
777.5942580699921	2	6.994047619047619	4.0005952380952383	6.9940476190476186	4.0005952380952383	0	end	90	7.3478807948841188e-16	4.65625	right	5.0000000000000009	3.65625	Reach with cursor
777.6108281612396	2	7.4696428571428575	3.9446428571428562	7.4696428571428575	3.9446428571428571	0	end	90	7.3478807948841188e-16	4.65625	right	5.0000000000000009	3.65625	Reach with cursor
777.6273951530457	2	7.805357142857143	3.8886904761904759	7.8053571428571429	3.8886904761904764	0	end	90	7.3478807948841188e-16	4.65625	right	5.0000000000000009	3.65625	Reach with cursor
777.6440410614014	2	8.029166666666667	3.8327380952380956	8.0291666666666668	3.8327380952380952	0	end	90	7.3478807948841188e-16	4.65625	right	5.0000000000000009	3.65625	Reach with cursor
777.6606180667877	2	8.085119047619047	3.8047619047619037	8.0851190476190471	3.8047619047619046	0	end	90	7.3478807948841188e-16	4.65625	right	5.0000000000000009	3.65625	Reach with cursor
777.6771860122681	2	8.19702380952381	3.7767857142857153	8.1970238095238095	3.7767857142857144	0	end	90	7.3478807948841188e-16	4.65625	right	5.0000000000000009	3.65625	Reach with cursor
777.6939160823822	2	8.225	3.7488095238095234	8.2249999999999996	3.7488095238095238	0	end	90	7.3478807948841188e-16	4.65625	right	5.0000000000000009	3.65625	Reach with cursor
777.7104392051697	2	8.25297619047619	3.6928571428571431	8.2529761904761898	3.6928571428571431	0	end	90	7.3478807948841188e-16	4.65625	right	5.0000000000000009	3.65625	Reach with cursor
777.7269771099091	2	8.25297619047619	3.6648809523809529	8.2529761904761898	3.6648809523809525	0	end	90	7.3478807948841188e-16	4.65625	right	5.0000000000000009	3.65625	Reach with cursor
777.7435681819916	2	8.225	3.6369047619047628	8.2249999999999996	3.6369047619047619	0	end	90	7.3478807948841188e-16	4.65625	right	5.0000000000000009	3.65625	Reach with cursor
777.7601630687714	2	8.16904761904762	3.6369047619047628	8.1690476190476193	3.6369047619047619	0	end	90	7.3478807948841188e-16	4.65625	right	5.0000000000000009	3.65625	Reach with cursor
777.7767901420593	2	7.917261904761904	3.6089285714285708	7.9172619047619044	3.6089285714285713	0	end	90	7.3478807948841188e-16	4.65625	right	5.0000000000000009	3.65625	Reach with cursor
777.7934679985046	2	7.749404761904762	3.5809523809523807	7.7494047619047617	3.5809523809523811	0	end	90	7.3478807948841188e-16	4.65625	right	5.0000000000000009	3.65625	Reach with cursor
777.8099582195282	2	7.301785714285714	3.5250000000000004	7.3017857142857139	3.5249999999999999	0	end	90	7.3478807948841188e-16	4.65625	right	5.0000000000000009	3.65625	Reach with cursor
777.8265271186829	2	6.826190476190476	3.4410714285714281	6.8261904761904759	3.4410714285714286	0	end	90	7.3478807948841188e-16	4.65625	right	5.0000000000000009	3.65625	Reach with cursor
777.8431529998779	2	6.378571428571429	3.2732142857142854	6.378571428571429	3.2732142857142859	0	end	90	7.3478807948841188e-16	4.65625	right	5.0000000000000009	3.65625	Reach with cursor
777.8597321510315	2	6.154761904761905	3.1613095238095248	6.1547619047619051	3.1613095238095239	0	end	90	7.3478807948841188e-16	4.65625	right	5.0000000000000009	3.65625	Reach with cursor
777.8763511180878	2	5.679166666666666	2.8535714285714278	5.6791666666666663	2.8535714285714286	0	end	90	7.3478807948841188e-16	4.65625	right	5.0000000000000009	3.65625	Reach with cursor
777.892884016037	2	5.455357142857143	2.6857142857142851	5.4553571428571432	2.6857142857142855	0	end	90	7.3478807948841188e-16	4.65625	right	5.0000000000000009	3.65625	Reach with cursor
777.9095511436462	2	5.119642857142857	2.2940476190476193	5.1196428571428569	2.2940476190476189	0	end	90	7.3478807948841188e-16	4.65625	right	5.0000000000000009	3.65625	Reach with cursor
777.9261021614075	2	4.923809523809524	1.8184523809523814	4.9238095238095241	1.8184523809523809	0	end	90	7.3478807948841188e-16	4.65625	right	5.0000000000000009	3.65625	Reach with cursor
777.9427061080933	2	4.811904761904762	1.5666666666666664	4.8119047619047617	1.5666666666666667	0	end	90	7.3478807948841188e-16	4.65625	right	5.0000000000000009	3.65625	Reach with cursor
777.9592840671539	2	4.504166666666666	0.97916666666666607	4.5041666666666664	0.97916666666666663	0	end	90	7.3478807948841188e-16	4.65625	right	5.0000000000000009	3.65625	Reach with cursor
777.975907087326	2	4.1125	0.2797619047619051	4.1124999999999998	0.27976190476190477	0	end	90	7.3478807948841188e-16	4.65625	right	5.0000000000000009	3.65625	Reach with cursor
777.9924631118774	2	3.9166666666666665	-0.083928571428571352	3.9166666666666665	-0.083928571428571422	0	end	90	7.3478807948841188e-16	4.65625	right	5.0000000000000009	3.65625	Reach with cursor
778.0091280937195	2	3.525	-0.83928571428571441	3.5249999999999999	-0.8392857142857143	0	end	90	7.3478807948841188e-16	4.65625	right	5.0000000000000009	3.65625	Reach with cursor
778.025671005249	2	3.2172619047619047	-1.5946428571428575	3.2172619047619047	-1.5946428571428573	0	end	90	7.3478807948841188e-16	4.65625	right	5.0000000000000009	3.65625	Reach with cursor
778.0423221588135	2	3.1053571428571427	-1.958333333333333	3.1053571428571427	-1.9583333333333333	0	end	90	7.3478807948841188e-16	4.65625	right	5.0000000000000009	3.65625	Reach with cursor
778.0588910579681	2	2.9095238095238094	-2.6577380952380949	2.9095238095238094	-2.6577380952380953	0	end	90	7.3478807948841188e-16	4.65625	right	5.0000000000000009	3.65625	Reach with cursor
778.0754849910736	2	2.713690476190476	-3.2732142857142854	2.7136904761904761	-3.2732142857142859	0	end	90	7.3478807948841188e-16	4.65625	right	5.0000000000000009	3.65625	Reach with cursor
778.092041015625	2	2.6297619047619047	-3.5249999999999999	2.6297619047619047	-3.5249999999999999	0	end	90	7.3478807948841188e-16	4.65625	right	5.0000000000000009	3.65625	Reach with cursor
778.1086521148682	2	2.489880952380952	-3.9446428571428571	2.4898809523809522	-3.9446428571428571	0	end	90	7.3478807948841188e-16	4.65625	right	5.0000000000000009	3.65625	Reach with cursor
778.125232219696	2	2.405952380952381	-4.168452380952381	2.4059523809523808	-4.168452380952381	0	end	90	7.3478807948841188e-16	4.65625	right	5.0000000000000009	3.65625	Reach with cursor
778.141841173172	2	2.35	-4.2244047619047622	2.3500000000000001	-4.2244047619047622	0	end	90	7.3478807948841188e-16	4.65625	right	5.0000000000000009	3.65625	Reach with cursor
778.158411026001	2	2.3220238095238095	-4.2803571428571425	2.3220238095238095	-4.2803571428571425	0	end	90	7.3478807948841188e-16	4.65625	right	5.0000000000000009	3.65625	Reach with cursor
778.1750349998474	2	2.294047619047619	-4.3083333333333336	2.2940476190476189	-4.3083333333333336	0	end	90	7.3478807948841188e-16	4.65625	right	5.0000000000000009	3.65625	Reach with cursor
778.1916019916534	2	2.2660714285714287	-4.3363095238095237	2.2660714285714287	-4.3363095238095237	0	end	90	7.3478807948841188e-16	4.65625	right	5.0000000000000009	3.65625	Reach with cursor
778.2082331180573	2	2.126190476190476	-4.4482142857142861	2.1261904761904762	-4.4482142857142861	0	end	90	7.3478807948841188e-16	4.65625	right	5.0000000000000009	3.65625	Reach with cursor
778.224790096283	2	1.9583333333333333	-4.6160714285714288	1.9583333333333333	-4.6160714285714288	0	end	90	7.3478807948841188e-16	4.65625	right	5.0000000000000009	3.65625	Reach with cursor
778.2414531707764	2	1.874404761904762	-4.7279761904761903	1.8744047619047619	-4.7279761904761903	0	end	90	7.3478807948841188e-16	4.65625	right	5.0000000000000009	3.65625	Reach with cursor
778.2579770088196	2	1.650595238095238	-4.9797619047619044	1.650595238095238	-4.9797619047619044	0	end	90	7.3478807948841188e-16	4.65625	right	5.0000000000000009	3.65625	Reach with cursor
778.2745730876923	2	1.5386904761904763	-5.0916666666666668	1.5386904761904763	-5.0916666666666668	0	end	90	7.3478807948841188e-16	4.65625	right	5.0000000000000009	3.65625	Reach with cursor
778.2911441326141	2	1.3148809523809524	-5.399404761904762	1.3148809523809524	-5.399404761904762	0	end	90	7.3478807948841188e-16	4.65625	right	5.0000000000000009	3.65625	Reach with cursor
