778.2938361167908	3	1.3148809523809524	-5.399404761904762	1.3148809523809524	-5.399404761904762	0	end	75	3.1058285412302489	4.2473599154688202	left	-3.8941714587697511	3.2473599154688202	Reach with cursor
778.3243901729584	3	0.8952380952380953	-6.0708333333333337	0.89523809523809528	-6.0708333333333337	0	end	75	3.1058285412302489	4.2473599154688202	left	-3.8941714587697511	3.2473599154688202	Reach with cursor
778.3409650325775	3	0.7833333333333333	-6.2386904761904765	0.78333333333333333	-6.2386904761904765	0	end	75	3.1058285412302489	4.2473599154688202	left	-3.8941714587697511	3.2473599154688202	Reach with cursor
778.3575401306152	3	0.643452380952381	-6.5184523809523807	0.643452380952381	-6.5184523809523807	0	end	75	3.1058285412302489	4.2473599154688202	left	-3.8941714587697511	3.2473599154688202	Reach with cursor
778.3741321563721	3	0.5595238095238095	-6.602380952380952	0.55952380952380953	-6.602380952380952	0	end	75	3.1058285412302489	4.2473599154688202	left	-3.8941714587697511	3.2473599154688202	Reach with cursor
778.3907430171967	3	0.47559523809523807	-6.7422619047619046	0.47559523809523807	-6.7422619047619046	0	end	75	3.1058285412302489	4.2473599154688202	left	-3.8941714587697511	3.2473599154688202	Reach with cursor
778.4073650836945	3	0.44761904761904764	-6.7982142857142858	0.44761904761904764	-6.7982142857142858	0	end	75	3.1058285412302489	4.2473599154688202	left	-3.8941714587697511	3.2473599154688202	Reach with cursor
778.4238810539246	3	0.41964285714285715	-6.8261904761904759	0.41964285714285715	-6.8261904761904759	0	end	75	3.1058285412302489	4.2473599154688202	left	-3.8941714587697511	3.2473599154688202	Reach with cursor
778.4405210018158	3	0.41964285714285715	-6.8261904761904759	0.41964285714285715	-6.8261904761904759	0	end	75	3.1058285412302489	4.2473599154688202	left	-3.8941714587697511	3.2473599154688202	Reach with cursor
778.4571621417999	3	0.41964285714285715	-6.854166666666667	0.41964285714285715	-6.854166666666667	0	end	75	3.1058285412302489	4.2473599154688202	left	-3.8941714587697511	3.2473599154688202	Reach with cursor
778.4737401008606	3	0.41964285714285715	-6.854166666666667	0.41964285714285715	-6.854166666666667	0	end	75	3.1058285412302489	4.2473599154688202	left	-3.8941714587697511	3.2473599154688202	Reach with cursor
778.4903252124786	3	0.39166666666666666	-6.8821428571428571	0.39166666666666666	-6.8821428571428571	0	end	75	3.1058285412302489	4.2473599154688202	left	-3.8941714587697511	3.2473599154688202	Reach with cursor
778.5070171356201	3	0.39166666666666666	-6.9380952380952383	0.39166666666666666	-6.9380952380952383	0	end	75	3.1058285412302489	4.2473599154688202	left	-3.8941714587697511	3.2473599154688202	Reach with cursor
778.5234889984131	3	0.3357142857142857	-7.0220238095238097	0.33571428571428569	-7.0220238095238097	0	end	75	3.1058285412302489	4.2473599154688202	left	-3.8941714587697511	3.2473599154688202	Reach with cursor
778.5400969982147	3	0.30773809523809526	-7.0499999999999998	0.30773809523809526	-7.0499999999999998	0	end	75	3.1058285412302489	4.2473599154688202	left	-3.8941714587697511	3.2473599154688202	Reach with cursor
778.5566551685333	3	0.30773809523809526	-7.105952380952381	0.30773809523809526	-7.105952380952381	0	end	75	3.1058285412302489	4.2473599154688202	left	-3.8941714587697511	3.2473599154688202	Reach with cursor
778.573263168335	3	0.27976190476190477	-7.105952380952381	0.27976190476190477	-7.105952380952381	0	end	75	3.1058285412302489	4.2473599154688202	left	-3.8941714587697511	3.2473599154688202	Reach with cursor
778.5898652076721	3	0.2517857142857143	-7.0499999999999998	0.25178571428571428	-7.0499999999999998	0	end	75	3.1058285412302489	4.2473599154688202	left	-3.8941714587697511	3.2473599154688202	Reach with cursor
778.6065440177917	3	0.08392857142857142	-6.7422619047619046	0.083928571428571422	-6.7422619047619046	0	end	75	3.1058285412302489	4.2473599154688202	left	-3.8941714587697511	3.2473599154688202	Reach with cursor
778.6230621337891	3	-0.16785714285714284	-6.1267857142857141	-0.16785714285714284	-6.1267857142857141	0	end	75	3.1058285412302489	4.2473599154688202	left	-3.8941714587697511	3.2473599154688202	Reach with cursor
778.6396241188049	3	-0.2517857142857143	-5.7351190476190474	-0.25178571428571428	-5.7351190476190474	0	end	75	3.1058285412302489	4.2473599154688202	left	-3.8941714587697511	3.2473599154688202	Reach with cursor
778.6562139987946	3	-0.30773809523809526	-4.9238095238095241	-0.30773809523809526	-4.9238095238095241	0	end	75	3.1058285412302489	4.2473599154688202	left	-3.8941714587697511	3.2473599154688202	Reach with cursor
778.6728551387787	3	-0.2517857142857143	-4.5321428571428575	-0.25178571428571428	-4.5321428571428575	0	end	75	3.1058285412302489	4.2473599154688202	left	-3.8941714587697511	3.2473599154688202	Reach with cursor
778.6894271373749	3	-0.027976190476190477	-3.8886904761904764	-0.027976190476190477	-3.8886904761904764	0	end	75	3.1058285412302489	4.2473599154688202	left	-3.8941714587697511	3.2473599154688202	Reach with cursor
778.7060101032257	3	0.08392857142857142	-3.5809523809523811	0.083928571428571422	-3.5809523809523811	0	end	75	3.1058285412302489	4.2473599154688202	left	-3.8941714587697511	3.2473599154688202	Reach with cursor
778.7226521968842	3	0.2517857142857143	-2.9934523809523803	0.25178571428571428	-2.9934523809523808	0	end	75	3.1058285412302489	4.2473599154688202	left	-3.8941714587697511	3.2473599154688202	Reach with cursor
778.7392110824585	3	0.3636904761904762	-2.3499999999999996	0.36369047619047618	-2.3500000000000001	0	end	75	3.1058285412302489	4.2473599154688202	left	-3.8941714587697511	3.2473599154688202	Reach with cursor
778.7557981014252	3	0.44761904761904764	-1.7904761904761903	0.44761904761904764	-1.7904761904761906	0	end	75	3.1058285412302489	4.2473599154688202	left	-3.8941714587697511	3.2473599154688202	Reach with cursor
778.7723751068115	3	0.5035714285714286	-1.5386904761904763	0.50357142857142856	-1.5386904761904763	0	end	75	3.1058285412302489	4.2473599154688202	left	-3.8941714587697511	3.2473599154688202	Reach with cursor
778.7890210151672	3	0.5595238095238095	-1.1190476190476186	0.55952380952380953	-1.1190476190476191	0	end	75	3.1058285412302489	4.2473599154688202	left	-3.8941714587697511	3.2473599154688202	Reach with cursor
778.8055810928345	3	0.5875	-0.92321428571428577	0.58750000000000002	-0.92321428571428577	0	end	75	3.1058285412302489	4.2473599154688202	left	-3.8941714587697511	3.2473599154688202	Reach with cursor
778.8222169876099	3	0.6154761904761905	-0.44761904761904781	0.61547619047619051	-0.44761904761904764	0	end	75	3.1058285412302489	4.2473599154688202	left	-3.8941714587697511	3.2473599154688202	Reach with cursor
778.8387770652771	3	0.643452380952381	0.055952380952381198	0.643452380952381	0.055952380952380955	0	end	75	3.1058285412302489	4.2473599154688202	left	-3.8941714587697511	3.2473599154688202	Reach with cursor
778.8553910255432	3	0.7833333333333333	0.47559523809523796	0.78333333333333333	0.47559523809523807	0	end	75	3.1058285412302489	4.2473599154688202	left	-3.8941714587697511	3.2473599154688202	Reach with cursor
778.8719680309296	3	0.8672619047619048	0.64345238095238066	0.86726190476190479	0.643452380952381	0	end	75	3.1058285412302489	4.2473599154688202	left	-3.8941714587697511	3.2473599154688202	Reach with cursor
778.8885521888733	3	1.063095238095238	1.0071428571428562	1.0630952380952381	1.0071428571428571	0	end	75	3.1058285412302489	4.2473599154688202	left	-3.8941714587697511	3.2473599154688202	Reach with cursor
778.9051291942596	3	1.119047619047619	1.1750000000000007	1.1190476190476191	1.175	0	end	75	3.1058285412302489	4.2473599154688202	left	-3.8941714587697511	3.2473599154688202	Reach with cursor
778.9217910766602	3	1.230952380952381	1.5107142857142861	1.230952380952381	1.5107142857142857	0	end	75	3.1058285412302489	4.2473599154688202	left	-3.8941714587697511	3.2473599154688202	Reach with cursor
778.938353061676	3	1.286904761904762	1.8744047619047617	1.286904761904762	1.8744047619047619	0	end	75	3.1058285412302489	4.2473599154688202	left	-3.8941714587697511	3.2473599154688202	Reach with cursor
778.9549281597137	3	1.286904761904762	2.0142857142857142	1.286904761904762	2.0142857142857142	0	end	75	3.1058285412302489	4.2473599154688202	left	-3.8941714587697511	3.2473599154688202	Reach with cursor
778.9715371131897	3	1.3428571428571427	2.3220238095238095	1.3428571428571427	2.3220238095238095	0	end	75	3.1058285412302489	4.2473599154688202	left	-3.8941714587697511	3.2473599154688202	Reach with cursor
778.9881482124329	3	1.4267857142857143	2.5738095238095244	1.4267857142857143	2.573809523809524	0	end	75	3.1058285412302489	4.2473599154688202	left	-3.8941714587697511	3.2473599154688202	Reach with cursor
779.0046980381012	3	1.4827380952380953	2.7136904761904752	1.4827380952380953	2.7136904761904761	0	end	75	3.1058285412302489	4.2473599154688202	left	-3.8941714587697511	3.2473599154688202	Reach with cursor
779.0213820934296	3	1.5946428571428573	2.9934523809523803	1.5946428571428573	2.9934523809523808	0	end	75	3.1058285412302489	4.2473599154688202	left	-3.8941714587697511	3.2473599154688202	Reach with cursor
779.0379071235657	3	1.7345238095238096	3.3011904761904756	1.7345238095238096	3.301190476190476	0	end	75	3.1058285412302489	4.2473599154688202	left	-3.8941714587697511	3.2473599154688202	Reach with cursor
779.0545220375061	3	1.818452380952381	3.413095238095238	1.8184523809523809	3.413095238095238	0	end	75	3.1058285412302489	4.2473599154688202	left	-3.8941714587697511	3.2473599154688202	Reach with cursor
779.0710651874542	3	2.0982142857142856	3.6648809523809529	2.0982142857142856	3.6648809523809525	0	end	75	3.1058285412302489	4.2473599154688202	left	-3.8941714587697511	3.2473599154688202	Reach with cursor
779.0876851081848	3	2.405952380952381	3.8886904761904759	2.4059523809523808	3.8886904761904764	0	end	75	3.1058285412302489	4.2473599154688202	left	-3.8941714587697511	3.2473599154688202	Reach with cursor
779.104248046875	3	2.573809523809524	3.9726190476190482	2.573809523809524	3.9726190476190477	0	end	75	3.1058285412302489	4.2473599154688202	left	-3.8941714587697511	3.2473599154688202	Reach with cursor
779.1208920478821	3	2.825595238095238	4.168452380952381	2.825595238095238	4.168452380952381	0	end	75	3.1058285412302489	4.2473599154688202	left	-3.8941714587697511	3.2473599154688202	Reach with cursor
779.1374552249908	3	2.9934523809523808	4.3642857142857139	2.9934523809523808	4.3642857142857139	0	end	75	3.1058285412302489	4.2473599154688202	left	-3.8941714587697511	3.2473599154688202	Reach with cursor
779.1540331840515	3	3.049404761904762	4.4482142857142861	3.049404761904762	4.4482142857142861	0	end	75	3.1058285412302489	4.2473599154688202	left	-3.8941714587697511	3.2473599154688202	Reach with cursor
779.1706681251526	3	3.1053571428571427	4.5880952380952387	3.1053571428571427	4.5880952380952378	0	end	75	3.1058285412302489	4.2473599154688202	left	-3.8941714587697511	3.2473599154688202	Reach with cursor
779.1873030662537	3	3.1892857142857145	4.6999999999999993	3.1892857142857145	4.7000000000000002	0	end	75	3.1058285412302489	4.2473599154688202	left	-3.8941714587697511	3.2473599154688202	Reach with cursor
779.2038571834564	3	3.2452380952380953	4.7559523809523814	3.2452380952380953	4.7559523809523814	0	end	75	3.1058285412302489	4.2473599154688202	left	-3.8941714587697511	3.2473599154688202	Reach with cursor
779.2205040454865	3	3.3291666666666666	4.8119047619047617	3.3291666666666666	4.8119047619047617	0	end	75	3.1058285412302489	4.2473599154688202	left	-3.8941714587697511	3.2473599154688202	Reach with cursor
779.2370510101318	3	3.357142857142857	4.8119047619047617	3.3571428571428572	4.8119047619047617	0	end	75	3.1058285412302489	4.2473599154688202	left	-3.8941714587697511	3.2473599154688202	Reach with cursor
779.2536780834198	3	3.357142857142857	4.8119047619047617	3.3571428571428572	4.8119047619047617	0	end	75	3.1058285412302489	4.2473599154688202	left	-3.8941714587697511	3.2473599154688202	Reach with cursor
779.270229101181	3	3.357142857142857	4.8119047619047617	3.3571428571428572	4.8119047619047617	0	end	75	3.1058285412302489	4.2473599154688202	left	-3.8941714587697511	3.2473599154688202	Reach with cursor
779.2868211269379	3	3.357142857142857	4.8119047619047617	3.3571428571428572	4.8119047619047617	0	end	75	3.1058285412302489	4.2473599154688202	left	-3.8941714587697511	3.2473599154688202	Reach with cursor
779.3034000396729	3	3.357142857142857	4.7839285714285715	3.3571428571428572	4.7839285714285715	0	end	75	3.1058285412302489	4.2473599154688202	left	-3.8941714587697511	3.2473599154688202	Reach with cursor
779.3201630115509	3	3.385119047619048	4.7279761904761912	3.3851190476190478	4.7279761904761903	0	end	75	3.1058285412302489	4.2473599154688202	left	-3.8941714587697511	3.2473599154688202	Reach with cursor
779.3366260528564	3	3.385119047619048	4.6720238095238091	3.3851190476190478	4.6720238095238091	0	end	75	3.1058285412302489	4.2473599154688202	left	-3.8941714587697511	3.2473599154688202	Reach with cursor
779.3531901836395	3	3.385119047619048	4.6720238095238091	3.3851190476190478	4.6720238095238091	0	end	75	3.1058285412302489	4.2473599154688202	left	-3.8941714587697511	3.2473599154688202	Reach with cursor
779.3697800636292	3	3.385119047619048	4.6160714285714288	3.3851190476190478	4.6160714285714288	0	end	75	3.1058285412302489	4.2473599154688202	left	-3.8941714587697511	3.2473599154688202	Reach with cursor
779.3863971233368	3	3.385119047619048	4.6160714285714288	3.3851190476190478	4.6160714285714288	0	end	75	3.1058285412302489	4.2473599154688202	left	-3.8941714587697511	3.2473599154688202	Reach with cursor
779.402948141098	3	3.385119047619048	4.5601190476190467	3.3851190476190478	4.5601190476190476	0	end	75	3.1058285412302489	4.2473599154688202	left	-3.8941714587697511	3.2473599154688202	Reach with cursor
779.4196660518646	3	3.385119047619048	4.5041666666666664	3.3851190476190478	4.5041666666666664	0	end	75	3.1058285412302489	4.2473599154688202	left	-3.8941714587697511	3.2473599154688202	Reach with cursor
779.4361770153046	3	3.3851190476190478	4.5041666666666664	3.3851190476190478	4.4482142857142861	0	end	75	3.1058285412302489	4.2473599154688202	left	-3.8941714587697511	3.2473599154688202	Reach with cursor
779.4527940750122	3	3.3851190476190478	4.5041666666666664	3.3851190476190478	4.4202380952380951	0	end	75	3.1058285412302489	4.2473599154688202	left	-3.8941714587697511	3.2473599154688202	Reach with cursor
779.4693460464478	3	3.413095238095238	4.5041666666666664	3.413095238095238	4.3642857142857139	0	end	75	3.1058285412302489	4.2473599154688202	left	-3.8941714587697511	3.2473599154688202	Reach with cursor
779.4859120845795	3	3.413095238095238	4.5041666666666664	3.413095238095238	4.3083333333333336	0	end	75	3.1058285412302489	4.2473599154688202	left	-3.8941714587697511	3.2473599154688202	Reach with cursor
779.5025269985199	3	3.4410714285714286	4.5041666666666664	3.4410714285714286	4.2523809523809524	0	end	75	3.1058285412302489	4.2473599154688202	left	-3.8941714587697511	3.2473599154688202	Reach with cursor
779.5190861225128	3	3.4410714285714286	4.5041666666666664	3.4410714285714286	4.1964285714285712	0	end	75	3.1058285412302489	4.2473599154688202	left	-3.8941714587697511	3.2473599154688202	Reach with cursor
779.5357692241669	3	3.4410714285714286	4.5041666666666664	3.4410714285714286	4.1964285714285712	0	end	75	3.1058285412302489	4.2473599154688202	left	-3.8941714587697511	3.2473599154688202	Reach with cursor
779.552332162857	3	3.4410714285714286	4.5041666666666664	3.4410714285714286	4.1964285714285712	0	end	75	3.1058285412302489	4.2473599154688202	left	-3.8941714587697511	3.2473599154688202	Reach with cursor
779.5689060688019	3	3.4410714285714286	4.5041666666666664	3.4410714285714286	4.168452380952381	0	end	75	3.1058285412302489	4.2473599154688202	left	-3.8941714587697511	3.2473599154688202	Reach with cursor
779.5854802131653	3	3.4410714285714286	4.5041666666666664	3.4410714285714286	4.168452380952381	0	end	75	3.1058285412302489	4.2473599154688202	left	-3.8941714587697511	3.2473599154688202	Reach with cursor
779.6020920276642	3	3.4410714285714286	4.5041666666666664	3.4410714285714286	4.168452380952381	0	end	75	3.1058285412302489	4.2473599154688202	left	-3.8941714587697511	3.2473599154688202	Reach with cursor
779.618674993515	3	3.4410714285714286	4.5041666666666664	3.4410714285714286	4.168452380952381	0	end	75	3.1058285412302489	4.2473599154688202	left	-3.8941714587697511	3.2473599154688202	Reach with cursor
779.6353240013123	3	3.4690476190476192	4.5041666666666664	3.4690476190476192	4.168452380952381	0	end	75	3.1058285412302489	4.2473599154688202	left	-3.8941714587697511	3.2473599154688202	Reach with cursor
779.6519100666046	3	3.4690476190476192	4.5041666666666664	3.4690476190476192	4.1404761904761909	0	end	75	3.1058285412302489	4.2473599154688202	left	-3.8941714587697511	3.2473599154688202	Reach with cursor
779.6684892177582	3	3.4410714285714286	4.5041666666666664	3.4410714285714286	4.1124999999999998	0	end	75	3.1058285412302489	4.2473599154688202	left	-3.8941714587697511	3.2473599154688202	Reach with cursor
779.6850671768188	3	3.3851190476190478	4.5041666666666664	3.3851190476190478	4.0565476190476186	0	end	75	3.1058285412302489	4.2473599154688202	left	-3.8941714587697511	3.2473599154688202	Reach with cursor
779.7016730308533	3	3.1613095238095239	4.5041666666666664	3.1613095238095239	3.9726190476190477	0	end	75	3.1058285412302489	4.2473599154688202	left	-3.8941714587697511	3.2473599154688202	Reach with cursor
779.718269109726	3	2.6857142857142855	4.5041666666666664	2.6857142857142855	3.8886904761904764	0	end	75	3.1058285412302489	4.2473599154688202	left	-3.8941714587697511	3.2473599154688202	Reach with cursor
779.7348921298981	3	2.3500000000000001	4.5041666666666664	2.3500000000000001	3.8607142857142858	0	end	75	3.1058285412302489	4.2473599154688202	left	-3.8941714587697511	3.2473599154688202	Reach with cursor
779.7514510154724	3	1.3988095238095237	4.5041666666666664	1.3988095238095237	3.7767857142857144	0	end	75	3.1058285412302489	4.2473599154688202	left	-3.8941714587697511	3.2473599154688202	Reach with cursor
779.7680370807648	3	0.30773809523809526	4.5041666666666664	0.30773809523809526	3.6928571428571431	0	end	75	3.1058285412302489	4.2473599154688202	left	-3.8941714587697511	3.2473599154688202	Reach with cursor
779.7846641540527	3	-0.16785714285714284	4.5041666666666664	-0.16785714285714284	3.6369047619047619	0	end	75	3.1058285412302489	4.2473599154688202	left	-3.8941714587697511	3.2473599154688202	Reach with cursor
779.8012330532074	3	-0.95119047619047614	4.5041666666666664	-0.95119047619047614	3.5249999999999999	0	end	75	3.1058285412302489	4.2473599154688202	left	-3.8941714587697511	3.2473599154688202	Reach with cursor
779.8178172111511	3	-1.3988095238095237	4.5041666666666664	-1.3988095238095237	3.413095238095238	0	end	75	3.1058285412302489	4.2473599154688202	left	-3.8941714587697511	3.2473599154688202	Reach with cursor
779.8344540596008	3	-1.5386904761904763	3.3571428571428577	-1.5386904761904763	3.3571428571428572	0	end	75	3.1058285412302489	4.2473599154688202	left	-3.8941714587697511	3.2473599154688202	Reach with cursor
779.8510432243347	3	-1.7345238095238096	3.3291666666666657	-1.7345238095238096	3.3291666666666666	0	end	75	3.1058285412302489	4.2473599154688202	left	-3.8941714587697511	3.2473599154688202	Reach with cursor
779.8676090240479	3	-1.874404761904762	3.3011904761904756	-1.8744047619047619	3.301190476190476	0	end	75	3.1058285412302489	4.2473599154688202	left	-3.8941714587697511	3.2473599154688202	Reach with cursor
779.8841981887817	3	-1.9303571428571429	3.3011904761904756	-1.9303571428571429	3.301190476190476	0	end	75	3.1058285412302489	4.2473599154688202	left	-3.8941714587697511	3.2473599154688202	Reach with cursor
779.9007651805878	3	-2.0142857142857142	3.3011904761904756	-2.0142857142857142	3.301190476190476	0	end	75	3.1058285412302489	4.2473599154688202	left	-3.8941714587697511	3.2473599154688202	Reach with cursor
779.917396068573	3	-2.0702380952380954	3.3011904761904756	-2.0702380952380954	3.301190476190476	0	end	75	3.1058285412302489	4.2473599154688202	left	-3.8941714587697511	3.2473599154688202	Reach with cursor
779.9340090751648	3	-2.154166666666667	3.3011904761904756	-2.1541666666666668	3.301190476190476	0	end	75	3.1058285412302489	4.2473599154688202	left	-3.8941714587697511	3.2473599154688202	Reach with cursor
779.9506130218506	3	-2.3220238095238095	3.3011904761904756	-2.3220238095238095	3.301190476190476	0	end	75	3.1058285412302489	4.2473599154688202	left	-3.8941714587697511	3.2473599154688202	Reach with cursor
779.9671800136566	3	-2.601785714285714	3.2732142857142854	-2.6017857142857141	3.2732142857142859	0	end	75	3.1058285412302489	4.2473599154688202	left	-3.8941714587697511	3.2473599154688202	Reach with cursor
779.9838221073151	3	-2.7976190476190474	3.2452380952380953	-2.7976190476190474	3.2452380952380953	0	end	75	3.1058285412302489	4.2473599154688202	left	-3.8941714587697511	3.2473599154688202	Reach with cursor
780.0003621578217	3	-3.161309523809524	3.2172619047619051	-3.1613095238095239	3.2172619047619047	0	end	75	3.1058285412302489	4.2473599154688202	left	-3.8941714587697511	3.2473599154688202	Reach with cursor
780.0169250965118	3	-3.357142857142857	3.1892857142857149	-3.3571428571428572	3.1892857142857145	0	end	75	3.1058285412302489	4.2473599154688202	left	-3.8941714587697511	3.2473599154688202	Reach with cursor
780.0335741043091	3	-3.748809523809524	3.1613095238095248	-3.7488095238095238	3.1613095238095239	0	end	75	3.1058285412302489	4.2473599154688202	left	-3.8941714587697511	3.2473599154688202	Reach with cursor
780.0501630306244	3	-4.196428571428571	3.1333333333333329	-4.1964285714285712	3.1333333333333333	0	end	75	3.1058285412302489	4.2473599154688202	left	-3.8941714587697511	3.2473599154688202	Reach with cursor
780.0667130947113	3	-4.392261904761905	3.1053571428571427	-4.3922619047619049	3.1053571428571427	0	end	75	3.1058285412302489	4.2473599154688202	left	-3.8941714587697511	3.2473599154688202	Reach with cursor
780.0832960605621	3	-4.616071428571429	3.0773809523809526	-4.6160714285714288	3.0773809523809526	0	end	75	3.1058285412302489	4.2473599154688202	left	-3.8941714587697511	3.2473599154688202	Reach with cursor
780.099888086319	3	-4.616071428571429	3.0773809523809526	-4.6160714285714288	3.0773809523809526	0	end	75	3.1058285412302489	4.2473599154688202	left	-3.8941714587697511	3.2473599154688202	Reach with cursor
780.1165261268616	3	-4.588095238095238	3.0494047619047624	-4.5880952380952378	3.049404761904762	0	end	75	3.1058285412302489	4.2473599154688202	left	-3.8941714587697511	3.2473599154688202	Reach with cursor
780.1331961154938	3	-4.5321428571428575	3.0494047619047624	-4.5321428571428575	3.049404761904762	0	end	75	3.1058285412302489	4.2473599154688202	left	-3.8941714587697511	3.2473599154688202	Reach with cursor
780.1497280597687	3	-4.448214285714286	3.0214285714285722	-4.4482142857142861	3.0214285714285714	0	end	75	3.1058285412302489	4.2473599154688202	left	-3.8941714587697511	3.2473599154688202	Reach with cursor
780.1663269996643	3	-4.392261904761905	3.0214285714285722	-4.3922619047619049	3.0214285714285714	0	end	75	3.1058285412302489	4.2473599154688202	left	-3.8941714587697511	3.2473599154688202	Reach with cursor
780.182941198349	3	-4.168452380952381	3.0214285714285722	-4.168452380952381	3.0214285714285714	0	end	75	3.1058285412302489	4.2473599154688202	left	-3.8941714587697511	3.2473599154688202	Reach with cursor
780.1995069980621	3	-3.748809523809524	3.0494047619047624	-3.7488095238095238	3.049404761904762	0	end	75	3.1058285412302489	4.2473599154688202	left	-3.8941714587697511	3.2473599154688202	Reach with cursor
780.216066122055	3	-3.469047619047619	3.0494047619047624	-3.4690476190476192	3.049404761904762	0	end	75	3.1058285412302489	4.2473599154688202	left	-3.8941714587697511	3.2473599154688202	Reach with cursor
780.2328150272369	3	-2.8815476190476192	3.0494047619047624	-2.8815476190476192	3.049404761904762	0	end	75	3.1058285412302489	4.2473599154688202	left	-3.8941714587697511	3.2473599154688202	Reach with cursor
780.2492871284485	3	-2.3779761904761907	2.9654761904761902	-2.3779761904761907	2.9654761904761906	0	end	75	3.1058285412302489	4.2473599154688202	left	-3.8941714587697511	3.2473599154688202	Reach with cursor
780.265878200531	3	-2.154166666666667	2.9095238095238098	-2.1541666666666668	2.9095238095238094	0	end	75	3.1058285412302489	4.2473599154688202	left	-3.8941714587697511	3.2473599154688202	Reach with cursor
780.2824311256409	3	-1.818452380952381	2.7416666666666671	-1.8184523809523809	2.7416666666666667	0	end	75	3.1058285412302489	4.2473599154688202	left	-3.8941714587697511	3.2473599154688202	Reach with cursor
780.2990770339966	3	-1.650595238095238	2.6017857142857146	-1.650595238095238	2.6017857142857141	0	end	75	3.1058285412302489	4.2473599154688202	left	-3.8941714587697511	3.2473599154688202	Reach with cursor
780.3156599998474	3	-1.3428571428571427	2.2380952380952372	-1.3428571428571427	2.2380952380952381	0	end	75	3.1058285412302489	4.2473599154688202	left	-3.8941714587697511	3.2473599154688202	Reach with cursor
780.3322200775146	3	-1.0351190476190477	1.7904761904761912	-1.0351190476190477	1.7904761904761906	0	end	75	3.1058285412302489	4.2473599154688202	left	-3.8941714587697511	3.2473599154688202	Reach with cursor
780.3488850593567	3	-0.7553571428571428	1.2589285714285712	-0.75535714285714284	1.2589285714285714	0	end	75	3.1058285412302489	4.2473599154688202	left	-3.8941714587697511	3.2473599154688202	Reach with cursor
780.3654680252075	3	-0.643452380952381	0.97916666666666607	-0.643452380952381	0.97916666666666663	0	end	75	3.1058285412302489	4.2473599154688202	left	-3.8941714587697511	3.2473599154688202	Reach with cursor
780.3820011615753	3	-0.44761904761904764	0.33571428571428541	-0.44761904761904764	0.33571428571428569	0	end	75	3.1058285412302489	4.2473599154688202	left	-3.8941714587697511	3.2473599154688202	Reach with cursor
780.3986201286316	3	-0.3636904761904762	-0.027976190476190155	-0.36369047619047618	-0.027976190476190477	0	end	75	3.1058285412302489	4.2473599154688202	left	-3.8941714587697511	3.2473599154688202	Reach with cursor
780.4152011871338	3	-0.19583333333333333	-0.75535714285714306	-0.19583333333333333	-0.75535714285714284	0	end	75	3.1058285412302489	4.2473599154688202	left	-3.8941714587697511	3.2473599154688202	Reach with cursor
780.4318010807037	3	-0.027976190476190477	-1.5107142857142861	-0.027976190476190477	-1.5107142857142857	0	end	75	3.1058285412302489	4.2473599154688202	left	-3.8941714587697511	3.2473599154688202	Reach with cursor
780.4484491348267	3	0.11190476190476191	-2.2660714285714292	0.11190476190476191	-2.2660714285714287	0	end	75	3.1058285412302489	4.2473599154688202	left	-3.8941714587697511	3.2473599154688202	Reach with cursor
780.4650130271912	3	0.13988095238095238	-2.6017857142857146	0.13988095238095238	-2.6017857142857141	0	end	75	3.1058285412302489	4.2473599154688202	left	-3.8941714587697511	3.2473599154688202	Reach with cursor
780.4815781116486	3	0.16785714285714284	-3.2732142857142854	0.16785714285714284	-3.2732142857142859	0	end	75	3.1058285412302489	4.2473599154688202	left	-3.8941714587697511	3.2473599154688202	Reach with cursor
780.498172044754	3	0.16785714285714284	-3.5809523809523811	0.16785714285714284	-3.5809523809523811	0	end	75	3.1058285412302489	4.2473599154688202	left	-3.8941714587697511	3.2473599154688202	Reach with cursor
780.5147960186005	3	0.19583333333333333	-4.0845238095238097	0.19583333333333333	-4.0845238095238097	0	end	75	3.1058285412302489	4.2473599154688202	left	-3.8941714587697511	3.2473599154688202	Reach with cursor
780.5313670635223	3	0.22380952380952382	-4.5321428571428575	0.22380952380952382	-4.5321428571428575	0	end	75	3.1058285412302489	4.2473599154688202	left	-3.8941714587697511	3.2473599154688202	Reach with cursor
780.5479991436005	3	0.2517857142857143	-4.8678571428571429	0.25178571428571428	-4.8678571428571429	0	end	75	3.1058285412302489	4.2473599154688202	left	-3.8941714587697511	3.2473599154688202	Reach with cursor
780.5645761489868	3	0.27976190476190477	-5.0077380952380954	0.27976190476190477	-5.0077380952380954	0	end	75	3.1058285412302489	4.2473599154688202	left	-3.8941714587697511	3.2473599154688202	Reach with cursor
780.5811741352081	3	0.3357142857142857	-5.2874999999999996	0.33571428571428569	-5.2874999999999996	0	end	75	3.1058285412302489	4.2473599154688202	left	-3.8941714587697511	3.2473599154688202	Reach with cursor
