780.5833551883698	4	0.3357142857142857	-5.2874999999999996	0.33571428571428569	-5.2874999999999996	0	end	105	-3.1058285412302502	4.2473599154688202	right	1.8941714587697498	3.2473599154688202	Reach with cursor
780.6143081188202	4	0.5595238095238095	-5.7630952380952385	0.55952380952380953	-5.7630952380952385	0	end	105	-3.1058285412302502	4.2473599154688202	right	1.8941714587697498	3.2473599154688202	Reach with cursor
780.6309180259705	4	0.7833333333333333	-6.0988095238095239	0.78333333333333333	-6.0988095238095239	0	end	105	-3.1058285412302502	4.2473599154688202	right	1.8941714587697498	3.2473599154688202	Reach with cursor
780.6475400924683	4	0.9791666666666666	-6.4345238095238093	0.97916666666666663	-6.4345238095238093	0	end	105	-3.1058285412302502	4.2473599154688202	right	1.8941714587697498	3.2473599154688202	Reach with cursor
780.6640992164612	4	1.063095238095238	-6.602380952380952	1.0630952380952381	-6.602380952380952	0	end	105	-3.1058285412302502	4.2473599154688202	right	1.8941714587697498	3.2473599154688202	Reach with cursor
780.6806950569153	4	1.119047619047619	-6.854166666666667	1.1190476190476191	-6.854166666666667	0	end	105	-3.1058285412302502	4.2473599154688202	right	1.8941714587697498	3.2473599154688202	Reach with cursor
780.6972980499268	4	1.119047619047619	-6.9380952380952383	1.1190476190476191	-6.9380952380952383	0	end	105	-3.1058285412302502	4.2473599154688202	right	1.8941714587697498	3.2473599154688202	Reach with cursor
780.7138910293579	4	1.0910714285714285	-6.9940476190476186	1.0910714285714285	-6.9940476190476186	0	end	105	-3.1058285412302502	4.2473599154688202	right	1.8941714587697498	3.2473599154688202	Reach with cursor
780.7305061817169	4	1.0910714285714285	-6.9940476190476186	1.0910714285714285	-6.9940476190476186	0	end	105	-3.1058285412302502	4.2473599154688202	right	1.8941714587697498	3.2473599154688202	Reach with cursor
780.7471151351929	4	1.0910714285714285	-6.9940476190476186	1.0910714285714285	-6.9940476190476186	0	end	105	-3.1058285412302502	4.2473599154688202	right	1.8941714587697498	3.2473599154688202	Reach with cursor
780.7636890411377	4	1.0910714285714285	-6.9940476190476186	1.0910714285714285	-6.9940476190476186	0	end	105	-3.1058285412302502	4.2473599154688202	right	1.8941714587697498	3.2473599154688202	Reach with cursor
780.7803030014038	4	1.0910714285714285	-6.9940476190476186	1.0910714285714285	-6.9940476190476186	0	end	105	-3.1058285412302502	4.2473599154688202	right	1.8941714587697498	3.2473599154688202	Reach with cursor
780.7968652248383	4	1.0910714285714285	-6.9940476190476186	1.0910714285714285	-6.9940476190476186	0	end	105	-3.1058285412302502	4.2473599154688202	right	1.8941714587697498	3.2473599154688202	Reach with cursor
780.8134651184082	4	1.0910714285714285	-6.9940476190476186	1.0910714285714285	-6.9940476190476186	0	end	105	-3.1058285412302502	4.2473599154688202	right	1.8941714587697498	3.2473599154688202	Reach with cursor
780.8300521373749	4	1.0910714285714285	-6.9940476190476186	1.0910714285714285	-6.9940476190476186	0	end	105	-3.1058285412302502	4.2473599154688202	right	1.8941714587697498	3.2473599154688202	Reach with cursor
780.846696138382	4	1.0910714285714285	-6.9940476190476186	1.0910714285714285	-6.9940476190476186	0	end	105	-3.1058285412302502	4.2473599154688202	right	1.8941714587697498	3.2473599154688202	Reach with cursor
780.8632411956787	4	1.0910714285714285	-6.9940476190476186	1.0910714285714285	-6.9940476190476186	0	end	105	-3.1058285412302502	4.2473599154688202	right	1.8941714587697498	3.2473599154688202	Reach with cursor
780.8798542022705	4	1.0910714285714285	-6.9940476190476186	1.0910714285714285	-6.9940476190476186	0	end	105	-3.1058285412302502	4.2473599154688202	right	1.8941714587697498	3.2473599154688202	Reach with cursor
780.8964581489563	4	1.0910714285714285	-6.9660714285714285	1.0910714285714285	-6.9660714285714285	0	end	105	-3.1058285412302502	4.2473599154688202	right	1.8941714587697498	3.2473599154688202	Reach with cursor
780.9130501747131	4	1.0071428571428571	-6.9101190476190473	1.0071428571428571	-6.9101190476190473	0	end	105	-3.1058285412302502	4.2473599154688202	right	1.8941714587697498	3.2473599154688202	Reach with cursor
780.9296450614929	4	0.9511904761904761	-6.854166666666667	0.95119047619047614	-6.854166666666667	0	end	105	-3.1058285412302502	4.2473599154688202	right	1.8941714587697498	3.2473599154688202	Reach with cursor
780.9463980197906	4	0.7273809523809524	-6.6303571428571431	0.72738095238095235	-6.6303571428571431	0	end	105	-3.1058285412302502	4.2473599154688202	right	1.8941714587697498	3.2473599154688202	Reach with cursor
780.9627912044525	4	0.39166666666666666	-6.2946428571428568	0.39166666666666666	-6.2946428571428568	0	end	105	-3.1058285412302502	4.2473599154688202	right	1.8941714587697498	3.2473599154688202	Reach with cursor
780.979415178299	4	0.0	-5.7630952380952385	0.0	-5.7630952380952385	0	end	105	-3.1058285412302502	4.2473599154688202	right	1.8941714587697498	3.2473599154688202	Reach with cursor
780.9959762096405	4	-0.16785714285714284	-5.4273809523809522	-0.16785714285714284	-5.4273809523809522	0	end	105	-3.1058285412302502	4.2473599154688202	right	1.8941714587697498	3.2473599154688202	Reach with cursor
781.0125341415405	4	-0.531547619047619	-4.6720238095238091	-0.53154761904761905	-4.6720238095238091	0	end	105	-3.1058285412302502	4.2473599154688202	right	1.8941714587697498	3.2473599154688202	Reach with cursor
781.0291550159454	4	-0.6714285714285714	-4.2803571428571425	-0.67142857142857137	-4.2803571428571425	0	end	105	-3.1058285412302502	4.2473599154688202	right	1.8941714587697498	3.2473599154688202	Reach with cursor
781.0459082126617	4	-0.9232142857142858	-3.4970238095238093	-0.92321428571428577	-3.4970238095238093	0	end	105	-3.1058285412302502	4.2473599154688202	right	1.8941714587697498	3.2473599154688202	Reach with cursor
781.0623891353607	4	-1.1470238095238094	-2.8255952380952376	-1.1470238095238094	-2.825595238095238	0	end	105	-3.1058285412302502	4.2473599154688202	right	1.8941714587697498	3.2473599154688202	Reach with cursor
781.078940153122	4	-1.286904761904762	-2.5458333333333334	-1.286904761904762	-2.5458333333333334	0	end	105	-3.1058285412302502	4.2473599154688202	right	1.8941714587697498	3.2473599154688202	Reach with cursor
781.0955271720886	4	-1.5666666666666667	-2.0702380952380954	-1.5666666666666667	-2.0702380952380954	0	end	105	-3.1058285412302502	4.2473599154688202	right	1.8941714587697498	3.2473599154688202	Reach with cursor
781.1122062206268	4	-1.8464285714285715	-1.6505952380952378	-1.8464285714285715	-1.650595238095238	0	end	105	-3.1058285412302502	4.2473599154688202	right	1.8941714587697498	3.2473599154688202	Reach with cursor
781.1293330192566	4	-1.9863095238095239	-1.4547619047619049	-1.9863095238095239	-1.4547619047619047	0	end	105	-3.1058285412302502	4.2473599154688202	right	1.8941714587697498	3.2473599154688202	Reach with cursor
781.1453812122345	4	-2.294047619047619	-1.0630952380952383	-2.2940476190476189	-1.0630952380952381	0	end	105	-3.1058285412302502	4.2473599154688202	right	1.8941714587697498	3.2473599154688202	Reach with cursor
781.1619651317596	4	-2.5458333333333334	-0.64345238095238066	-2.5458333333333334	-0.643452380952381	0	end	105	-3.1058285412302502	4.2473599154688202	right	1.8941714587697498	3.2473599154688202	Reach with cursor
781.1785612106323	4	-2.7416666666666667	-0.25178571428571406	-2.7416666666666667	-0.25178571428571428	0	end	105	-3.1058285412302502	4.2473599154688202	right	1.8941714587697498	3.2473599154688202	Reach with cursor
781.1951050758362	4	-2.825595238095238	-0.055952380952381198	-2.825595238095238	-0.055952380952380955	0	end	105	-3.1058285412302502	4.2473599154688202	right	1.8941714587697498	3.2473599154688202	Reach with cursor
781.2117230892181	4	-2.9934523809523808	0.33571428571428541	-2.9934523809523808	0.33571428571428569	0	end	105	-3.1058285412302502	4.2473599154688202	right	1.8941714587697498	3.2473599154688202	Reach with cursor
781.228324174881	4	-3.049404761904762	0.53154761904761916	-3.049404761904762	0.53154761904761905	0	end	105	-3.1058285412302502	4.2473599154688202	right	1.8941714587697498	3.2473599154688202	Reach with cursor
781.2449400424957	4	-3.161309523809524	0.95119047619047592	-3.1613095238095239	0.95119047619047614	0	end	105	-3.1058285412302502	4.2473599154688202	right	1.8941714587697498	3.2473599154688202	Reach with cursor
781.2615392208099	4	-3.2172619047619047	1.3428571428571434	-3.2172619047619047	1.3428571428571427	0	end	105	-3.1058285412302502	4.2473599154688202	right	1.8941714587697498	3.2473599154688202	Reach with cursor
781.2781012058258	4	-3.2452380952380953	1.5386904761904763	-3.2452380952380953	1.5386904761904763	0	end	105	-3.1058285412302502	4.2473599154688202	right	1.8941714587697498	3.2473599154688202	Reach with cursor
781.2946650981903	4	-3.2452380952380953	1.9023809523809518	-3.2452380952380953	1.9023809523809523	0	end	105	-3.1058285412302502	4.2473599154688202	right	1.8941714587697498	3.2473599154688202	Reach with cursor
781.3113100528717	4	-3.273214285714286	2.2101190476190471	-3.2732142857142859	2.2101190476190475	0	end	105	-3.1058285412302502	4.2473599154688202	right	1.8941714587697498	3.2473599154688202	Reach with cursor
781.3278810977936	4	-3.301190476190476	2.3499999999999996	-3.301190476190476	2.3500000000000001	0	end	105	-3.1058285412302502	4.2473599154688202	right	1.8941714587697498	3.2473599154688202	Reach with cursor
781.3444690704346	4	-3.3291666666666666	2.6577380952380949	-3.3291666666666666	2.6577380952380953	0	end	105	-3.1058285412302502	4.2473599154688202	right	1.8941714587697498	3.2473599154688202	Reach with cursor
781.3611090183258	4	-3.385119047619048	2.9375	-3.3851190476190478	2.9375	0	end	105	-3.1058285412302502	4.2473599154688202	right	1.8941714587697498	3.2473599154688202	Reach with cursor
781.3777050971985	4	-3.385119047619048	3.0494047619047624	-3.3851190476190478	3.049404761904762	0	end	105	-3.1058285412302502	4.2473599154688202	right	1.8941714587697498	3.2473599154688202	Reach with cursor
781.3942761421204	4	-3.357142857142857	3.2732142857142854	-3.3571428571428572	3.2732142857142859	0	end	105	-3.1058285412302502	4.2473599154688202	right	1.8941714587697498	3.2473599154688202	Reach with cursor
781.4108471870422	4	-3.3291666666666666	3.3571428571428577	-3.3291666666666666	3.3571428571428572	0	end	105	-3.1058285412302502	4.2473599154688202	right	1.8941714587697498	3.2473599154688202	Reach with cursor
781.4274392127991	4	-3.301190476190476	3.5529761904761905	-3.301190476190476	3.5529761904761905	0	end	105	-3.1058285412302502	4.2473599154688202	right	1.8941714587697498	3.2473599154688202	Reach with cursor
781.4440619945526	4	-3.301190476190476	3.7488095238095234	-3.301190476190476	3.7488095238095238	0	end	105	-3.1058285412302502	4.2473599154688202	right	1.8941714587697498	3.2473599154688202	Reach with cursor
781.4606990814209	4	-3.357142857142857	3.8886904761904759	-3.3571428571428572	3.8886904761904764	0	end	105	-3.1058285412302502	4.2473599154688202	right	1.8941714587697498	3.2473599154688202	Reach with cursor
781.4772310256958	4	-3.357142857142857	3.9446428571428562	-3.3571428571428572	3.9446428571428571	0	end	105	-3.1058285412302502	4.2473599154688202	right	1.8941714587697498	3.2473599154688202	Reach with cursor
781.4938139915466	4	-3.385119047619048	4.0285714285714285	-3.3851190476190478	4.0285714285714285	0	end	105	-3.1058285412302502	4.2473599154688202	right	1.8941714587697498	3.2473599154688202	Reach with cursor
781.5104341506958	4	-3.385119047619048	4.0565476190476186	-3.3851190476190478	4.0565476190476186	0	end	105	-3.1058285412302502	4.2473599154688202	right	1.8941714587697498	3.2473599154688202	Reach with cursor
781.5270221233368	4	-3.385119047619048	4.0845238095238088	-3.3851190476190478	4.0845238095238097	0	end	105	-3.1058285412302502	4.2473599154688202	right	1.8941714587697498	3.2473599154688202	Reach with cursor
781.5436019897461	4	-3.385119047619048	4.1125000000000007	-3.3851190476190478	4.1124999999999998	0	end	105	-3.1058285412302502	4.2473599154688202	right	1.8941714587697498	3.2473599154688202	Reach with cursor
781.5602262020111	4	-3.385119047619048	4.1125000000000007	-3.3851190476190478	4.1124999999999998	0	end	105	-3.1058285412302502	4.2473599154688202	right	1.8941714587697498	3.2473599154688202	Reach with cursor
781.5768291950226	4	-3.413095238095238	4.1125000000000007	-3.413095238095238	4.1124999999999998	0	end	105	-3.1058285412302502	4.2473599154688202	right	1.8941714587697498	3.2473599154688202	Reach with cursor
781.593385219574	4	-3.413095238095238	4.1125000000000007	-3.413095238095238	4.1124999999999998	0	end	105	-3.1058285412302502	4.2473599154688202	right	1.8941714587697498	3.2473599154688202	Reach with cursor
781.6099591255188	4	-3.413095238095238	4.1404761904761909	-3.413095238095238	4.1404761904761909	0	end	105	-3.1058285412302502	4.2473599154688202	right	1.8941714587697498	3.2473599154688202	Reach with cursor
781.6265749931335	4	-3.413095238095238	4.1404761904761909	-3.413095238095238	4.1404761904761909	0	end	105	-3.1058285412302502	4.2473599154688202	right	1.8941714587697498	3.2473599154688202	Reach with cursor
781.6431410312653	4	-3.413095238095238	4.1404761904761909	-3.413095238095238	4.1404761904761909	0	end	105	-3.1058285412302502	4.2473599154688202	right	1.8941714587697498	3.2473599154688202	Reach with cursor
781.659775018692	4	-3.413095238095238	4.1404761904761909	-3.413095238095238	4.1404761904761909	0	end	105	-3.1058285412302502	4.2473599154688202	right	1.8941714587697498	3.2473599154688202	Reach with cursor
781.6763451099396	4	-3.413095238095238	4.1404761904761909	-3.413095238095238	4.1404761904761909	0	end	105	-3.1058285412302502	4.2473599154688202	right	1.8941714587697498	3.2473599154688202	Reach with cursor
781.6929280757904	4	-3.413095238095238	4.1404761904761909	-3.413095238095238	4.1404761904761909	0	end	105	-3.1058285412302502	4.2473599154688202	right	1.8941714587697498	3.2473599154688202	Reach with cursor
781.7095601558685	4	-3.413095238095238	4.1125000000000007	-3.413095238095238	4.1124999999999998	0	end	105	-3.1058285412302502	4.2473599154688202	right	1.8941714587697498	3.2473599154688202	Reach with cursor
781.7261350154877	4	-3.413095238095238	4.1125000000000007	-3.413095238095238	4.1124999999999998	0	end	105	-3.1058285412302502	4.2473599154688202	right	1.8941714587697498	3.2473599154688202	Reach with cursor
781.7427279949188	4	-3.413095238095238	4.1125000000000007	-3.413095238095238	4.1124999999999998	0	end	105	-3.1058285412302502	4.2473599154688202	right	1.8941714587697498	3.2473599154688202	Reach with cursor
781.7594602108002	4	-3.413095238095238	4.1125000000000007	-3.413095238095238	4.1124999999999998	0	end	105	-3.1058285412302502	4.2473599154688202	right	1.8941714587697498	3.2473599154688202	Reach with cursor
781.7759401798248	4	-3.413095238095238	4.1125000000000007	-3.413095238095238	4.1124999999999998	0	end	105	-3.1058285412302502	4.2473599154688202	right	1.8941714587697498	3.2473599154688202	Reach with cursor
781.7924911975861	4	-3.413095238095238	4.1125000000000007	-3.413095238095238	4.1404761904761909	0	end	105	-3.1058285412302502	4.2473599154688202	right	1.8941714587697498	3.2473599154688202	Reach with cursor
781.8090550899506	4	-3.413095238095238	4.1125000000000007	-3.413095238095238	4.1404761904761909	0	end	105	-3.1058285412302502	4.2473599154688202	right	1.8941714587697498	3.2473599154688202	Reach with cursor
781.8256900310516	4	-3.413095238095238	4.1125000000000007	-3.413095238095238	4.1404761904761909	0	end	105	-3.1058285412302502	4.2473599154688202	right	1.8941714587697498	3.2473599154688202	Reach with cursor
781.8422992229462	4	-3.413095238095238	4.1125000000000007	-3.413095238095238	4.1404761904761909	0	end	105	-3.1058285412302502	4.2473599154688202	right	1.8941714587697498	3.2473599154688202	Reach with cursor
781.8590161800385	4	-3.413095238095238	4.1125000000000007	-3.413095238095238	4.1404761904761909	0	end	105	-3.1058285412302502	4.2473599154688202	right	1.8941714587697498	3.2473599154688202	Reach with cursor
781.8755021095276	4	-3.413095238095238	4.1125000000000007	-3.413095238095238	4.1404761904761909	0	end	105	-3.1058285412302502	4.2473599154688202	right	1.8941714587697498	3.2473599154688202	Reach with cursor
781.8920311927795	4	-3.413095238095238	4.1125000000000007	-3.413095238095238	4.1404761904761909	0	end	105	-3.1058285412302502	4.2473599154688202	right	1.8941714587697498	3.2473599154688202	Reach with cursor
781.9087061882019	4	-3.413095238095238	4.1125000000000007	-3.413095238095238	4.1404761904761909	0	end	105	-3.1058285412302502	4.2473599154688202	right	1.8941714587697498	3.2473599154688202	Reach with cursor
781.9252681732178	4	-3.413095238095238	4.1125000000000007	-3.413095238095238	4.1404761904761909	0	end	105	-3.1058285412302502	4.2473599154688202	right	1.8941714587697498	3.2473599154688202	Reach with cursor
781.9418201446533	4	-3.413095238095238	4.1125000000000007	-3.413095238095238	4.1404761904761909	0	end	105	-3.1058285412302502	4.2473599154688202	right	1.8941714587697498	3.2473599154688202	Reach with cursor
781.9584290981293	4	-3.413095238095238	4.1125000000000007	-3.413095238095238	4.1404761904761909	0	end	105	-3.1058285412302502	4.2473599154688202	right	1.8941714587697498	3.2473599154688202	Reach with cursor
781.9750561714172	4	-3.413095238095238	4.1125000000000007	-3.413095238095238	4.1404761904761909	0	end	105	-3.1058285412302502	4.2473599154688202	right	1.8941714587697498	3.2473599154688202	Reach with cursor
781.9916322231293	4	-3.413095238095238	4.1125000000000007	-3.413095238095238	4.1404761904761909	0	end	105	-3.1058285412302502	4.2473599154688202	right	1.8941714587697498	3.2473599154688202	Reach with cursor
782.008218050003	4	-3.413095238095238	4.1125000000000007	-3.413095238095238	4.1404761904761909	0	end	105	-3.1058285412302502	4.2473599154688202	right	1.8941714587697498	3.2473599154688202	Reach with cursor
782.0249080657959	4	-3.413095238095238	4.1125000000000007	-3.413095238095238	4.1404761904761909	0	end	105	-3.1058285412302502	4.2473599154688202	right	1.8941714587697498	3.2473599154688202	Reach with cursor
782.041472196579	4	-3.413095238095238	4.1125000000000007	-3.413095238095238	4.1404761904761909	0	end	105	-3.1058285412302502	4.2473599154688202	right	1.8941714587697498	3.2473599154688202	Reach with cursor
782.0580031871796	4	-3.413095238095238	4.1125000000000007	-3.413095238095238	4.1404761904761909	0	end	105	-3.1058285412302502	4.2473599154688202	right	1.8941714587697498	3.2473599154688202	Reach with cursor
782.0746691226959	4	-3.413095238095238	4.1125000000000007	-3.413095238095238	4.1404761904761909	0	end	105	-3.1058285412302502	4.2473599154688202	right	1.8941714587697498	3.2473599154688202	Reach with cursor
782.0912210941315	4	-3.413095238095238	4.1125000000000007	-3.413095238095238	4.1404761904761909	0	end	105	-3.1058285412302502	4.2473599154688202	right	1.8941714587697498	3.2473599154688202	Reach with cursor
782.1078300476074	4	-3.413095238095238	4.1125000000000007	-3.413095238095238	4.1124999999999998	0	end	105	-3.1058285412302502	4.2473599154688202	right	1.8941714587697498	3.2473599154688202	Reach with cursor
782.1244051456451	4	-3.3851190476190478	4.1125000000000007	-3.3851190476190478	4.1124999999999998	0	end	105	-3.1058285412302502	4.2473599154688202	right	1.8941714587697498	3.2473599154688202	Reach with cursor
782.1410150527954	4	-3.3851190476190478	4.1125000000000007	-3.3851190476190478	4.1124999999999998	0	end	105	-3.1058285412302502	4.2473599154688202	right	1.8941714587697498	3.2473599154688202	Reach with cursor
782.1575860977173	4	-3.3291666666666666	4.1125000000000007	-3.3291666666666666	4.0845238095238097	0	end	105	-3.1058285412302502	4.2473599154688202	right	1.8941714587697498	3.2473599154688202	Reach with cursor
782.1741740703583	4	-3.2732142857142859	4.1125000000000007	-3.2732142857142859	4.0565476190476186	0	end	105	-3.1058285412302502	4.2473599154688202	right	1.8941714587697498	3.2473599154688202	Reach with cursor
782.190752029419	4	-3.2452380952380953	4.1125000000000007	-3.2452380952380953	4.0565476190476186	0	end	105	-3.1058285412302502	4.2473599154688202	right	1.8941714587697498	3.2473599154688202	Reach with cursor
782.2073490619659	4	-3.1613095238095239	4.1125000000000007	-3.1613095238095239	4.0285714285714285	0	end	105	-3.1058285412302502	4.2473599154688202	right	1.8941714587697498	3.2473599154688202	Reach with cursor
782.2239480018616	4	-2.9934523809523808	4.1125000000000007	-2.9934523809523808	4.0005952380952383	0	end	105	-3.1058285412302502	4.2473599154688202	right	1.8941714587697498	3.2473599154688202	Reach with cursor
782.2405891418457	4	-2.8535714285714286	4.1125000000000007	-2.8535714285714286	3.9726190476190477	0	end	105	-3.1058285412302502	4.2473599154688202	right	1.8941714587697498	3.2473599154688202	Reach with cursor
782.2571451663971	4	-2.5458333333333334	4.1125000000000007	-2.5458333333333334	3.9726190476190477	0	end	105	-3.1058285412302502	4.2473599154688202	right	1.8941714587697498	3.2473599154688202	Reach with cursor
782.2737731933594	4	-2.2101190476190475	4.1125000000000007	-2.2101190476190475	3.9446428571428571	0	end	105	-3.1058285412302502	4.2473599154688202	right	1.8941714587697498	3.2473599154688202	Reach with cursor
782.2902810573578	4	-2.0422619047619048	4.1125000000000007	-2.0422619047619048	3.9166666666666665	0	end	105	-3.1058285412302502	4.2473599154688202	right	1.8941714587697498	3.2473599154688202	Reach with cursor
782.3069851398468	4	-1.6785714285714286	4.1125000000000007	-1.6785714285714286	3.8886904761904764	0	end	105	-3.1058285412302502	4.2473599154688202	right	1.8941714587697498	3.2473599154688202	Reach with cursor
782.3235411643982	4	-1.3428571428571427	4.1125000000000007	-1.3428571428571427	3.8607142857142858	0	end	105	-3.1058285412302502	4.2473599154688202	right	1.8941714587697498	3.2473599154688202	Reach with cursor
782.340145111084	4	-1.175	4.1125000000000007	-1.175	3.8327380952380952	0	end	105	-3.1058285412302502	4.2473599154688202	right	1.8941714587697498	3.2473599154688202	Reach with cursor
782.3567180633545	4	-0.78333333333333333	4.1125000000000007	-0.78333333333333333	3.8047619047619046	0	end	105	-3.1058285412302502	4.2473599154688202	right	1.8941714587697498	3.2473599154688202	Reach with cursor
782.3733470439911	4	-0.39166666666666666	3.7767857142857153	-0.39166666666666666	3.7767857142857144	0	end	105	-3.1058285412302502	4.2473599154688202	right	1.8941714587697498	3.2473599154688202	Reach with cursor
782.3899261951447	4	-0.19583333333333333	3.7488095238095234	-0.19583333333333333	3.7488095238095238	0	end	105	-3.1058285412302502	4.2473599154688202	right	1.8941714587697498	3.2473599154688202	Reach with cursor
782.4064841270447	4	0.16785714285714284	3.7208333333333332	0.16785714285714284	3.7208333333333332	0	end	105	-3.1058285412302502	4.2473599154688202	right	1.8941714587697498	3.2473599154688202	Reach with cursor
782.4230790138245	4	0.3357142857142857	3.7208333333333332	0.33571428571428569	3.7208333333333332	0	end	105	-3.1058285412302502	4.2473599154688202	right	1.8941714587697498	3.2473599154688202	Reach with cursor
782.439700126648	4	0.6994047619047619	3.6928571428571431	0.69940476190476186	3.6928571428571431	0	end	105	-3.1058285412302502	4.2473599154688202	right	1.8941714587697498	3.2473599154688202	Reach with cursor
782.4562830924988	4	1.0910714285714285	3.6648809523809529	1.0910714285714285	3.6648809523809525	0	end	105	-3.1058285412302502	4.2473599154688202	right	1.8941714587697498	3.2473599154688202	Reach with cursor
782.4728801250458	4	1.4547619047619047	3.6369047619047628	1.4547619047619047	3.6369047619047619	0	end	105	-3.1058285412302502	4.2473599154688202	right	1.8941714587697498	3.2473599154688202	Reach with cursor
782.489461183548	4	1.6226190476190476	3.6369047619047628	1.6226190476190476	3.6369047619047619	0	end	105	-3.1058285412302502	4.2473599154688202	right	1.8941714587697498	3.2473599154688202	Reach with cursor
782.506078004837	4	1.9023809523809523	3.6369047619047628	1.9023809523809523	3.6369047619047619	0	end	105	-3.1058285412302502	4.2473599154688202	right	1.8941714587697498	3.2473599154688202	Reach with cursor
782.5226449966431	4	2.042261904761905	3.6369047619047628	2.0422619047619048	3.6369047619047619	0	end	105	-3.1058285412302502	4.2473599154688202	right	1.8941714587697498	3.2473599154688202	Reach with cursor
782.5392451286316	4	2.2101190476190475	3.6089285714285708	2.2101190476190475	3.6089285714285713	0	end	105	-3.1058285412302502	4.2473599154688202	right	1.8941714587697498	3.2473599154688202	Reach with cursor
782.5558171272278	4	2.3220238095238095	3.6089285714285708	2.3220238095238095	3.6089285714285713	0	end	105	-3.1058285412302502	4.2473599154688202	right	1.8941714587697498	3.2473599154688202	Reach with cursor
782.5725572109222	4	2.405952380952381	3.5809523809523807	2.4059523809523808	3.5809523809523811	0	end	105	-3.1058285412302502	4.2473599154688202	right	1.8941714587697498	3.2473599154688202	Reach with cursor
782.5890262126923	4	2.4339285714285714	3.5809523809523807	2.4339285714285714	3.5809523809523811	0	end	105	-3.1058285412302502	4.2473599154688202	right	1.8941714587697498	3.2473599154688202	Reach with cursor
782.6056129932404	4	2.517857142857143	3.5529761904761905	2.5178571428571428	3.5529761904761905	0	end	105	-3.1058285412302502	4.2473599154688202	right	1.8941714587697498	3.2473599154688202	Reach with cursor
782.6222081184387	4	2.5458333333333334	3.5529761904761905	2.5458333333333334	3.5529761904761905	0	end	105	-3.1058285412302502	4.2473599154688202	right	1.8941714587697498	3.2473599154688202	Reach with cursor
782.638818025589	4	2.573809523809524	3.5529761904761905	2.573809523809524	3.5529761904761905	0	end	105	-3.1058285412302502	4.2473599154688202	right	1.8941714587697498	3.2473599154688202	Reach with cursor
782.6553781032562	4	2.573809523809524	3.5250000000000004	2.573809523809524	3.5249999999999999	0	end	105	-3.1058285412302502	4.2473599154688202	right	1.8941714587697498	3.2473599154688202	Reach with cursor
782.6721141338348	4	2.573809523809524	3.5250000000000004	2.573809523809524	3.5249999999999999	0	end	105	-3.1058285412302502	4.2473599154688202	right	1.8941714587697498	3.2473599154688202	Reach with cursor
782.6886141300201	4	2.573809523809524	3.5250000000000004	2.573809523809524	3.5249999999999999	0	end	105	-3.1058285412302502	4.2473599154688202	right	1.8941714587697498	3.2473599154688202	Reach with cursor
782.705176115036	4	2.573809523809524	3.5250000000000004	2.573809523809524	3.5249999999999999	0	end	105	-3.1058285412302502	4.2473599154688202	right	1.8941714587697498	3.2473599154688202	Reach with cursor
782.721776008606	4	2.573809523809524	3.5250000000000004	2.573809523809524	3.5249999999999999	0	end	105	-3.1058285412302502	4.2473599154688202	right	1.8941714587697498	3.2473599154688202	Reach with cursor
782.738361120224	4	2.573809523809524	3.5250000000000004	2.573809523809524	3.5249999999999999	0	end	105	-3.1058285412302502	4.2473599154688202	right	1.8941714587697498	3.2473599154688202	Reach with cursor
782.7549300193787	4	2.573809523809524	3.5250000000000004	2.573809523809524	3.5249999999999999	0	end	105	-3.1058285412302502	4.2473599154688202	right	1.8941714587697498	3.2473599154688202	Reach with cursor
782.7715570926666	4	2.573809523809524	3.5250000000000004	2.573809523809524	3.5249999999999999	0	end	105	-3.1058285412302502	4.2473599154688202	right	1.8941714587697498	3.2473599154688202	Reach with cursor
782.7881472110748	4	2.573809523809524	3.5250000000000004	2.573809523809524	3.5249999999999999	0	end	105	-3.1058285412302502	4.2473599154688202	right	1.8941714587697498	3.2473599154688202	Reach with cursor
782.8047201633453	4	2.573809523809524	3.5250000000000004	2.573809523809524	3.5249999999999999	0	end	105	-3.1058285412302502	4.2473599154688202	right	1.8941714587697498	3.2473599154688202	Reach with cursor
782.8213181495667	4	2.573809523809524	3.5250000000000004	2.573809523809524	3.5249999999999999	0	end	105	-3.1058285412302502	4.2473599154688202	right	1.8941714587697498	3.2473599154688202	Reach with cursor
782.8379650115967	4	2.573809523809524	3.5250000000000004	2.573809523809524	3.5249999999999999	0	end	105	-3.1058285412302502	4.2473599154688202	right	1.8941714587697498	3.2473599154688202	Reach with cursor
782.8545269966125	4	2.573809523809524	3.5250000000000004	2.573809523809524	3.5249999999999999	0	end	105	-3.1058285412302502	4.2473599154688202	right	1.8941714587697498	3.2473599154688202	Reach with cursor
782.8711211681366	4	2.5458333333333334	3.5529761904761905	2.5458333333333334	3.5529761904761905	0	end	105	-3.1058285412302502	4.2473599154688202	right	1.8941714587697498	3.2473599154688202	Reach with cursor
782.8877379894257	4	2.517857142857143	3.5529761904761905	2.5178571428571428	3.5529761904761905	0	end	105	-3.1058285412302502	4.2473599154688202	right	1.8941714587697498	3.2473599154688202	Reach with cursor
782.9043710231781	4	2.4339285714285714	3.5529761904761905	2.4339285714285714	3.5529761904761905	0	end	105	-3.1058285412302502	4.2473599154688202	right	1.8941714587697498	3.2473599154688202	Reach with cursor
782.9209640026093	4	2.3779761904761907	3.5529761904761905	2.3779761904761907	3.5529761904761905	0	end	105	-3.1058285412302502	4.2473599154688202	right	1.8941714587697498	3.2473599154688202	Reach with cursor
782.937509059906	4	2.2660714285714287	3.5529761904761905	2.2660714285714287	3.5529761904761905	0	end	105	-3.1058285412302502	4.2473599154688202	right	1.8941714587697498	3.2473599154688202	Reach with cursor
782.9540960788727	4	2.154166666666667	3.5250000000000004	2.1541666666666668	3.5249999999999999	0	end	105	-3.1058285412302502	4.2473599154688202	right	1.8941714587697498	3.2473599154688202	Reach with cursor
782.9706981182098	4	2.0702380952380954	3.5250000000000004	2.0702380952380954	3.5249999999999999	0	end	105	-3.1058285412302502	4.2473599154688202	right	1.8941714587697498	3.2473599154688202	Reach with cursor
782.987300157547	4	2.042261904761905	3.4970238095238102	2.0422619047619048	3.4970238095238093	0	end	105	-3.1058285412302502	4.2473599154688202	right	1.8941714587697498	3.2473599154688202	Reach with cursor
783.0038502216339	4	1.9863095238095239	3.4410714285714281	1.9863095238095239	3.4410714285714286	0	end	105	-3.1058285412302502	4.2473599154688202	right	1.8941714587697498	3.2473599154688202	Reach with cursor
783.020455121994	4	1.9583333333333333	3.413095238095238	1.9583333333333333	3.413095238095238	0	end	105	-3.1058285412302502	4.2473599154688202	right	1.8941714587697498	3.2473599154688202	Reach with cursor
783.0370740890503	4	1.9023809523809523	3.3011904761904756	1.9023809523809523	3.301190476190476	0	end	105	-3.1058285412302502	4.2473599154688202	right	1.8941714587697498	3.2473599154688202	Reach with cursor
783.0536320209503	4	1.8464285714285715	3.1333333333333329	1.8464285714285715	3.1333333333333333	0	end	105	-3.1058285412302502	4.2473599154688202	right	1.8941714587697498	3.2473599154688202	Reach with cursor
783.0702791213989	4	1.818452380952381	3.0214285714285722	1.8184523809523809	3.0214285714285714	0	end	105	-3.1058285412302502	4.2473599154688202	right	1.8941714587697498	3.2473599154688202	Reach with cursor
783.0868639945984	4	1.7345238095238096	2.7416666666666671	1.7345238095238096	2.7416666666666667	0	end	105	-3.1058285412302502	4.2473599154688202	right	1.8941714587697498	3.2473599154688202	Reach with cursor
783.1034510135651	4	1.6785714285714286	2.4059523809523817	1.6785714285714286	2.4059523809523808	0	end	105	-3.1058285412302502	4.2473599154688202	right	1.8941714587697498	3.2473599154688202	Reach with cursor
783.1200060844421	4	1.6785714285714286	2.2101190476190471	1.6785714285714286	2.2101190476190475	0	end	105	-3.1058285412302502	4.2473599154688202	right	1.8941714587697498	3.2473599154688202	Reach with cursor
783.1366159915924	4	1.6226190476190476	1.8184523809523814	1.6226190476190476	1.8184523809523809	0	end	105	-3.1058285412302502	4.2473599154688202	right	1.8941714587697498	3.2473599154688202	Reach with cursor
783.1531760692596	4	1.5946428571428573	1.3708333333333336	1.5946428571428573	1.3708333333333333	0	end	105	-3.1058285412302502	4.2473599154688202	right	1.8941714587697498	3.2473599154688202	Reach with cursor
783.1698241233826	4	1.5666666666666667	1.1190476190476186	1.5666666666666667	1.1190476190476191	0	end	105	-3.1058285412302502	4.2473599154688202	right	1.8941714587697498	3.2473599154688202	Reach with cursor
783.1864130496979	4	1.4827380952380953	0.61547619047619051	1.4827380952380953	0.61547619047619051	0	end	105	-3.1058285412302502	4.2473599154688202	right	1.8941714587697498	3.2473599154688202	Reach with cursor
783.2029891014099	4	1.3428571428571427	0.055952380952381198	1.3428571428571427	0.055952380952380955	0	end	105	-3.1058285412302502	4.2473599154688202	right	1.8941714587697498	3.2473599154688202	Reach with cursor
783.2195980548859	4	1.2589285714285714	-0.25178571428571406	1.2589285714285714	-0.25178571428571428	0	end	105	-3.1058285412302502	4.2473599154688202	right	1.8941714587697498	3.2473599154688202	Reach with cursor
783.2362351417542	4	1.0351190476190477	-0.86726190476190457	1.0351190476190477	-0.86726190476190479	0	end	105	-3.1058285412302502	4.2473599154688202	right	1.8941714587697498	3.2473599154688202	Reach with cursor
783.2528111934662	4	0.9232142857142858	-1.2029761904761909	0.92321428571428577	-1.2029761904761904	0	end	105	-3.1058285412302502	4.2473599154688202	right	1.8941714587697498	3.2473599154688202	Reach with cursor
783.2693910598755	4	0.7553571428571428	-1.8184523809523814	0.75535714285714284	-1.8184523809523809	0	end	105	-3.1058285412302502	4.2473599154688202	right	1.8941714587697498	3.2473599154688202	Reach with cursor
783.2859880924225	4	0.643452380952381	-2.461904761904762	0.643452380952381	-2.461904761904762	0	end	105	-3.1058285412302502	4.2473599154688202	right	1.8941714587697498	3.2473599154688202	Reach with cursor
783.3025979995728	4	0.6154761904761905	-3.1053571428571427	0.61547619047619051	-3.1053571428571427	0	end	105	-3.1058285412302502	4.2473599154688202	right	1.8941714587697498	3.2473599154688202	Reach with cursor
783.3191680908203	4	0.6154761904761905	-3.413095238095238	0.61547619047619051	-3.413095238095238	0	end	105	-3.1058285412302502	4.2473599154688202	right	1.8941714587697498	3.2473599154688202	Reach with cursor
783.3357541561127	4	0.643452380952381	-4.0285714285714285	0.643452380952381	-4.0285714285714285	0	end	105	-3.1058285412302502	4.2473599154688202	right	1.8941714587697498	3.2473599154688202	Reach with cursor
783.3523540496826	4	0.643452380952381	-4.3083333333333336	0.643452380952381	-4.3083333333333336	0	end	105	-3.1058285412302502	4.2473599154688202	right	1.8941714587697498	3.2473599154688202	Reach with cursor
783.3689591884613	4	0.6714285714285714	-4.8119047619047617	0.67142857142857137	-4.8119047619047617	0	end	105	-3.1058285412302502	4.2473599154688202	right	1.8941714587697498	3.2473599154688202	Reach with cursor
783.385644197464	4	0.6714285714285714	-5.2874999999999996	0.67142857142857137	-5.2874999999999996	0	end	105	-3.1058285412302502	4.2473599154688202	right	1.8941714587697498	3.2473599154688202	Reach with cursor
783.4021570682526	4	0.6714285714285714	-5.5113095238095235	0.67142857142857137	-5.5113095238095235	0	end	105	-3.1058285412302502	4.2473599154688202	right	1.8941714587697498	3.2473599154688202	Reach with cursor
