783.404736995697	5	0.6714285714285714	-5.5113095238095235	0.67142857142857137	-5.5113095238095235	0	end	90	7.3478807948841188e-16	4.65625	left	-6.9999999999999991	3.65625	Reach with cursor
783.4353501796722	5	0.6994047619047619	-6.2386904761904765	0.69940476190476186	-6.2386904761904765	0	end	90	7.3478807948841188e-16	4.65625	left	-6.9999999999999991	3.65625	Reach with cursor
783.4519200325012	5	0.6994047619047619	-6.378571428571429	0.69940476190476186	-6.378571428571429	0	end	90	7.3478807948841188e-16	4.65625	left	-6.9999999999999991	3.65625	Reach with cursor
783.4684920310974	5	0.6994047619047619	-6.602380952380952	0.69940476190476186	-6.602380952380952	0	end	90	7.3478807948841188e-16	4.65625	left	-6.9999999999999991	3.65625	Reach with cursor
783.4852230548859	5	0.7273809523809524	-6.7982142857142858	0.72738095238095235	-6.7982142857142858	0	end	90	7.3478807948841188e-16	4.65625	left	-6.9999999999999991	3.65625	Reach with cursor
783.5017421245575	5	0.7273809523809524	-6.8821428571428571	0.72738095238095235	-6.8821428571428571	0	end	90	7.3478807948841188e-16	4.65625	left	-6.9999999999999991	3.65625	Reach with cursor
783.5182900428772	5	0.7553571428571428	-6.9940476190476186	0.75535714285714284	-6.9940476190476186	0	end	90	7.3478807948841188e-16	4.65625	left	-6.9999999999999991	3.65625	Reach with cursor
783.534882068634	5	0.7553571428571428	-7.0220238095238097	0.75535714285714284	-7.0220238095238097	0	end	90	7.3478807948841188e-16	4.65625	left	-6.9999999999999991	3.65625	Reach with cursor
783.5514709949493	5	0.7553571428571428	-7.0779761904761909	0.75535714285714284	-7.0779761904761909	0	end	90	7.3478807948841188e-16	4.65625	left	-6.9999999999999991	3.65625	Reach with cursor
783.5681200027466	5	0.7553571428571428	-7.1339285714285712	0.75535714285714284	-7.1339285714285712	0	end	90	7.3478807948841188e-16	4.65625	left	-6.9999999999999991	3.65625	Reach with cursor
783.5846991539001	5	0.7553571428571428	-7.1339285714285712	0.75535714285714284	-7.1339285714285712	0	end	90	7.3478807948841188e-16	4.65625	left	-6.9999999999999991	3.65625	Reach with cursor
783.6012961864471	5	0.7553571428571428	-7.1339285714285712	0.75535714285714284	-7.1339285714285712	0	end	90	7.3478807948841188e-16	4.65625	left	-6.9999999999999991	3.65625	Reach with cursor
783.617849111557	5	0.7833333333333333	-7.1339285714285712	0.78333333333333333	-7.1339285714285712	0	end	90	7.3478807948841188e-16	4.65625	left	-6.9999999999999991	3.65625	Reach with cursor
783.6344590187073	5	0.7833333333333333	-7.1339285714285712	0.78333333333333333	-7.1339285714285712	0	end	90	7.3478807948841188e-16	4.65625	left	-6.9999999999999991	3.65625	Reach with cursor
783.651046037674	5	0.7833333333333333	-7.1339285714285712	0.78333333333333333	-7.1339285714285712	0	end	90	7.3478807948841188e-16	4.65625	left	-6.9999999999999991	3.65625	Reach with cursor
783.6676321029663	5	0.7833333333333333	-7.1339285714285712	0.78333333333333333	-7.1339285714285712	0	end	90	7.3478807948841188e-16	4.65625	left	-6.9999999999999991	3.65625	Reach with cursor
783.6842150688171	5	0.7833333333333333	-7.1339285714285712	0.78333333333333333	-7.1339285714285712	0	end	90	7.3478807948841188e-16	4.65625	left	-6.9999999999999991	3.65625	Reach with cursor
783.7008562088013	5	0.7833333333333333	-7.1339285714285712	0.78333333333333333	-7.1339285714285712	0	end	90	7.3478807948841188e-16	4.65625	left	-6.9999999999999991	3.65625	Reach with cursor
783.7174360752106	5	0.7833333333333333	-7.1339285714285712	0.78333333333333333	-7.1339285714285712	0	end	90	7.3478807948841188e-16	4.65625	left	-6.9999999999999991	3.65625	Reach with cursor
783.7339751720428	5	0.7833333333333333	-7.1339285714285712	0.78333333333333333	-7.1339285714285712	0	end	90	7.3478807948841188e-16	4.65625	left	-6.9999999999999991	3.65625	Reach with cursor
783.7505970001221	5	0.7833333333333333	-7.1339285714285712	0.78333333333333333	-7.1339285714285712	0	end	90	7.3478807948841188e-16	4.65625	left	-6.9999999999999991	3.65625	Reach with cursor
783.7672131061554	5	0.7833333333333333	-7.1339285714285712	0.78333333333333333	-7.1339285714285712	0	end	90	7.3478807948841188e-16	4.65625	left	-6.9999999999999991	3.65625	Reach with cursor
783.7838020324707	5	0.7833333333333333	-7.1339285714285712	0.78333333333333333	-7.1339285714285712	0	end	90	7.3478807948841188e-16	4.65625	left	-6.9999999999999991	3.65625	Reach with cursor
783.8004441261292	5	0.7833333333333333	-7.1339285714285712	0.78333333333333333	-7.1339285714285712	0	end	90	7.3478807948841188e-16	4.65625	left	-6.9999999999999991	3.65625	Reach with cursor
783.8169581890106	5	0.7833333333333333	-7.1339285714285712	0.78333333333333333	-7.1339285714285712	0	end	90	7.3478807948841188e-16	4.65625	left	-6.9999999999999991	3.65625	Reach with cursor
783.8335900306702	5	0.7833333333333333	-7.1339285714285712	0.78333333333333333	-7.1339285714285712	0	end	90	7.3478807948841188e-16	4.65625	left	-6.9999999999999991	3.65625	Reach with cursor
783.850170135498	5	0.7833333333333333	-7.1339285714285712	0.78333333333333333	-7.1339285714285712	0	end	90	7.3478807948841188e-16	4.65625	left	-6.9999999999999991	3.65625	Reach with cursor
783.8667750358582	5	0.7833333333333333	-7.1339285714285712	0.78333333333333333	-7.1339285714285712	0	end	90	7.3478807948841188e-16	4.65625	left	-6.9999999999999991	3.65625	Reach with cursor
783.8833570480347	5	0.7833333333333333	-7.1339285714285712	0.78333333333333333	-7.1339285714285712	0	end	90	7.3478807948841188e-16	4.65625	left	-6.9999999999999991	3.65625	Reach with cursor
783.9000151157379	5	0.7833333333333333	-7.1339285714285712	0.78333333333333333	-7.1339285714285712	0	end	90	7.3478807948841188e-16	4.65625	left	-6.9999999999999991	3.65625	Reach with cursor
783.9165661334991	5	0.7833333333333333	-7.1339285714285712	0.78333333333333333	-7.1339285714285712	0	end	90	7.3478807948841188e-16	4.65625	left	-6.9999999999999991	3.65625	Reach with cursor
783.9331362247467	5	0.7833333333333333	-7.1339285714285712	0.78333333333333333	-7.1339285714285712	0	end	90	7.3478807948841188e-16	4.65625	left	-6.9999999999999991	3.65625	Reach with cursor
783.9497292041779	5	0.7833333333333333	-7.1339285714285712	0.78333333333333333	-7.1339285714285712	0	end	90	7.3478807948841188e-16	4.65625	left	-6.9999999999999991	3.65625	Reach with cursor
783.9663240909576	5	0.7833333333333333	-7.1339285714285712	0.78333333333333333	-7.1339285714285712	0	end	90	7.3478807948841188e-16	4.65625	left	-6.9999999999999991	3.65625	Reach with cursor
783.9829051494598	5	0.7833333333333333	-7.1339285714285712	0.78333333333333333	-7.1339285714285712	0	end	90	7.3478807948841188e-16	4.65625	left	-6.9999999999999991	3.65625	Reach with cursor
783.9995410442352	5	0.7833333333333333	-7.1339285714285712	0.78333333333333333	-7.1339285714285712	0	end	90	7.3478807948841188e-16	4.65625	left	-6.9999999999999991	3.65625	Reach with cursor
784.0161101818085	5	0.7833333333333333	-7.1339285714285712	0.78333333333333333	-7.1339285714285712	0	end	90	7.3478807948841188e-16	4.65625	left	-6.9999999999999991	3.65625	Reach with cursor
784.0327520370483	5	0.7833333333333333	-7.1339285714285712	0.78333333333333333	-7.1339285714285712	0	end	90	7.3478807948841188e-16	4.65625	left	-6.9999999999999991	3.65625	Reach with cursor
784.0493080615997	5	0.7833333333333333	-7.1339285714285712	0.78333333333333333	-7.1339285714285712	0	end	90	7.3478807948841188e-16	4.65625	left	-6.9999999999999991	3.65625	Reach with cursor
784.0658791065216	5	0.7833333333333333	-7.1339285714285712	0.78333333333333333	-7.1339285714285712	0	end	90	7.3478807948841188e-16	4.65625	left	-6.9999999999999991	3.65625	Reach with cursor
784.0824670791626	5	0.7833333333333333	-7.1339285714285712	0.78333333333333333	-7.1339285714285712	0	end	90	7.3478807948841188e-16	4.65625	left	-6.9999999999999991	3.65625	Reach with cursor
784.0990810394287	5	0.7553571428571428	-7.1339285714285712	0.75535714285714284	-7.1339285714285712	0	end	90	7.3478807948841188e-16	4.65625	left	-6.9999999999999991	3.65625	Reach with cursor
784.1156861782074	5	0.7553571428571428	-7.105952380952381	0.75535714285714284	-7.105952380952381	0	end	90	7.3478807948841188e-16	4.65625	left	-6.9999999999999991	3.65625	Reach with cursor
784.1322550773621	5	0.7553571428571428	-7.105952380952381	0.75535714285714284	-7.105952380952381	0	end	90	7.3478807948841188e-16	4.65625	left	-6.9999999999999991	3.65625	Reach with cursor
784.148864030838	5	0.7553571428571428	-7.105952380952381	0.75535714285714284	-7.105952380952381	0	end	90	7.3478807948841188e-16	4.65625	left	-6.9999999999999991	3.65625	Reach with cursor
784.1654779911041	5	0.7553571428571428	-7.105952380952381	0.75535714285714284	-7.105952380952381	0	end	90	7.3478807948841188e-16	4.65625	left	-6.9999999999999991	3.65625	Reach with cursor
784.1820771694183	5	0.7553571428571428	-7.105952380952381	0.75535714285714284	-7.105952380952381	0	end	90	7.3478807948841188e-16	4.65625	left	-6.9999999999999991	3.65625	Reach with cursor
784.1987171173096	5	0.7553571428571428	-7.0779761904761909	0.75535714285714284	-7.0779761904761909	0	end	90	7.3478807948841188e-16	4.65625	left	-6.9999999999999991	3.65625	Reach with cursor
784.215264081955	5	0.6994047619047619	-6.9660714285714285	0.69940476190476186	-6.9660714285714285	0	end	90	7.3478807948841188e-16	4.65625	left	-6.9999999999999991	3.65625	Reach with cursor
784.2318861484528	5	0.643452380952381	-6.854166666666667	0.643452380952381	-6.854166666666667	0	end	90	7.3478807948841188e-16	4.65625	left	-6.9999999999999991	3.65625	Reach with cursor
784.248437166214	5	0.531547619047619	-6.5464285714285717	0.53154761904761905	-6.5464285714285717	0	end	90	7.3478807948841188e-16	4.65625	left	-6.9999999999999991	3.65625	Reach with cursor
784.265016078949	5	0.41964285714285715	-6.2946428571428568	0.41964285714285715	-6.2946428571428568	0	end	90	7.3478807948841188e-16	4.65625	left	-6.9999999999999991	3.65625	Reach with cursor
784.2816190719604	5	0.39166666666666666	-6.1827380952380953	0.39166666666666666	-6.1827380952380953	0	end	90	7.3478807948841188e-16	4.65625	left	-6.9999999999999991	3.65625	Reach with cursor
784.2983582019806	5	0.3636904761904762	-6.0708333333333337	0.36369047619047618	-6.0708333333333337	0	end	90	7.3478807948841188e-16	4.65625	left	-6.9999999999999991	3.65625	Reach with cursor
784.3148012161255	5	0.3357142857142857	-6.0428571428571427	0.33571428571428569	-6.0428571428571427	0	end	90	7.3478807948841188e-16	4.65625	left	-6.9999999999999991	3.65625	Reach with cursor
784.331395149231	5	0.3357142857142857	-6.0428571428571427	0.33571428571428569	-6.0428571428571427	0	end	90	7.3478807948841188e-16	4.65625	left	-6.9999999999999991	3.65625	Reach with cursor
784.3479900360107	5	0.3357142857142857	-6.0148809523809526	0.33571428571428569	-6.0148809523809526	0	end	90	7.3478807948841188e-16	4.65625	left	-6.9999999999999991	3.65625	Reach with cursor
784.3646111488342	5	0.30773809523809526	-5.9869047619047615	0.30773809523809526	-5.9869047619047615	0	end	90	7.3478807948841188e-16	4.65625	left	-6.9999999999999991	3.65625	Reach with cursor
784.3811950683594	5	0.27976190476190477	-5.9029761904761902	0.27976190476190477	-5.9029761904761902	0	end	90	7.3478807948841188e-16	4.65625	left	-6.9999999999999991	3.65625	Reach with cursor
784.3978221416473	5	0.2517857142857143	-5.7910714285714286	0.25178571428571428	-5.7910714285714286	0	end	90	7.3478807948841188e-16	4.65625	left	-6.9999999999999991	3.65625	Reach with cursor
784.4143900871277	5	0.22380952380952382	-5.7351190476190474	0.22380952380952382	-5.7351190476190474	0	end	90	7.3478807948841188e-16	4.65625	left	-6.9999999999999991	3.65625	Reach with cursor
784.430988073349	5	0.13988095238095238	-5.5672619047619047	0.13988095238095238	-5.5672619047619047	0	end	90	7.3478807948841188e-16	4.65625	left	-6.9999999999999991	3.65625	Reach with cursor
784.4475560188293	5	0.08392857142857142	-5.399404761904762	0.083928571428571422	-5.399404761904762	0	end	90	7.3478807948841188e-16	4.65625	left	-6.9999999999999991	3.65625	Reach with cursor
784.4641439914703	5	0.055952380952380955	-5.3154761904761907	0.055952380952380955	-5.3154761904761907	0	end	90	7.3478807948841188e-16	4.65625	left	-6.9999999999999991	3.65625	Reach with cursor
784.4807431697845	5	0.0	-5.2035714285714283	0.0	-5.2035714285714283	0	end	90	7.3478807948841188e-16	4.65625	left	-6.9999999999999991	3.65625	Reach with cursor
784.4973680973053	5	-0.055952380952380955	-5.0916666666666668	-0.055952380952380955	-5.0916666666666668	0	end	90	7.3478807948841188e-16	4.65625	left	-6.9999999999999991	3.65625	Reach with cursor
784.5139961242676	5	-0.055952380952380955	-5.0636904761904766	-0.055952380952380955	-5.0636904761904766	0	end	90	7.3478807948841188e-16	4.65625	left	-6.9999999999999991	3.65625	Reach with cursor
784.5305621623993	5	-0.08392857142857142	-4.9797619047619044	-0.083928571428571422	-4.9797619047619044	0	end	90	7.3478807948841188e-16	4.65625	left	-6.9999999999999991	3.65625	Reach with cursor
784.5471150875092	5	-0.11190476190476191	-4.8678571428571429	-0.11190476190476191	-4.8678571428571429	0	end	90	7.3478807948841188e-16	4.65625	left	-6.9999999999999991	3.65625	Reach with cursor
784.563737154007	5	-0.13988095238095238	-4.8119047619047617	-0.13988095238095238	-4.8119047619047617	0	end	90	7.3478807948841188e-16	4.65625	left	-6.9999999999999991	3.65625	Reach with cursor
784.5803110599518	5	-0.16785714285714284	-4.6720238095238091	-0.16785714285714284	-4.6720238095238091	0	end	90	7.3478807948841188e-16	4.65625	left	-6.9999999999999991	3.65625	Reach with cursor
784.596922159195	5	-0.22380952380952382	-4.5601190476190476	-0.22380952380952382	-4.5601190476190476	0	end	90	7.3478807948841188e-16	4.65625	left	-6.9999999999999991	3.65625	Reach with cursor
784.6135241985321	5	-0.22380952380952382	-4.5041666666666664	-0.22380952380952382	-4.5041666666666664	0	end	90	7.3478807948841188e-16	4.65625	left	-6.9999999999999991	3.65625	Reach with cursor
784.630115032196	5	-0.2517857142857143	-4.4202380952380951	-0.25178571428571428	-4.4202380952380951	0	end	90	7.3478807948841188e-16	4.65625	left	-6.9999999999999991	3.65625	Reach with cursor
784.6466979980469	5	-0.2517857142857143	-4.3642857142857139	-0.25178571428571428	-4.3642857142857139	0	end	90	7.3478807948841188e-16	4.65625	left	-6.9999999999999991	3.65625	Reach with cursor
784.6632730960846	5	-0.27976190476190477	-4.3083333333333336	-0.27976190476190477	-4.3083333333333336	0	end	90	7.3478807948841188e-16	4.65625	left	-6.9999999999999991	3.65625	Reach with cursor
784.6798920631409	5	-0.27976190476190477	-4.2523809523809524	-0.27976190476190477	-4.2523809523809524	0	end	90	7.3478807948841188e-16	4.65625	left	-6.9999999999999991	3.65625	Reach with cursor
784.6964700222015	5	-0.30773809523809526	-4.2244047619047622	-0.30773809523809526	-4.2244047619047622	0	end	90	7.3478807948841188e-16	4.65625	left	-6.9999999999999991	3.65625	Reach with cursor
784.7130930423737	5	-0.30773809523809526	-4.1964285714285712	-0.30773809523809526	-4.1964285714285712	0	end	90	7.3478807948841188e-16	4.65625	left	-6.9999999999999991	3.65625	Reach with cursor
784.7296500205994	5	-0.30773809523809526	-4.168452380952381	-0.30773809523809526	-4.168452380952381	0	end	90	7.3478807948841188e-16	4.65625	left	-6.9999999999999991	3.65625	Reach with cursor
784.7462542057037	5	-0.30773809523809526	-4.1404761904761909	-0.30773809523809526	-4.1404761904761909	0	end	90	7.3478807948841188e-16	4.65625	left	-6.9999999999999991	3.65625	Reach with cursor
784.7627840042114	5	-0.3357142857142857	-4.1124999999999998	-0.33571428571428569	-4.1124999999999998	0	end	90	7.3478807948841188e-16	4.65625	left	-6.9999999999999991	3.65625	Reach with cursor
784.7794141769409	5	-0.3357142857142857	-4.0845238095238097	-0.33571428571428569	-4.0845238095238097	0	end	90	7.3478807948841188e-16	4.65625	left	-6.9999999999999991	3.65625	Reach with cursor
784.7960460186005	5	-0.3357142857142857	-4.0845238095238097	-0.33571428571428569	-4.0845238095238097	0	end	90	7.3478807948841188e-16	4.65625	left	-6.9999999999999991	3.65625	Reach with cursor
784.8126690387726	5	-0.3357142857142857	-4.0845238095238097	-0.33571428571428569	-4.0845238095238097	0	end	90	7.3478807948841188e-16	4.65625	left	-6.9999999999999991	3.65625	Reach with cursor
784.829243183136	5	-0.3357142857142857	-4.0845238095238097	-0.33571428571428569	-4.0845238095238097	0	end	90	7.3478807948841188e-16	4.65625	left	-6.9999999999999991	3.65625	Reach with cursor
784.8458170890808	5	-0.3357142857142857	-4.0845238095238097	-0.33571428571428569	-4.0845238095238097	0	end	90	7.3478807948841188e-16	4.65625	left	-6.9999999999999991	3.65625	Reach with cursor
784.862398147583	5	-0.3357142857142857	-4.0845238095238097	-0.33571428571428569	-4.0845238095238097	0	end	90	7.3478807948841188e-16	4.65625	left	-6.9999999999999991	3.65625	Reach with cursor
784.87899518013	5	-0.3357142857142857	-4.0845238095238097	-0.33571428571428569	-4.0845238095238097	0	end	90	7.3478807948841188e-16	4.65625	left	-6.9999999999999991	3.65625	Reach with cursor
784.8955800533295	5	-0.3357142857142857	-4.0845238095238097	-0.33571428571428569	-4.0845238095238097	0	end	90	7.3478807948841188e-16	4.65625	left	-6.9999999999999991	3.65625	Reach with cursor
784.912239074707	5	-0.3357142857142857	-4.0845238095238097	-0.33571428571428569	-4.0845238095238097	0	end	90	7.3478807948841188e-16	4.65625	left	-6.9999999999999991	3.65625	Reach with cursor
784.9288010597229	5	-0.3357142857142857	-4.0845238095238097	-0.33571428571428569	-4.0845238095238097	0	end	90	7.3478807948841188e-16	4.65625	left	-6.9999999999999991	3.65625	Reach with cursor
784.9453811645508	5	-0.3357142857142857	-4.0845238095238097	-0.33571428571428569	-4.0845238095238097	0	end	90	7.3478807948841188e-16	4.65625	left	-6.9999999999999991	3.65625	Reach with cursor
784.9620041847229	5	-0.3357142857142857	-4.0845238095238097	-0.33571428571428569	-4.0845238095238097	0	end	90	7.3478807948841188e-16	4.65625	left	-6.9999999999999991	3.65625	Reach with cursor
784.9785690307617	5	-0.3357142857142857	-4.0845238095238097	-0.33571428571428569	-4.0845238095238097	0	end	90	7.3478807948841188e-16	4.65625	left	-6.9999999999999991	3.65625	Reach with cursor
784.9951410293579	5	-0.3357142857142857	-4.0845238095238097	-0.33571428571428569	-4.0845238095238097	0	end	90	7.3478807948841188e-16	4.65625	left	-6.9999999999999991	3.65625	Reach with cursor
785.0118041038513	5	-0.3357142857142857	-4.0845238095238097	-0.33571428571428569	-4.0845238095238097	0	end	90	7.3478807948841188e-16	4.65625	left	-6.9999999999999991	3.65625	Reach with cursor
785.0283751487732	5	-0.3357142857142857	-4.0845238095238097	-0.33571428571428569	-4.0845238095238097	0	end	90	7.3478807948841188e-16	4.65625	left	-6.9999999999999991	3.65625	Reach with cursor
785.0449800491333	5	-0.3357142857142857	-4.0845238095238097	-0.33571428571428569	-4.0845238095238097	0	end	90	7.3478807948841188e-16	4.65625	left	-6.9999999999999991	3.65625	Reach with cursor
785.0615360736847	5	-0.3357142857142857	-4.0845238095238097	-0.33571428571428569	-4.0845238095238097	0	end	90	7.3478807948841188e-16	4.65625	left	-6.9999999999999991	3.65625	Reach with cursor
785.0781211853027	5	-0.3357142857142857	-4.0845238095238097	-0.33571428571428569	-4.0845238095238097	0	end	90	7.3478807948841188e-16	4.65625	left	-6.9999999999999991	3.65625	Reach with cursor
785.094710111618	5	-0.3357142857142857	-4.0845238095238097	-0.33571428571428569	-4.0845238095238097	0	end	90	7.3478807948841188e-16	4.65625	left	-6.9999999999999991	3.65625	Reach with cursor
785.1115012168884	5	-0.3357142857142857	-4.0845238095238097	-0.33571428571428569	-4.0845238095238097	0	end	90	7.3478807948841188e-16	4.65625	left	-6.9999999999999991	3.65625	Reach with cursor
785.1279242038727	5	-0.3357142857142857	-4.0845238095238097	-0.33571428571428569	-4.0845238095238097	0	end	90	7.3478807948841188e-16	4.65625	left	-6.9999999999999991	3.65625	Reach with cursor
785.1444480419159	5	-0.3357142857142857	-4.0565476190476186	-0.33571428571428569	-4.0565476190476186	0	end	90	7.3478807948841188e-16	4.65625	left	-6.9999999999999991	3.65625	Reach with cursor
785.1611490249634	5	-0.3636904761904762	-3.9726190476190477	-0.36369047619047618	-3.9726190476190477	0	end	90	7.3478807948841188e-16	4.65625	left	-6.9999999999999991	3.65625	Reach with cursor
785.1776940822601	5	-0.3636904761904762	-3.8047619047619046	-0.36369047619047618	-3.8047619047619046	0	end	90	7.3478807948841188e-16	4.65625	left	-6.9999999999999991	3.65625	Reach with cursor
785.1942231655121	5	-0.39166666666666666	-3.6928571428571431	-0.39166666666666666	-3.6928571428571431	0	end	90	7.3478807948841188e-16	4.65625	left	-6.9999999999999991	3.65625	Reach with cursor
785.2109570503235	5	-0.39166666666666666	-3.4690476190476192	-0.39166666666666666	-3.4690476190476192	0	end	90	7.3478807948841188e-16	4.65625	left	-6.9999999999999991	3.65625	Reach with cursor
785.2275400161743	5	-0.41964285714285715	-3.3011904761904756	-0.41964285714285715	-3.301190476190476	0	end	90	7.3478807948841188e-16	4.65625	left	-6.9999999999999991	3.65625	Reach with cursor
785.2440240383148	5	-0.41964285714285715	-3.2452380952380953	-0.41964285714285715	-3.2452380952380953	0	end	90	7.3478807948841188e-16	4.65625	left	-6.9999999999999991	3.65625	Reach with cursor
785.2606711387634	5	-0.41964285714285715	-3.1892857142857149	-0.41964285714285715	-3.1892857142857145	0	end	90	7.3478807948841188e-16	4.65625	left	-6.9999999999999991	3.65625	Reach with cursor
785.2772521972656	5	-0.41964285714285715	-3.1892857142857149	-0.41964285714285715	-3.1892857142857145	0	end	90	7.3478807948841188e-16	4.65625	left	-6.9999999999999991	3.65625	Reach with cursor
785.2938771247864	5	-0.41964285714285715	-3.1892857142857149	-0.41964285714285715	-3.1892857142857145	0	end	90	7.3478807948841188e-16	4.65625	left	-6.9999999999999991	3.65625	Reach with cursor
785.3104481697083	5	-0.41964285714285715	-3.1892857142857149	-0.41964285714285715	-3.1892857142857145	0	end	90	7.3478807948841188e-16	4.65625	left	-6.9999999999999991	3.65625	Reach with cursor
785.3270552158356	5	-0.41964285714285715	-3.1892857142857149	-0.41964285714285715	-3.1892857142857145	0	end	90	7.3478807948841188e-16	4.65625	left	-6.9999999999999991	3.65625	Reach with cursor
785.3436410427094	5	-0.41964285714285715	-3.1892857142857149	-0.41964285714285715	-3.1892857142857145	0	end	90	7.3478807948841188e-16	4.65625	left	-6.9999999999999991	3.65625	Reach with cursor
785.3602662086487	5	-0.41964285714285715	-3.1892857142857149	-0.41964285714285715	-3.1892857142857145	0	end	90	7.3478807948841188e-16	4.65625	left	-6.9999999999999991	3.65625	Reach with cursor
785.3768072128296	5	-0.41964285714285715	-3.1892857142857149	-0.41964285714285715	-3.1892857142857145	0	end	90	7.3478807948841188e-16	4.65625	left	-6.9999999999999991	3.65625	Reach with cursor
785.3934240341187	5	-0.41964285714285715	-3.1892857142857149	-0.41964285714285715	-3.1892857142857145	0	end	90	7.3478807948841188e-16	4.65625	left	-6.9999999999999991	3.65625	Reach with cursor
785.4100031852722	5	-0.41964285714285715	-3.1892857142857149	-0.41964285714285715	-3.1892857142857145	0	end	90	7.3478807948841188e-16	4.65625	left	-6.9999999999999991	3.65625	Reach with cursor
785.426589012146	5	-0.41964285714285715	-3.1892857142857149	-0.41964285714285715	-3.1892857142857145	0	end	90	7.3478807948841188e-16	4.65625	left	-6.9999999999999991	3.65625	Reach with cursor
785.4432001113892	5	-0.41964285714285715	-3.1892857142857149	-0.41964285714285715	-3.1892857142857145	0	end	90	7.3478807948841188e-16	4.65625	left	-6.9999999999999991	3.65625	Reach with cursor
785.4597580432892	5	-0.41964285714285715	-3.1892857142857149	-0.41964285714285715	-3.1892857142857145	0	end	90	7.3478807948841188e-16	4.65625	left	-6.9999999999999991	3.65625	Reach with cursor
785.4763810634613	5	-0.41964285714285715	-3.1892857142857149	-0.41964285714285715	-3.1892857142857145	0	end	90	7.3478807948841188e-16	4.65625	left	-6.9999999999999991	3.65625	Reach with cursor
785.493007183075	5	-0.41964285714285715	-3.1892857142857149	-0.41964285714285715	-3.1892857142857145	0	end	90	7.3478807948841188e-16	4.65625	left	-6.9999999999999991	3.65625	Reach with cursor
785.50954413414	5	-0.41964285714285715	-3.1892857142857149	-0.41964285714285715	-3.1892857142857145	0	end	90	7.3478807948841188e-16	4.65625	left	-6.9999999999999991	3.65625	Reach with cursor
785.5262100696564	5	-0.41964285714285715	-3.1892857142857149	-0.41964285714285715	-3.1892857142857145	0	end	90	7.3478807948841188e-16	4.65625	left	-6.9999999999999991	3.65625	Reach with cursor
785.5427770614624	5	-0.41964285714285715	-3.1892857142857149	-0.41964285714285715	-3.1892857142857145	0	end	90	7.3478807948841188e-16	4.65625	left	-6.9999999999999991	3.65625	Reach with cursor
785.5593831539154	5	-0.41964285714285715	-3.1892857142857149	-0.41964285714285715	-3.1892857142857145	0	end	90	7.3478807948841188e-16	4.65625	left	-6.9999999999999991	3.65625	Reach with cursor
785.5759651660919	5	-0.41964285714285715	-3.1892857142857149	-0.41964285714285715	-3.1892857142857145	0	end	90	7.3478807948841188e-16	4.65625	left	-6.9999999999999991	3.65625	Reach with cursor
785.5925290584564	5	-0.41964285714285715	-3.1892857142857149	-0.41964285714285715	-3.1892857142857145	0	end	90	7.3478807948841188e-16	4.65625	left	-6.9999999999999991	3.65625	Reach with cursor
785.6091301441193	5	-0.41964285714285715	-3.1892857142857149	-0.41964285714285715	-3.1892857142857145	0	end	90	7.3478807948841188e-16	4.65625	left	-6.9999999999999991	3.65625	Reach with cursor
785.6257741451263	5	-0.41964285714285715	-3.1613095238095239	-0.41964285714285715	-3.1613095238095239	0	end	90	7.3478807948841188e-16	4.65625	left	-6.9999999999999991	3.65625	Reach with cursor
785.6423242092133	5	-0.41964285714285715	-3.0773809523809526	-0.41964285714285715	-3.0773809523809526	0	end	90	7.3478807948841188e-16	4.65625	left	-6.9999999999999991	3.65625	Reach with cursor
785.6589159965515	5	-0.44761904761904764	-2.9654761904761902	-0.44761904761904764	-2.9654761904761906	0	end	90	7.3478807948841188e-16	4.65625	left	-6.9999999999999991	3.65625	Reach with cursor
785.6755101680756	5	-0.44761904761904764	-2.6577380952380949	-0.44761904761904764	-2.6577380952380953	0	end	90	7.3478807948841188e-16	4.65625	left	-6.9999999999999991	3.65625	Reach with cursor
785.6921761035919	5	-0.41964285714285715	-2.3220238095238095	-0.41964285714285715	-2.3220238095238095	0	end	90	7.3478807948841188e-16	4.65625	left	-6.9999999999999991	3.65625	Reach with cursor
785.7087411880493	5	-0.39166666666666666	-2.1261904761904766	-0.39166666666666666	-2.1261904761904762	0	end	90	7.3478807948841188e-16	4.65625	left	-6.9999999999999991	3.65625	Reach with cursor
785.72531914711	5	-0.39166666666666666	-2.0702380952380954	-0.39166666666666666	-2.0702380952380954	0	end	90	7.3478807948841188e-16	4.65625	left	-6.9999999999999991	3.65625	Reach with cursor
785.7418971061707	5	-0.39166666666666666	-2.0422619047619044	-0.39166666666666666	-2.0422619047619048	0	end	90	7.3478807948841188e-16	4.65625	left	-6.9999999999999991	3.65625	Reach with cursor
785.7584760189056	5	-0.39166666666666666	-2.0142857142857142	-0.39166666666666666	-2.0142857142857142	0	end	90	7.3478807948841188e-16	4.65625	left	-6.9999999999999991	3.65625	Reach with cursor
785.77508020401	5	-0.39166666666666666	-2.0142857142857142	-0.39166666666666666	-2.0142857142857142	0	end	90	7.3478807948841188e-16	4.65625	left	-6.9999999999999991	3.65625	Reach with cursor
785.7916460037231	5	-0.39166666666666666	-2.0142857142857142	-0.39166666666666666	-2.0142857142857142	0	end	90	7.3478807948841188e-16	4.65625	left	-6.9999999999999991	3.65625	Reach with cursor
785.8082661628723	5	-0.39166666666666666	-2.0142857142857142	-0.39166666666666666	-2.0142857142857142	0	end	90	7.3478807948841188e-16	4.65625	left	-6.9999999999999991	3.65625	Reach with cursor
785.8249289989471	5	-0.39166666666666666	-2.0142857142857142	-0.39166666666666666	-2.0142857142857142	0	end	90	7.3478807948841188e-16	4.65625	left	-6.9999999999999991	3.65625	Reach with cursor
785.8414771556854	5	-0.39166666666666666	-2.0142857142857142	-0.39166666666666666	-2.0142857142857142	0	end	90	7.3478807948841188e-16	4.65625	left	-6.9999999999999991	3.65625	Reach with cursor
785.8580150604248	5	-0.39166666666666666	-2.0142857142857142	-0.39166666666666666	-2.0142857142857142	0	end	90	7.3478807948841188e-16	4.65625	left	-6.9999999999999991	3.65625	Reach with cursor
785.8746230602264	5	-0.39166666666666666	-1.9863095238095241	-0.39166666666666666	-1.9863095238095239	0	end	90	7.3478807948841188e-16	4.65625	left	-6.9999999999999991	3.65625	Reach with cursor
785.8911972045898	5	-0.39166666666666666	-1.9303571428571429	-0.39166666666666666	-1.9303571428571429	0	end	90	7.3478807948841188e-16	4.65625	left	-6.9999999999999991	3.65625	Reach with cursor
785.9078311920166	5	-0.39166666666666666	-1.8464285714285715	-0.39166666666666666	-1.8464285714285715	0	end	90	7.3478807948841188e-16	4.65625	left	-6.9999999999999991	3.65625	Reach with cursor
785.9245960712433	5	-0.39166666666666666	-1.7904761904761903	-0.39166666666666666	-1.7904761904761906	0	end	90	7.3478807948841188e-16	4.65625	left	-6.9999999999999991	3.65625	Reach with cursor
785.9410140514374	5	-0.39166666666666666	-1.6785714285714288	-0.39166666666666666	-1.6785714285714286	0	end	90	7.3478807948841188e-16	4.65625	left	-6.9999999999999991	3.65625	Reach with cursor
785.9576330184937	5	-0.39166666666666666	-1.6226190476190476	-0.39166666666666666	-1.6226190476190476	0	end	90	7.3478807948841188e-16	4.65625	left	-6.9999999999999991	3.65625	Reach with cursor
785.9742422103882	5	-0.39166666666666666	-1.4827380952380951	-0.39166666666666666	-1.4827380952380953	0	end	90	7.3478807948841188e-16	4.65625	left	-6.9999999999999991	3.65625	Reach with cursor
785.9907791614532	5	-0.39166666666666666	-1.3148809523809524	-0.39166666666666666	-1.3148809523809524	0	end	90	7.3478807948841188e-16	4.65625	left	-6.9999999999999991	3.65625	Reach with cursor
786.0073940753937	5	-0.3636904761904762	-1.1190476190476186	-0.36369047619047618	-1.1190476190476191	0	end	90	7.3478807948841188e-16	4.65625	left	-6.9999999999999991	3.65625	Reach with cursor
786.0240712165833	5	-0.3636904761904762	-1.0071428571428571	-0.36369047619047618	-1.0071428571428571	0	end	90	7.3478807948841188e-16	4.65625	left	-6.9999999999999991	3.65625	Reach with cursor
786.040607213974	5	-0.3357142857142857	-0.81130952380952337	-0.33571428571428569	-0.81130952380952381	0	end	90	7.3478807948841188e-16	4.65625	left	-6.9999999999999991	3.65625	Reach with cursor
786.0571961402893	5	-0.3357142857142857	-0.69940476190476186	-0.33571428571428569	-0.69940476190476186	0	end	90	7.3478807948841188e-16	4.65625	left	-6.9999999999999991	3.65625	Reach with cursor
786.0737771987915	5	-0.3357142857142857	-0.47559523809523796	-0.33571428571428569	-0.47559523809523807	0	end	90	7.3478807948841188e-16	4.65625	left	-6.9999999999999991	3.65625	Reach with cursor
786.0903761386871	5	-0.3357142857142857	-0.2238095238095239	-0.33571428571428569	-0.22380952380952382	0	end	90	7.3478807948841188e-16	4.65625	left	-6.9999999999999991	3.65625	Reach with cursor
786.106950044632	5	-0.30773809523809526	0.0	-0.30773809523809526	0.0	0	end	90	7.3478807948841188e-16	4.65625	left	-6.9999999999999991	3.65625	Reach with cursor
786.123538017273	5	-0.30773809523809526	0.11190476190476151	-0.30773809523809526	0.11190476190476191	0	end	90	7.3478807948841188e-16	4.65625	left	-6.9999999999999991	3.65625	Reach with cursor
786.1401710510254	5	-0.30773809523809526	0.33571428571428541	-0.30773809523809526	0.33571428571428569	0	end	90	7.3478807948841188e-16	4.65625	left	-6.9999999999999991	3.65625	Reach with cursor
786.1567711830139	5	-0.30773809523809526	0.44761904761904781	-0.30773809523809526	0.44761904761904764	0	end	90	7.3478807948841188e-16	4.65625	left	-6.9999999999999991	3.65625	Reach with cursor
786.1733710765839	5	-0.30773809523809526	0.64345238095238066	-0.30773809523809526	0.643452380952381	0	end	90	7.3478807948841188e-16	4.65625	left	-6.9999999999999991	3.65625	Reach with cursor
786.1899139881134	5	-0.30773809523809526	0.83928571428571352	-0.30773809523809526	0.8392857142857143	0	end	90	7.3478807948841188e-16	4.65625	left	-6.9999999999999991	3.65625	Reach with cursor
786.2065231800079	5	-0.30773809523809526	0.92321428571428577	-0.30773809523809526	0.92321428571428577	0	end	90	7.3478807948841188e-16	4.65625	left	-6.9999999999999991	3.65625	Reach with cursor
786.2231140136719	5	-0.27976190476190477	1.1190476190476186	-0.27976190476190477	1.1190476190476191	0	end	90	7.3478807948841188e-16	4.65625	left	-6.9999999999999991	3.65625	Reach with cursor
786.2397360801697	5	-0.27976190476190477	1.3148809523809533	-0.27976190476190477	1.3148809523809524	0	end	90	7.3478807948841188e-16	4.65625	left	-6.9999999999999991	3.65625	Reach with cursor
786.2563271522522	5	-0.27976190476190477	1.3988095238095237	-0.27976190476190477	1.3988095238095237	0	end	90	7.3478807948841188e-16	4.65625	left	-6.9999999999999991	3.65625	Reach with cursor
786.2729251384735	5	-0.27976190476190477	1.6226190476190467	-0.27976190476190477	1.6226190476190476	0	end	90	7.3478807948841188e-16	4.65625	left	-6.9999999999999991	3.65625	Reach with cursor
786.289489030838	5	-0.27976190476190477	1.8464285714285715	-0.27976190476190477	1.8464285714285715	0	end	90	7.3478807948841188e-16	4.65625	left	-6.9999999999999991	3.65625	Reach with cursor
786.3060870170593	5	-0.27976190476190477	1.9583333333333339	-0.27976190476190477	1.9583333333333333	0	end	90	7.3478807948841188e-16	4.65625	left	-6.9999999999999991	3.65625	Reach with cursor
786.3226790428162	5	-0.2517857142857143	2.1821428571428569	-0.25178571428571428	2.1821428571428569	0	end	90	7.3478807948841188e-16	4.65625	left	-6.9999999999999991	3.65625	Reach with cursor
786.3392980098724	5	-0.2517857142857143	2.4059523809523817	-0.25178571428571428	2.4059523809523808	0	end	90	7.3478807948841188e-16	4.65625	left	-6.9999999999999991	3.65625	Reach with cursor
786.355898141861	5	-0.22380952380952382	2.5178571428571423	-0.22380952380952382	2.5178571428571428	0	end	90	7.3478807948841188e-16	4.65625	left	-6.9999999999999991	3.65625	Reach with cursor
786.3724551200867	5	-0.19583333333333333	2.7696428571428573	-0.19583333333333333	2.7696428571428573	0	end	90	7.3478807948841188e-16	4.65625	left	-6.9999999999999991	3.65625	Reach with cursor
786.3890581130981	5	-0.19583333333333333	3.0214285714285722	-0.19583333333333333	3.0214285714285714	0	end	90	7.3478807948841188e-16	4.65625	left	-6.9999999999999991	3.65625	Reach with cursor
786.4056620597839	5	-0.16785714285714284	3.1333333333333329	-0.16785714285714284	3.1333333333333333	0	end	90	7.3478807948841188e-16	4.65625	left	-6.9999999999999991	3.65625	Reach with cursor
786.4222931861877	5	-0.13988095238095238	3.3571428571428577	-0.13988095238095238	3.3571428571428572	0	end	90	7.3478807948841188e-16	4.65625	left	-6.9999999999999991	3.65625	Reach with cursor
786.4388890266418	5	-0.08392857142857142	3.5809523809523807	-0.083928571428571422	3.5809523809523811	0	end	90	7.3478807948841188e-16	4.65625	left	-6.9999999999999991	3.65625	Reach with cursor
786.4554312229156	5	-0.08392857142857142	3.6928571428571431	-0.083928571428571422	3.6928571428571431	0	end	90	7.3478807948841188e-16	4.65625	left	-6.9999999999999991	3.65625	Reach with cursor
786.4720342159271	5	-0.027976190476190477	3.8607142857142858	-0.027976190476190477	3.8607142857142858	0	end	90	7.3478807948841188e-16	4.65625	left	-6.9999999999999991	3.65625	Reach with cursor
786.4886100292206	5	0.027976190476190477	4.0285714285714285	0.027976190476190477	4.0285714285714285	0	end	90	7.3478807948841188e-16	4.65625	left	-6.9999999999999991	3.65625	Reach with cursor
786.5051741600037	5	0.027976190476190477	4.0845238095238088	0.027976190476190477	4.0845238095238097	0	end	90	7.3478807948841188e-16	4.65625	left	-6.9999999999999991	3.65625	Reach with cursor
786.5217771530151	5	0.055952380952380955	4.1964285714285712	0.055952380952380955	4.1964285714285712	0	end	90	7.3478807948841188e-16	4.65625	left	-6.9999999999999991	3.65625	Reach with cursor
786.5384690761566	5	0.055952380952380955	4.2244047619047613	0.055952380952380955	4.2244047619047622	0	end	90	7.3478807948841188e-16	4.65625	left	-6.9999999999999991	3.65625	Reach with cursor
786.5550620555878	5	0.055952380952380955	4.2523809523809533	0.055952380952380955	4.2523809523809524	0	end	90	7.3478807948841188e-16	4.65625	left	-6.9999999999999991	3.65625	Reach with cursor
786.5715780258179	5	0.055952380952380955	4.2803571428571416	0.055952380952380955	4.2803571428571425	0	end	90	7.3478807948841188e-16	4.65625	left	-6.9999999999999991	3.65625	Reach with cursor
786.588198184967	5	0.055952380952380955	4.2803571428571416	0.055952380952380955	4.2803571428571425	0	end	90	7.3478807948841188e-16	4.65625	left	-6.9999999999999991	3.65625	Reach with cursor
786.6047780513763	5	0.055952380952380955	4.3083333333333336	0.055952380952380955	4.3083333333333336	0	end	90	7.3478807948841188e-16	4.65625	left	-6.9999999999999991	3.65625	Reach with cursor
786.6213791370392	5	0.055952380952380955	4.3083333333333336	0.055952380952380955	4.3083333333333336	0	end	90	7.3478807948841188e-16	4.65625	left	-6.9999999999999991	3.65625	Reach with cursor
786.637992143631	5	0.055952380952380955	4.3083333333333336	0.055952380952380955	4.3083333333333336	0	end	90	7.3478807948841188e-16	4.65625	left	-6.9999999999999991	3.65625	Reach with cursor
786.654568195343	5	0.055952380952380955	4.3083333333333336	0.055952380952380955	4.3083333333333336	0	end	90	7.3478807948841188e-16	4.65625	left	-6.9999999999999991	3.65625	Reach with cursor
786.6711552143097	5	0.055952380952380955	4.3083333333333336	0.055952380952380955	4.3083333333333336	0	end	90	7.3478807948841188e-16	4.65625	left	-6.9999999999999991	3.65625	Reach with cursor
786.6877310276031	5	0.055952380952380955	4.3083333333333336	0.055952380952380955	4.3083333333333336	0	end	90	7.3478807948841188e-16	4.65625	left	-6.9999999999999991	3.65625	Reach with cursor
786.7043352127075	5	0.055952380952380955	4.3083333333333336	0.055952380952380955	4.3083333333333336	0	end	90	7.3478807948841188e-16	4.65625	left	-6.9999999999999991	3.65625	Reach with cursor
786.7209360599518	5	0.055952380952380955	4.3083333333333336	0.055952380952380955	4.3083333333333336	0	end	90	7.3478807948841188e-16	4.65625	left	-6.9999999999999991	3.65625	Reach with cursor
786.7377531528473	5	0.055952380952380955	4.3083333333333336	0.055952380952380955	4.3083333333333336	0	end	90	7.3478807948841188e-16	4.65625	left	-6.9999999999999991	3.65625	Reach with cursor
786.7541551589966	5	0.055952380952380955	4.2803571428571416	0.055952380952380955	4.2803571428571425	0	end	90	7.3478807948841188e-16	4.65625	left	-6.9999999999999991	3.65625	Reach with cursor
786.770681142807	5	0.055952380952380955	4.2803571428571416	0.055952380952380955	4.2803571428571425	0	end	90	7.3478807948841188e-16	4.65625	left	-6.9999999999999991	3.65625	Reach with cursor
786.7873091697693	5	0.055952380952380955	4.2803571428571416	0.055952380952380955	4.2803571428571425	0	end	90	7.3478807948841188e-16	4.65625	left	-6.9999999999999991	3.65625	Reach with cursor
786.8039321899414	5	0.055952380952380955	4.2803571428571416	0.055952380952380955	4.2803571428571425	0	end	90	7.3478807948841188e-16	4.65625	left	-6.9999999999999991	3.65625	Reach with cursor
786.8205389976501	5	0.055952380952380955	4.2803571428571416	0.055952380952380955	4.2803571428571425	0	end	90	7.3478807948841188e-16	4.65625	left	-6.9999999999999991	3.65625	Reach with cursor
786.8372011184692	5	0.055952380952380955	4.2803571428571416	0.055952380952380955	4.2803571428571425	0	end	90	7.3478807948841188e-16	4.65625	left	-6.9999999999999991	3.65625	Reach with cursor
786.8537139892578	5	0.055952380952380955	4.2803571428571416	0.055952380952380955	4.2803571428571425	0	end	90	7.3478807948841188e-16	4.65625	left	-6.9999999999999991	3.65625	Reach with cursor
786.8702991008759	5	0.055952380952380955	4.2803571428571416	0.055952380952380955	4.2803571428571425	0	end	90	7.3478807948841188e-16	4.65625	left	-6.9999999999999991	3.65625	Reach with cursor
786.8868451118469	5	0.055952380952380955	4.2803571428571416	0.055952380952380955	4.2803571428571425	0	end	90	7.3478807948841188e-16	4.65625	left	-6.9999999999999991	3.65625	Reach with cursor
786.9034700393677	5	0.055952380952380955	4.2803571428571416	0.055952380952380955	4.2803571428571425	0	end	90	7.3478807948841188e-16	4.65625	left	-6.9999999999999991	3.65625	Reach with cursor
786.9200620651245	5	0.055952380952380955	4.2803571428571416	0.055952380952380955	4.2803571428571425	0	end	90	7.3478807948841188e-16	4.65625	left	-6.9999999999999991	3.65625	Reach with cursor
786.9366240501404	5	0.055952380952380955	4.2803571428571416	0.055952380952380955	4.2803571428571425	0	end	90	7.3478807948841188e-16	4.65625	left	-6.9999999999999991	3.65625	Reach with cursor
786.9532902240753	5	0.055952380952380955	4.2803571428571416	0.055952380952380955	4.2803571428571425	0	end	90	7.3478807948841188e-16	4.65625	left	-6.9999999999999991	3.65625	Reach with cursor
786.969829082489	5	0.055952380952380955	4.2803571428571416	0.055952380952380955	4.2803571428571425	0	end	90	7.3478807948841188e-16	4.65625	left	-6.9999999999999991	3.65625	Reach with cursor
786.9864501953125	5	0.055952380952380955	4.2803571428571416	0.055952380952380955	4.2803571428571425	0	end	90	7.3478807948841188e-16	4.65625	left	-6.9999999999999991	3.65625	Reach with cursor
787.0029890537262	5	0.055952380952380955	4.2803571428571416	0.055952380952380955	4.3083333333333336	0	end	90	7.3478807948841188e-16	4.65625	left	-6.9999999999999991	3.65625	Reach with cursor
787.0196661949158	5	0.055952380952380955	4.2803571428571416	0.055952380952380955	4.3363095238095237	0	end	90	7.3478807948841188e-16	4.65625	left	-6.9999999999999991	3.65625	Reach with cursor
787.0362250804901	5	0.055952380952380955	4.2803571428571416	0.055952380952380955	4.3363095238095237	0	end	90	7.3478807948841188e-16	4.65625	left	-6.9999999999999991	3.65625	Reach with cursor
787.0528302192688	5	0.055952380952380955	4.2803571428571416	0.055952380952380955	4.3642857142857139	0	end	90	7.3478807948841188e-16	4.65625	left	-6.9999999999999991	3.65625	Reach with cursor
787.0694561004639	5	0.083928571428571422	4.2803571428571416	0.083928571428571422	4.3642857142857139	0	end	90	7.3478807948841188e-16	4.65625	left	-6.9999999999999991	3.65625	Reach with cursor
787.0860512256622	5	0.083928571428571422	4.2803571428571416	0.083928571428571422	4.3642857142857139	0	end	90	7.3478807948841188e-16	4.65625	left	-6.9999999999999991	3.65625	Reach with cursor
787.1026220321655	5	0.083928571428571422	4.2803571428571416	0.083928571428571422	4.3642857142857139	0	end	90	7.3478807948841188e-16	4.65625	left	-6.9999999999999991	3.65625	Reach with cursor
787.119213104248	5	0.083928571428571422	4.2803571428571416	0.083928571428571422	4.3642857142857139	0	end	90	7.3478807948841188e-16	4.65625	left	-6.9999999999999991	3.65625	Reach with cursor
787.1357841491699	5	0.083928571428571422	4.2803571428571416	0.083928571428571422	4.3642857142857139	0	end	90	7.3478807948841188e-16	4.65625	left	-6.9999999999999991	3.65625	Reach with cursor
787.1523761749268	5	0.083928571428571422	4.2803571428571416	0.083928571428571422	4.3642857142857139	0	end	90	7.3478807948841188e-16	4.65625	left	-6.9999999999999991	3.65625	Reach with cursor
787.1689851284027	5	0.083928571428571422	4.2803571428571416	0.083928571428571422	4.3642857142857139	0	end	90	7.3478807948841188e-16	4.65625	left	-6.9999999999999991	3.65625	Reach with cursor
787.1855661869049	5	0.027976190476190477	4.2803571428571416	0.027976190476190477	4.3363095238095237	0	end	90	7.3478807948841188e-16	4.65625	left	-6.9999999999999991	3.65625	Reach with cursor
787.2021281719208	5	-0.19583333333333333	4.2803571428571416	-0.19583333333333333	4.2803571428571425	0	end	90	7.3478807948841188e-16	4.65625	left	-6.9999999999999991	3.65625	Reach with cursor
787.2187821865082	5	-0.643452380952381	4.2803571428571416	-0.643452380952381	4.2244047619047622	0	end	90	7.3478807948841188e-16	4.65625	left	-6.9999999999999991	3.65625	Reach with cursor
787.2353620529175	5	-0.95119047619047614	4.2803571428571416	-0.95119047619047614	4.1964285714285712	0	end	90	7.3478807948841188e-16	4.65625	left	-6.9999999999999991	3.65625	Reach with cursor
787.2519750595093	5	-1.706547619047619	4.2803571428571416	-1.706547619047619	4.168452380952381	0	end	90	7.3478807948841188e-16	4.65625	left	-6.9999999999999991	3.65625	Reach with cursor
787.2685461044312	5	-2.1821428571428569	4.2803571428571416	-2.1821428571428569	4.1404761904761909	0	end	90	7.3478807948841188e-16	4.65625	left	-6.9999999999999991	3.65625	Reach with cursor
787.2851340770721	5	-3.1613095238095239	4.2803571428571416	-3.1613095238095239	4.0845238095238097	0	end	90	7.3478807948841188e-16	4.65625	left	-6.9999999999999991	3.65625	Reach with cursor
787.3017020225525	5	-3.9446428571428571	4.2803571428571416	-3.9446428571428571	4.0005952380952383	0	end	90	7.3478807948841188e-16	4.65625	left	-6.9999999999999991	3.65625	Reach with cursor
787.3183410167694	5	-4.2244047619047622	4.2803571428571416	-4.2244047619047622	3.9726190476190477	0	end	90	7.3478807948841188e-16	4.65625	left	-6.9999999999999991	3.65625	Reach with cursor
787.3349080085754	5	-4.588095238095238	3.9446428571428562	-4.5880952380952378	3.9446428571428571	0	end	90	7.3478807948841188e-16	4.65625	left	-6.9999999999999991	3.65625	Reach with cursor
787.3515021800995	5	-4.811904761904762	3.9166666666666661	-4.8119047619047617	3.9166666666666665	0	end	90	7.3478807948841188e-16	4.65625	left	-6.9999999999999991	3.65625	Reach with cursor
787.3681151866913	5	-4.867857142857143	3.9166666666666661	-4.8678571428571429	3.9166666666666665	0	end	90	7.3478807948841188e-16	4.65625	left	-6.9999999999999991	3.65625	Reach with cursor
787.3846831321716	5	-5.035714285714286	3.9166666666666661	-5.0357142857142856	3.9166666666666665	0	end	90	7.3478807948841188e-16	4.65625	left	-6.9999999999999991	3.65625	Reach with cursor
787.4012820720673	5	-5.315476190476191	3.9166666666666661	-5.3154761904761907	3.9166666666666665	0	end	90	7.3478807948841188e-16	4.65625	left	-6.9999999999999991	3.65625	Reach with cursor
787.4179170131683	5	-5.5113095238095235	3.8886904761904759	-5.5113095238095235	3.8886904761904764	0	end	90	7.3478807948841188e-16	4.65625	left	-6.9999999999999991	3.65625	Reach with cursor
787.4344801902771	5	-5.958928571428571	3.8327380952380956	-5.9589285714285714	3.8327380952380952	0	end	90	7.3478807948841188e-16	4.65625	left	-6.9999999999999991	3.65625	Reach with cursor
787.4510831832886	5	-6.546428571428572	3.7488095238095234	-6.5464285714285717	3.7488095238095238	0	end	90	7.3478807948841188e-16	4.65625	left	-6.9999999999999991	3.65625	Reach with cursor
787.4676721096039	5	-6.854166666666667	3.7208333333333332	-6.854166666666667	3.7208333333333332	0	end	90	7.3478807948841188e-16	4.65625	left	-6.9999999999999991	3.65625	Reach with cursor
787.4843151569366	5	-7.441666666666666	3.6369047619047628	-7.4416666666666664	3.6369047619047619	0	end	90	7.3478807948841188e-16	4.65625	left	-6.9999999999999991	3.65625	Reach with cursor
787.5008571147919	5	-7.861309523809524	3.5529761904761905	-7.8613095238095241	3.5529761904761905	0	end	90	7.3478807948841188e-16	4.65625	left	-6.9999999999999991	3.65625	Reach with cursor
787.5174469947815	5	-7.973214285714286	3.5529761904761905	-7.9732142857142856	3.5529761904761905	0	end	90	7.3478807948841188e-16	4.65625	left	-6.9999999999999991	3.65625	Reach with cursor
787.5340311527252	5	-8.029166666666667	3.5250000000000004	-8.0291666666666668	3.5249999999999999	0	end	90	7.3478807948841188e-16	4.65625	left	-6.9999999999999991	3.65625	Reach with cursor
787.5508069992065	5	-7.917261904761904	3.4970238095238102	-7.9172619047619044	3.4970238095238093	0	end	90	7.3478807948841188e-16	4.65625	left	-6.9999999999999991	3.65625	Reach with cursor
787.5672631263733	5	-7.861309523809524	3.4970238095238102	-7.8613095238095241	3.4970238095238093	0	end	90	7.3478807948841188e-16	4.65625	left	-6.9999999999999991	3.65625	Reach with cursor
787.583838224411	5	-7.66547619047619	3.4690476190476183	-7.6654761904761903	3.4690476190476192	0	end	90	7.3478807948841188e-16	4.65625	left	-6.9999999999999991	3.65625	Reach with cursor
787.600429058075	5	-7.497619047619048	3.413095238095238	-7.4976190476190476	3.413095238095238	0	end	90	7.3478807948841188e-16	4.65625	left	-6.9999999999999991	3.65625	Reach with cursor
787.6170561313629	5	-7.385714285714286	3.413095238095238	-7.3857142857142861	3.413095238095238	0	end	90	7.3478807948841188e-16	4.65625	left	-6.9999999999999991	3.65625	Reach with cursor
787.6336150169373	5	-7.077976190476191	3.3571428571428577	-7.0779761904761909	3.3571428571428572	0	end	90	7.3478807948841188e-16	4.65625	left	-6.9999999999999991	3.65625	Reach with cursor
787.6502680778503	5	-6.882142857142857	3.3291666666666657	-6.8821428571428571	3.3291666666666666	0	end	90	7.3478807948841188e-16	4.65625	left	-6.9999999999999991	3.65625	Reach with cursor
787.6668081283569	5	-6.406547619047619	3.2452380952380953	-6.4065476190476192	3.2452380952380953	0	end	90	7.3478807948841188e-16	4.65625	left	-6.9999999999999991	3.65625	Reach with cursor
787.6834170818329	5	-5.875	3.0773809523809526	-5.875	3.0773809523809526	0	end	90	7.3478807948841188e-16	4.65625	left	-6.9999999999999991	3.65625	Reach with cursor
787.6999850273132	5	-5.595238095238095	2.9654761904761902	-5.5952380952380949	2.9654761904761906	0	end	90	7.3478807948841188e-16	4.65625	left	-6.9999999999999991	3.65625	Reach with cursor
787.7166061401367	5	-5.035714285714286	2.7136904761904752	-5.0357142857142856	2.7136904761904761	0	end	90	7.3478807948841188e-16	4.65625	left	-6.9999999999999991	3.65625	Reach with cursor
787.7331640720367	5	-4.476190476190476	2.3499999999999996	-4.4761904761904763	2.3500000000000001	0	end	90	7.3478807948841188e-16	4.65625	left	-6.9999999999999991	3.65625	Reach with cursor
787.7497611045837	5	-4.224404761904762	2.1261904761904766	-4.2244047619047622	2.1261904761904762	0	end	90	7.3478807948841188e-16	4.65625	left	-6.9999999999999991	3.65625	Reach with cursor
787.766398191452	5	-3.636904761904762	1.6785714285714288	-3.6369047619047619	1.6785714285714286	0	end	90	7.3478807948841188e-16	4.65625	left	-6.9999999999999991	3.65625	Reach with cursor
787.7829570770264	5	-3.049404761904762	1.1750000000000007	-3.049404761904762	1.175	0	end	90	7.3478807948841188e-16	4.65625	left	-6.9999999999999991	3.65625	Reach with cursor
787.7995200157166	5	-2.7696428571428573	0.89523809523809561	-2.7696428571428573	0.89523809523809528	0	end	90	7.3478807948841188e-16	4.65625	left	-6.9999999999999991	3.65625	Reach with cursor
787.8161890506744	5	-2.294047619047619	0.2797619047619051	-2.2940476190476189	0.27976190476190477	0	end	90	7.3478807948841188e-16	4.65625	left	-6.9999999999999991	3.65625	Reach with cursor
787.8327372074127	5	-1.818452380952381	-0.44761904761904781	-1.8184523809523809	-0.44761904761904764	0	end	90	7.3478807948841188e-16	4.65625	left	-6.9999999999999991	3.65625	Reach with cursor
787.849359035492	5	-1.5666666666666667	-0.81130952380952337	-1.5666666666666667	-0.81130952380952381	0	end	90	7.3478807948841188e-16	4.65625	left	-6.9999999999999991	3.65625	Reach with cursor
787.8659720420837	5	-1.063095238095238	-1.5666666666666664	-1.0630952380952381	-1.5666666666666667	0	end	90	7.3478807948841188e-16	4.65625	left	-6.9999999999999991	3.65625	Reach with cursor
787.8825461864471	5	-0.6154761904761905	-2.2380952380952381	-0.61547619047619051	-2.2380952380952381	0	end	90	7.3478807948841188e-16	4.65625	left	-6.9999999999999991	3.65625	Reach with cursor
787.8990890979767	5	-0.44761904761904764	-2.5458333333333334	-0.44761904761904764	-2.5458333333333334	0	end	90	7.3478807948841188e-16	4.65625	left	-6.9999999999999991	3.65625	Reach with cursor
787.915708065033	5	-0.22380952380952382	-3.1053571428571427	-0.22380952380952382	-3.1053571428571427	0	end	90	7.3478807948841188e-16	4.65625	left	-6.9999999999999991	3.65625	Reach with cursor
787.9322621822357	5	-0.11190476190476191	-3.5529761904761905	-0.11190476190476191	-3.5529761904761905	0	end	90	7.3478807948841188e-16	4.65625	left	-6.9999999999999991	3.65625	Reach with cursor
787.9489099979401	5	-0.08392857142857142	-3.7488095238095238	-0.083928571428571422	-3.7488095238095238	0	end	90	7.3478807948841188e-16	4.65625	left	-6.9999999999999991	3.65625	Reach with cursor
787.9655351638794	5	-0.055952380952380955	-4.0845238095238097	-0.055952380952380955	-4.0845238095238097	0	end	90	7.3478807948841188e-16	4.65625	left	-6.9999999999999991	3.65625	Reach with cursor
787.9820930957794	5	-0.055952380952380955	-4.2244047619047622	-0.055952380952380955	-4.2244047619047622	0	end	90	7.3478807948841188e-16	4.65625	left	-6.9999999999999991	3.65625	Reach with cursor
787.9986901283264	5	0.0	-4.4761904761904763	0.0	-4.4761904761904763	0	end	90	7.3478807948841188e-16	4.65625	left	-6.9999999999999991	3.65625	Reach with cursor
788.015298128128	5	0.055952380952380955	-4.7279761904761903	0.055952380952380955	-4.7279761904761903	0	end	90	7.3478807948841188e-16	4.65625	left	-6.9999999999999991	3.65625	Reach with cursor
788.0318961143494	5	0.11190476190476191	-4.9517857142857142	0.11190476190476191	-4.9517857142857142	0	end	90	7.3478807948841188e-16	4.65625	left	-6.9999999999999991	3.65625	Reach with cursor
