788.035943031311	6	0.11190476190476191	-4.9517857142857142	0.11190476190476191	-4.9517857142857142	0	end	105	-3.1058285412302502	4.2473599154688202	left	-10.105828541230251	3.2473599154688202	Reach with cursor
788.0651180744171	6	0.19583333333333333	-5.2595238095238095	0.19583333333333333	-5.2595238095238095	0	end	105	-3.1058285412302502	4.2473599154688202	left	-10.105828541230251	3.2473599154688202	Reach with cursor
788.0816740989685	6	0.22380952380952382	-5.371428571428571	0.22380952380952382	-5.371428571428571	0	end	105	-3.1058285412302502	4.2473599154688202	left	-10.105828541230251	3.2473599154688202	Reach with cursor
788.0982902050018	6	0.2517857142857143	-5.6232142857142859	0.25178571428571428	-5.6232142857142859	0	end	105	-3.1058285412302502	4.2473599154688202	left	-10.105828541230251	3.2473599154688202	Reach with cursor
788.1148271560669	6	0.22380952380952382	-5.9029761904761902	0.22380952380952382	-5.9029761904761902	0	end	105	-3.1058285412302502	4.2473599154688202	left	-10.105828541230251	3.2473599154688202	Reach with cursor
788.1313881874084	6	0.16785714285714284	-6.1267857142857141	0.16785714285714284	-6.1267857142857141	0	end	105	-3.1058285412302502	4.2473599154688202	left	-10.105828541230251	3.2473599154688202	Reach with cursor
788.1480071544647	6	0.11190476190476191	-6.2107142857142854	0.11190476190476191	-6.2107142857142854	0	end	105	-3.1058285412302502	4.2473599154688202	left	-10.105828541230251	3.2473599154688202	Reach with cursor
788.1646041870117	6	0.055952380952380955	-6.350595238095238	0.055952380952380955	-6.350595238095238	0	end	105	-3.1058285412302502	4.2473599154688202	left	-10.105828541230251	3.2473599154688202	Reach with cursor
788.1812250614166	6	0.055952380952380955	-6.4065476190476192	0.055952380952380955	-6.4065476190476192	0	end	105	-3.1058285412302502	4.2473599154688202	left	-10.105828541230251	3.2473599154688202	Reach with cursor
788.1978189945221	6	0.08392857142857142	-6.5184523809523807	0.083928571428571422	-6.5184523809523807	0	end	105	-3.1058285412302502	4.2473599154688202	left	-10.105828541230251	3.2473599154688202	Reach with cursor
788.2143661975861	6	0.16785714285714284	-6.6583333333333332	0.16785714285714284	-6.6583333333333332	0	end	105	-3.1058285412302502	4.2473599154688202	left	-10.105828541230251	3.2473599154688202	Reach with cursor
788.2309701442719	6	0.2517857142857143	-6.7982142857142858	0.25178571428571428	-6.7982142857142858	0	end	105	-3.1058285412302502	4.2473599154688202	left	-10.105828541230251	3.2473599154688202	Reach with cursor
788.2475881576538	6	0.27976190476190477	-6.8821428571428571	0.27976190476190477	-6.8821428571428571	0	end	105	-3.1058285412302502	4.2473599154688202	left	-10.105828541230251	3.2473599154688202	Reach with cursor
788.2642021179199	6	0.3357142857142857	-7.0499999999999998	0.33571428571428569	-7.0499999999999998	0	end	105	-3.1058285412302502	4.2473599154688202	left	-10.105828541230251	3.2473599154688202	Reach with cursor
788.2808001041412	6	0.3357142857142857	-7.105952380952381	0.33571428571428569	-7.105952380952381	0	end	105	-3.1058285412302502	4.2473599154688202	left	-10.105828541230251	3.2473599154688202	Reach with cursor
788.2973730564117	6	0.3357142857142857	-7.1619047619047622	0.33571428571428569	-7.1619047619047622	0	end	105	-3.1058285412302502	4.2473599154688202	left	-10.105828541230251	3.2473599154688202	Reach with cursor
788.3139610290527	6	0.3357142857142857	-7.1619047619047622	0.33571428571428569	-7.1619047619047622	0	end	105	-3.1058285412302502	4.2473599154688202	left	-10.105828541230251	3.2473599154688202	Reach with cursor
788.3305521011353	6	0.3357142857142857	-7.1619047619047622	0.33571428571428569	-7.1619047619047622	0	end	105	-3.1058285412302502	4.2473599154688202	left	-10.105828541230251	3.2473599154688202	Reach with cursor
788.347165107727	6	0.3357142857142857	-7.1619047619047622	0.33571428571428569	-7.1619047619047622	0	end	105	-3.1058285412302502	4.2473599154688202	left	-10.105828541230251	3.2473599154688202	Reach with cursor
788.3639039993286	6	0.3357142857142857	-7.1619047619047622	0.33571428571428569	-7.1619047619047622	0	end	105	-3.1058285412302502	4.2473599154688202	left	-10.105828541230251	3.2473599154688202	Reach with cursor
788.3803930282593	6	0.3357142857142857	-7.1619047619047622	0.33571428571428569	-7.1619047619047622	0	end	105	-3.1058285412302502	4.2473599154688202	left	-10.105828541230251	3.2473599154688202	Reach with cursor
788.3969740867615	6	0.3357142857142857	-7.1619047619047622	0.33571428571428569	-7.1619047619047622	0	end	105	-3.1058285412302502	4.2473599154688202	left	-10.105828541230251	3.2473599154688202	Reach with cursor
788.4135541915894	6	0.3357142857142857	-7.1619047619047622	0.33571428571428569	-7.1619047619047622	0	end	105	-3.1058285412302502	4.2473599154688202	left	-10.105828541230251	3.2473599154688202	Reach with cursor
788.430141210556	6	0.3357142857142857	-7.1619047619047622	0.33571428571428569	-7.1619047619047622	0	end	105	-3.1058285412302502	4.2473599154688202	left	-10.105828541230251	3.2473599154688202	Reach with cursor
788.4467101097107	6	0.3357142857142857	-7.1619047619047622	0.33571428571428569	-7.1619047619047622	0	end	105	-3.1058285412302502	4.2473599154688202	left	-10.105828541230251	3.2473599154688202	Reach with cursor
788.4634032249451	6	0.3357142857142857	-7.1619047619047622	0.33571428571428569	-7.1619047619047622	0	end	105	-3.1058285412302502	4.2473599154688202	left	-10.105828541230251	3.2473599154688202	Reach with cursor
788.4799251556396	6	0.3357142857142857	-7.1619047619047622	0.33571428571428569	-7.1619047619047622	0	end	105	-3.1058285412302502	4.2473599154688202	left	-10.105828541230251	3.2473599154688202	Reach with cursor
788.4965062141418	6	0.3357142857142857	-7.1619047619047622	0.33571428571428569	-7.1619047619047622	0	end	105	-3.1058285412302502	4.2473599154688202	left	-10.105828541230251	3.2473599154688202	Reach with cursor
788.513081073761	6	0.3357142857142857	-7.1619047619047622	0.33571428571428569	-7.1619047619047622	0	end	105	-3.1058285412302502	4.2473599154688202	left	-10.105828541230251	3.2473599154688202	Reach with cursor
788.5297021865845	6	0.3357142857142857	-7.1339285714285712	0.33571428571428569	-7.1339285714285712	0	end	105	-3.1058285412302502	4.2473599154688202	left	-10.105828541230251	3.2473599154688202	Reach with cursor
788.5463201999664	6	0.27976190476190477	-7.0499999999999998	0.27976190476190477	-7.0499999999999998	0	end	105	-3.1058285412302502	4.2473599154688202	left	-10.105828541230251	3.2473599154688202	Reach with cursor
788.5628020763397	6	0.055952380952380955	-6.602380952380952	0.055952380952380955	-6.602380952380952	0	end	105	-3.1058285412302502	4.2473599154688202	left	-10.105828541230251	3.2473599154688202	Reach with cursor
788.5794770717621	6	-0.11190476190476191	-6.1827380952380953	-0.11190476190476191	-6.1827380952380953	0	end	105	-3.1058285412302502	4.2473599154688202	left	-10.105828541230251	3.2473599154688202	Reach with cursor
788.5960822105408	6	-0.47559523809523807	-5.1755952380952381	-0.47559523809523807	-5.1755952380952381	0	end	105	-3.1058285412302502	4.2473599154688202	left	-10.105828541230251	3.2473599154688202	Reach with cursor
788.6126821041107	6	-0.8392857142857143	-4.2244047619047622	-0.8392857142857143	-4.2244047619047622	0	end	105	-3.1058285412302502	4.2473599154688202	left	-10.105828541230251	3.2473599154688202	Reach with cursor
788.6292700767517	6	-0.9791666666666666	-3.8327380952380952	-0.97916666666666663	-3.8327380952380952	0	end	105	-3.1058285412302502	4.2473599154688202	left	-10.105828541230251	3.2473599154688202	Reach with cursor
788.6458420753479	6	-1.2589285714285714	-3.2172619047619051	-1.2589285714285714	-3.2172619047619047	0	end	105	-3.1058285412302502	4.2473599154688202	left	-10.105828541230251	3.2473599154688202	Reach with cursor
788.6624372005463	6	-1.3708333333333333	-2.9375	-1.3708333333333333	-2.9375	0	end	105	-3.1058285412302502	4.2473599154688202	left	-10.105828541230251	3.2473599154688202	Reach with cursor
788.6790750026703	6	-1.5107142857142857	-2.3499999999999996	-1.5107142857142857	-2.3500000000000001	0	end	105	-3.1058285412302502	4.2473599154688202	left	-10.105828541230251	3.2473599154688202	Reach with cursor
788.6956651210785	6	-1.5666666666666667	-1.8184523809523814	-1.5666666666666667	-1.8184523809523809	0	end	105	-3.1058285412302502	4.2473599154688202	left	-10.105828541230251	3.2473599154688202	Reach with cursor
788.7122402191162	6	-1.6226190476190476	-1.3148809523809524	-1.6226190476190476	-1.3148809523809524	0	end	105	-3.1058285412302502	4.2473599154688202	left	-10.105828541230251	3.2473599154688202	Reach with cursor
788.7288300991058	6	-1.706547619047619	-1.1190476190476186	-1.706547619047619	-1.1190476190476191	0	end	105	-3.1058285412302502	4.2473599154688202	left	-10.105828541230251	3.2473599154688202	Reach with cursor
788.7454380989075	6	-1.874404761904762	-0.72738095238095202	-1.8744047619047619	-0.72738095238095235	0	end	105	-3.1058285412302502	4.2473599154688202	left	-10.105828541230251	3.2473599154688202	Reach with cursor
788.7620182037354	6	-1.9863095238095239	-0.58750000000000036	-1.9863095238095239	-0.58750000000000002	0	end	105	-3.1058285412302502	4.2473599154688202	left	-10.105828541230251	3.2473599154688202	Reach with cursor
788.7786870002747	6	-2.126190476190476	-0.25178571428571406	-2.1261904761904762	-0.25178571428571428	0	end	105	-3.1058285412302502	4.2473599154688202	left	-10.105828541230251	3.2473599154688202	Reach with cursor
788.7952010631561	6	-2.0702380952380954	0.055952380952381198	-2.0702380952380954	0.055952380952380955	0	end	105	-3.1058285412302502	4.2473599154688202	left	-10.105828541230251	3.2473599154688202	Reach with cursor
788.8118081092834	6	-1.8464285714285715	0.39166666666666661	-1.8464285714285715	0.39166666666666666	0	end	105	-3.1058285412302502	4.2473599154688202	left	-10.105828541230251	3.2473599154688202	Reach with cursor
788.8283591270447	6	-1.6785714285714286	0.55952380952380931	-1.6785714285714286	0.55952380952380953	0	end	105	-3.1058285412302502	4.2473599154688202	left	-10.105828541230251	3.2473599154688202	Reach with cursor
788.8449790477753	6	-1.4547619047619047	0.92321428571428577	-1.4547619047619047	0.92321428571428577	0	end	105	-3.1058285412302502	4.2473599154688202	left	-10.105828541230251	3.2473599154688202	Reach with cursor
788.8615801334381	6	-1.3988095238095237	1.0630952380952383	-1.3988095238095237	1.0630952380952381	0	end	105	-3.1058285412302502	4.2473599154688202	left	-10.105828541230251	3.2473599154688202	Reach with cursor
788.8781991004944	6	-1.3148809523809524	1.3988095238095237	-1.3148809523809524	1.3988095238095237	0	end	105	-3.1058285412302502	4.2473599154688202	left	-10.105828541230251	3.2473599154688202	Reach with cursor
788.8947660923004	6	-1.3148809523809524	1.5386904761904763	-1.3148809523809524	1.5386904761904763	0	end	105	-3.1058285412302502	4.2473599154688202	left	-10.105828541230251	3.2473599154688202	Reach with cursor
788.9113500118256	6	-1.3708333333333333	1.7904761904761912	-1.3708333333333333	1.7904761904761906	0	end	105	-3.1058285412302502	4.2473599154688202	left	-10.105828541230251	3.2473599154688202	Reach with cursor
788.9279692173004	6	-1.4267857142857143	2.0142857142857142	-1.4267857142857143	2.0142857142857142	0	end	105	-3.1058285412302502	4.2473599154688202	left	-10.105828541230251	3.2473599154688202	Reach with cursor
788.9445781707764	6	-1.4827380952380953	2.2101190476190471	-1.4827380952380953	2.2101190476190475	0	end	105	-3.1058285412302502	4.2473599154688202	left	-10.105828541230251	3.2473599154688202	Reach with cursor
788.9611401557922	6	-1.5107142857142857	2.2940476190476193	-1.5107142857142857	2.2940476190476189	0	end	105	-3.1058285412302502	4.2473599154688202	left	-10.105828541230251	3.2473599154688202	Reach with cursor
788.977756023407	6	-1.5386904761904763	2.4059523809523817	-1.5386904761904763	2.4059523809523808	0	end	105	-3.1058285412302502	4.2473599154688202	left	-10.105828541230251	3.2473599154688202	Reach with cursor
788.9943640232086	6	-1.5386904761904763	2.461904761904762	-1.5386904761904763	2.461904761904762	0	end	105	-3.1058285412302502	4.2473599154688202	left	-10.105828541230251	3.2473599154688202	Reach with cursor
789.0109601020813	6	-1.5946428571428573	2.5738095238095244	-1.5946428571428573	2.573809523809524	0	end	105	-3.1058285412302502	4.2473599154688202	left	-10.105828541230251	3.2473599154688202	Reach with cursor
789.0275042057037	6	-1.706547619047619	2.6857142857142851	-1.706547619047619	2.6857142857142855	0	end	105	-3.1058285412302502	4.2473599154688202	left	-10.105828541230251	3.2473599154688202	Reach with cursor
789.0441110134125	6	-1.9023809523809523	2.7976190476190474	-1.9023809523809523	2.7976190476190474	0	end	105	-3.1058285412302502	4.2473599154688202	left	-10.105828541230251	3.2473599154688202	Reach with cursor
789.0607430934906	6	-2.0702380952380954	2.8535714285714278	-2.0702380952380954	2.8535714285714286	0	end	105	-3.1058285412302502	4.2473599154688202	left	-10.105828541230251	3.2473599154688202	Reach with cursor
789.0773191452026	6	-2.517857142857143	2.9375	-2.5178571428571428	2.9375	0	end	105	-3.1058285412302502	4.2473599154688202	left	-10.105828541230251	3.2473599154688202	Reach with cursor
789.0938761234283	6	-2.7976190476190474	2.9654761904761902	-2.7976190476190474	2.9654761904761906	0	end	105	-3.1058285412302502	4.2473599154688202	left	-10.105828541230251	3.2473599154688202	Reach with cursor
789.1104521751404	6	-3.301190476190476	3.0494047619047624	-3.301190476190476	3.049404761904762	0	end	105	-3.1058285412302502	4.2473599154688202	left	-10.105828541230251	3.2473599154688202	Reach with cursor
789.127063035965	6	-3.636904761904762	3.1613095238095248	-3.6369047619047619	3.1613095238095239	0	end	105	-3.1058285412302502	4.2473599154688202	left	-10.105828541230251	3.2473599154688202	Reach with cursor
789.1437351703644	6	-3.7767857142857144	3.3011904761904756	-3.7767857142857144	3.301190476190476	0	end	105	-3.1058285412302502	4.2473599154688202	left	-10.105828541230251	3.2473599154688202	Reach with cursor
789.1602671146393	6	-3.832738095238095	3.3851190476190478	-3.8327380952380952	3.3851190476190478	0	end	105	-3.1058285412302502	4.2473599154688202	left	-10.105828541230251	3.2473599154688202	Reach with cursor
789.1769790649414	6	-3.8886904761904764	3.5250000000000004	-3.8886904761904764	3.5249999999999999	0	end	105	-3.1058285412302502	4.2473599154688202	left	-10.105828541230251	3.2473599154688202	Reach with cursor
789.193430185318	6	-3.944642857142857	3.6089285714285708	-3.9446428571428571	3.6089285714285713	0	end	105	-3.1058285412302502	4.2473599154688202	left	-10.105828541230251	3.2473599154688202	Reach with cursor
789.2101771831512	6	-4.0285714285714285	3.7767857142857153	-4.0285714285714285	3.7767857142857144	0	end	105	-3.1058285412302502	4.2473599154688202	left	-10.105828541230251	3.2473599154688202	Reach with cursor
789.2266530990601	6	-4.08452380952381	3.8886904761904759	-4.0845238095238097	3.8886904761904764	0	end	105	-3.1058285412302502	4.2473599154688202	left	-10.105828541230251	3.2473599154688202	Reach with cursor
789.2432281970978	6	-4.140476190476191	3.9726190476190482	-4.1404761904761909	3.9726190476190477	0	end	105	-3.1058285412302502	4.2473599154688202	left	-10.105828541230251	3.2473599154688202	Reach with cursor
789.2598211765289	6	-4.168452380952381	4.0005952380952383	-4.168452380952381	4.0005952380952383	0	end	105	-3.1058285412302502	4.2473599154688202	left	-10.105828541230251	3.2473599154688202	Reach with cursor
789.2765510082245	6	-4.196428571428571	4.0285714285714285	-4.1964285714285712	4.0285714285714285	0	end	105	-3.1058285412302502	4.2473599154688202	left	-10.105828541230251	3.2473599154688202	Reach with cursor
789.293035030365	6	-4.196428571428571	4.0285714285714285	-4.1964285714285712	4.0285714285714285	0	end	105	-3.1058285412302502	4.2473599154688202	left	-10.105828541230251	3.2473599154688202	Reach with cursor
789.3096091747284	6	-4.196428571428571	4.0285714285714285	-4.1964285714285712	4.0285714285714285	0	end	105	-3.1058285412302502	4.2473599154688202	left	-10.105828541230251	3.2473599154688202	Reach with cursor
789.3261890411377	6	-4.168452380952381	4.0285714285714285	-4.168452380952381	4.0285714285714285	0	end	105	-3.1058285412302502	4.2473599154688202	left	-10.105828541230251	3.2473599154688202	Reach with cursor
789.342814207077	6	-4.168452380952381	4.0005952380952383	-4.168452380952381	4.0005952380952383	0	end	105	-3.1058285412302502	4.2473599154688202	left	-10.105828541230251	3.2473599154688202	Reach with cursor
789.3594071865082	6	-4.168452380952381	4.0005952380952383	-4.168452380952381	4.0005952380952383	0	end	105	-3.1058285412302502	4.2473599154688202	left	-10.105828541230251	3.2473599154688202	Reach with cursor
789.3760180473328	6	-4.140476190476191	4.0005952380952383	-4.1404761904761909	4.0005952380952383	0	end	105	-3.1058285412302502	4.2473599154688202	left	-10.105828541230251	3.2473599154688202	Reach with cursor
789.3926131725311	6	-4.140476190476191	4.0005952380952383	-4.1404761904761909	4.0005952380952383	0	end	105	-3.1058285412302502	4.2473599154688202	left	-10.105828541230251	3.2473599154688202	Reach with cursor
789.4092490673065	6	-4.056547619047619	4.0005952380952383	-4.0565476190476186	4.0005952380952383	0	end	105	-3.1058285412302502	4.2473599154688202	left	-10.105828541230251	3.2473599154688202	Reach with cursor
789.4257690906525	6	-3.944642857142857	4.0285714285714285	-3.9446428571428571	4.0285714285714285	0	end	105	-3.1058285412302502	4.2473599154688202	left	-10.105828541230251	3.2473599154688202	Reach with cursor
789.4423410892487	6	-3.8886904761904764	4.0565476190476186	-3.8886904761904764	4.0565476190476186	0	end	105	-3.1058285412302502	4.2473599154688202	left	-10.105828541230251	3.2473599154688202	Reach with cursor
789.4589450359344	6	-3.832738095238095	4.0845238095238088	-3.8327380952380952	4.0845238095238097	0	end	105	-3.1058285412302502	4.2473599154688202	left	-10.105828541230251	3.2473599154688202	Reach with cursor
789.4755492210388	6	-3.7767857142857144	4.1125000000000007	-3.7767857142857144	4.1124999999999998	0	end	105	-3.1058285412302502	4.2473599154688202	left	-10.105828541230251	3.2473599154688202	Reach with cursor
789.4921770095825	6	-3.7767857142857144	4.1125000000000007	-3.7767857142857144	4.1124999999999998	0	end	105	-3.1058285412302502	4.2473599154688202	left	-10.105828541230251	3.2473599154688202	Reach with cursor
789.5087490081787	6	-3.748809523809524	4.1125000000000007	-3.7488095238095238	4.1124999999999998	0	end	105	-3.1058285412302502	4.2473599154688202	left	-10.105828541230251	3.2473599154688202	Reach with cursor
789.5253000259399	6	-3.636904761904762	4.1404761904761909	-3.6369047619047619	4.1404761904761909	0	end	105	-3.1058285412302502	4.2473599154688202	left	-10.105828541230251	3.2473599154688202	Reach with cursor
789.5419580936432	6	-3.5529761904761905	4.168452380952381	-3.5529761904761905	4.168452380952381	0	end	105	-3.1058285412302502	4.2473599154688202	left	-10.105828541230251	3.2473599154688202	Reach with cursor
789.5585222244263	6	-3.3291666666666666	4.1964285714285712	-3.3291666666666666	4.1964285714285712	0	end	105	-3.1058285412302502	4.2473599154688202	left	-10.105828541230251	3.2473599154688202	Reach with cursor
789.5750830173492	6	-3.2172619047619047	4.1964285714285712	-3.2172619047619047	4.1964285714285712	0	end	105	-3.1058285412302502	4.2473599154688202	left	-10.105828541230251	3.2473599154688202	Reach with cursor
789.5917241573334	6	-3.2172619047619047	4.1964285714285712	-3.2172619047619047	4.1964285714285712	0	end	105	-3.1058285412302502	4.2473599154688202	left	-10.105828541230251	3.2473599154688202	Reach with cursor
789.6083149909973	6	-3.1892857142857145	4.1964285714285712	-3.1892857142857145	4.1964285714285712	0	end	105	-3.1058285412302502	4.2473599154688202	left	-10.105828541230251	3.2473599154688202	Reach with cursor
789.6248672008514	6	-3.1892857142857145	4.1964285714285712	-3.1892857142857145	4.1964285714285712	0	end	105	-3.1058285412302502	4.2473599154688202	left	-10.105828541230251	3.2473599154688202	Reach with cursor
789.6414830684662	6	-3.2172619047619047	4.1964285714285712	-3.2172619047619047	4.1964285714285712	0	end	105	-3.1058285412302502	4.2473599154688202	left	-10.105828541230251	3.2473599154688202	Reach with cursor
789.6580770015717	6	-3.2172619047619047	4.1964285714285712	-3.2172619047619047	4.1964285714285712	0	end	105	-3.1058285412302502	4.2473599154688202	left	-10.105828541230251	3.2473599154688202	Reach with cursor
789.6746799945831	6	-3.2172619047619047	4.1964285714285712	-3.2172619047619047	4.1964285714285712	0	end	105	-3.1058285412302502	4.2473599154688202	left	-10.105828541230251	3.2473599154688202	Reach with cursor
789.6913061141968	6	-3.2172619047619047	4.1964285714285712	-3.2172619047619047	4.1964285714285712	0	end	105	-3.1058285412302502	4.2473599154688202	left	-10.105828541230251	3.2473599154688202	Reach with cursor
789.7078862190247	6	-3.413095238095238	4.168452380952381	-3.413095238095238	4.168452380952381	0	end	105	-3.1058285412302502	4.2473599154688202	left	-10.105828541230251	3.2473599154688202	Reach with cursor
789.7244670391083	6	-3.8607142857142858	4.1125000000000007	-3.8607142857142858	4.1124999999999998	0	end	105	-3.1058285412302502	4.2473599154688202	left	-10.105828541230251	3.2473599154688202	Reach with cursor
789.7410781383514	6	-4.140476190476191	4.0565476190476186	-4.1404761904761909	4.0565476190476186	0	end	105	-3.1058285412302502	4.2473599154688202	left	-10.105828541230251	3.2473599154688202	Reach with cursor
789.7576479911804	6	-4.7	3.9726190476190482	-4.7000000000000002	3.9726190476190477	0	end	105	-3.1058285412302502	4.2473599154688202	left	-10.105828541230251	3.2473599154688202	Reach with cursor
789.7742321491241	6	-4.951785714285714	3.9446428571428562	-4.9517857142857142	3.9446428571428571	0	end	105	-3.1058285412302502	4.2473599154688202	left	-10.105828541230251	3.2473599154688202	Reach with cursor
789.7908651828766	6	-5.427380952380952	3.8607142857142858	-5.4273809523809522	3.8607142857142858	0	end	105	-3.1058285412302502	4.2473599154688202	left	-10.105828541230251	3.2473599154688202	Reach with cursor
789.8074560165405	6	-5.819047619047619	3.8047619047619037	-5.8190476190476188	3.8047619047619046	0	end	105	-3.1058285412302502	4.2473599154688202	left	-10.105828541230251	3.2473599154688202	Reach with cursor
789.8240230083466	6	-6.126785714285714	3.7488095238095234	-6.1267857142857141	3.7488095238095238	0	end	105	-3.1058285412302502	4.2473599154688202	left	-10.105828541230251	3.2473599154688202	Reach with cursor
789.8406209945679	6	-6.2386904761904765	3.7208333333333332	-6.2386904761904765	3.7208333333333332	0	end	105	-3.1058285412302502	4.2473599154688202	left	-10.105828541230251	3.2473599154688202	Reach with cursor
789.8572010993958	6	-6.406547619047619	3.6648809523809529	-6.4065476190476192	3.6648809523809525	0	end	105	-3.1058285412302502	4.2473599154688202	left	-10.105828541230251	3.2473599154688202	Reach with cursor
789.8738191127777	6	-6.4904761904761905	3.6369047619047628	-6.4904761904761905	3.6369047619047619	0	end	105	-3.1058285412302502	4.2473599154688202	left	-10.105828541230251	3.2473599154688202	Reach with cursor
789.8904139995575	6	-6.630357142857143	3.6089285714285708	-6.6303571428571431	3.6089285714285713	0	end	105	-3.1058285412302502	4.2473599154688202	left	-10.105828541230251	3.2473599154688202	Reach with cursor
789.906996011734	6	-6.798214285714286	3.5809523809523807	-6.7982142857142858	3.5809523809523811	0	end	105	-3.1058285412302502	4.2473599154688202	left	-10.105828541230251	3.2473599154688202	Reach with cursor
789.9235820770264	6	-7.02202380952381	3.5529761904761905	-7.0220238095238097	3.5529761904761905	0	end	105	-3.1058285412302502	4.2473599154688202	left	-10.105828541230251	3.2473599154688202	Reach with cursor
789.9402151107788	6	-7.133928571428571	3.5250000000000004	-7.1339285714285712	3.5249999999999999	0	end	105	-3.1058285412302502	4.2473599154688202	left	-10.105828541230251	3.2473599154688202	Reach with cursor
789.9567980766296	6	-7.413690476190476	3.4970238095238102	-7.4136904761904763	3.4970238095238093	0	end	105	-3.1058285412302502	4.2473599154688202	left	-10.105828541230251	3.2473599154688202	Reach with cursor
789.9733731746674	6	-7.581547619047619	3.4690476190476183	-7.581547619047619	3.4690476190476192	0	end	105	-3.1058285412302502	4.2473599154688202	left	-10.105828541230251	3.2473599154688202	Reach with cursor
789.9900681972504	6	-8.001190476190477	3.3851190476190478	-8.0011904761904766	3.3851190476190478	0	end	105	-3.1058285412302502	4.2473599154688202	left	-10.105828541230251	3.2473599154688202	Reach with cursor
790.0065870285034	6	-8.476785714285715	3.3011904761904756	-8.4767857142857146	3.301190476190476	0	end	105	-3.1058285412302502	4.2473599154688202	left	-10.105828541230251	3.2473599154688202	Reach with cursor
790.0231580734253	6	-8.728571428571428	3.2732142857142854	-8.7285714285714278	3.2732142857142859	0	end	105	-3.1058285412302502	4.2473599154688202	left	-10.105828541230251	3.2473599154688202	Reach with cursor
790.0397481918335	6	-9.092261904761905	3.2172619047619051	-9.0922619047619051	3.2172619047619047	0	end	105	-3.1058285412302502	4.2473599154688202	left	-10.105828541230251	3.2473599154688202	Reach with cursor
790.0563762187958	6	-9.288095238095238	3.1892857142857149	-9.288095238095238	3.1892857142857145	0	end	105	-3.1058285412302502	4.2473599154688202	left	-10.105828541230251	3.2473599154688202	Reach with cursor
790.0729451179504	6	-9.37202380952381	3.1892857142857149	-9.3720238095238102	3.1892857142857145	0	end	105	-3.1058285412302502	4.2473599154688202	left	-10.105828541230251	3.2473599154688202	Reach with cursor
790.0895872116089	6	-9.45595238095238	3.2172619047619051	-9.4559523809523807	3.2172619047619047	0	end	105	-3.1058285412302502	4.2473599154688202	left	-10.105828541230251	3.2473599154688202	Reach with cursor
790.1061520576477	6	-9.511904761904763	3.2172619047619051	-9.5119047619047628	3.2172619047619047	0	end	105	-3.1058285412302502	4.2473599154688202	left	-10.105828541230251	3.2473599154688202	Reach with cursor
790.1227521896362	6	-9.511904761904763	3.2452380952380953	-9.5119047619047628	3.2452380952380953	0	end	105	-3.1058285412302502	4.2473599154688202	left	-10.105828541230251	3.2473599154688202	Reach with cursor
790.1393580436707	6	-9.316071428571428	3.3291666666666657	-9.3160714285714281	3.3291666666666666	0	end	105	-3.1058285412302502	4.2473599154688202	left	-10.105828541230251	3.2473599154688202	Reach with cursor
790.1559381484985	6	-8.924404761904762	3.4690476190476183	-8.9244047619047624	3.4690476190476192	0	end	105	-3.1058285412302502	4.2473599154688202	left	-10.105828541230251	3.2473599154688202	Reach with cursor
790.1725142002106	6	-8.672619047619047	3.5529761904761905	-8.6726190476190474	3.5529761904761905	0	end	105	-3.1058285412302502	4.2473599154688202	left	-10.105828541230251	3.2473599154688202	Reach with cursor
790.1890721321106	6	-8.280952380952382	3.6648809523809529	-8.2809523809523817	3.6648809523809525	0	end	105	-3.1058285412302502	4.2473599154688202	left	-10.105828541230251	3.2473599154688202	Reach with cursor
790.2057240009308	6	-8.029166666666667	3.7488095238095234	-8.0291666666666668	3.7488095238095238	0	end	105	-3.1058285412302502	4.2473599154688202	left	-10.105828541230251	3.2473599154688202	Reach with cursor
790.2222921848297	6	-7.301785714285714	3.8607142857142858	-7.3017857142857139	3.8607142857142858	0	end	105	-3.1058285412302502	4.2473599154688202	left	-10.105828541230251	3.2473599154688202	Reach with cursor
790.2388989925385	6	-6.210714285714285	4.0285714285714285	-6.2107142857142854	4.0285714285714285	0	end	105	-3.1058285412302502	4.2473599154688202	left	-10.105828541230251	3.2473599154688202	Reach with cursor
790.2554910182953	6	-5.175595238095238	4.1404761904761909	-5.1755952380952381	4.1404761904761909	0	end	105	-3.1058285412302502	4.2473599154688202	left	-10.105828541230251	3.2473599154688202	Reach with cursor
790.272087097168	6	-4.811904761904762	4.1964285714285712	-4.8119047619047617	4.1964285714285712	0	end	105	-3.1058285412302502	4.2473599154688202	left	-10.105828541230251	3.2473599154688202	Reach with cursor
790.288684129715	6	-4.420238095238095	4.2244047619047613	-4.4202380952380951	4.2244047619047622	0	end	105	-3.1058285412302502	4.2473599154688202	left	-10.105828541230251	3.2473599154688202	Reach with cursor
790.3052830696106	6	-4.336309523809524	4.2244047619047613	-4.3363095238095237	4.2244047619047622	0	end	105	-3.1058285412302502	4.2473599154688202	left	-10.105828541230251	3.2473599154688202	Reach with cursor
790.3218500614166	6	-4.308333333333334	4.2244047619047613	-4.3083333333333336	4.2244047619047622	0	end	105	-3.1058285412302502	4.2473599154688202	left	-10.105828541230251	3.2473599154688202	Reach with cursor
790.3384671211243	6	-4.308333333333334	4.2244047619047613	-4.3083333333333336	4.2244047619047622	0	end	105	-3.1058285412302502	4.2473599154688202	left	-10.105828541230251	3.2473599154688202	Reach with cursor
790.3550341129303	6	-4.392261904761905	4.1964285714285712	-4.3922619047619049	4.1964285714285712	0	end	105	-3.1058285412302502	4.2473599154688202	left	-10.105828541230251	3.2473599154688202	Reach with cursor
790.3716351985931	6	-4.476190476190476	4.1964285714285712	-4.4761904761904763	4.1964285714285712	0	end	105	-3.1058285412302502	4.2473599154688202	left	-10.105828541230251	3.2473599154688202	Reach with cursor
790.3881981372833	6	-4.588095238095238	4.1404761904761909	-4.5880952380952378	4.1404761904761909	0	end	105	-3.1058285412302502	4.2473599154688202	left	-10.105828541230251	3.2473599154688202	Reach with cursor
790.4047980308533	6	-4.616071428571429	4.1125000000000007	-4.6160714285714288	4.1124999999999998	0	end	105	-3.1058285412302502	4.2473599154688202	left	-10.105828541230251	3.2473599154688202	Reach with cursor
790.421441078186	6	-4.616071428571429	4.0565476190476186	-4.6160714285714288	4.0565476190476186	0	end	105	-3.1058285412302502	4.2473599154688202	left	-10.105828541230251	3.2473599154688202	Reach with cursor
790.4379830360413	6	-4.5321428571428575	4.0285714285714285	-4.5321428571428575	4.0285714285714285	0	end	105	-3.1058285412302502	4.2473599154688202	left	-10.105828541230251	3.2473599154688202	Reach with cursor
790.4545750617981	6	-4.392261904761905	4.0285714285714285	-4.3922619047619049	4.0285714285714285	0	end	105	-3.1058285412302502	4.2473599154688202	left	-10.105828541230251	3.2473599154688202	Reach with cursor
790.4712090492249	6	-3.9166666666666665	4.0565476190476186	-3.9166666666666665	4.0565476190476186	0	end	105	-3.1058285412302502	4.2473599154688202	left	-10.105828541230251	3.2473599154688202	Reach with cursor
790.4878001213074	6	-3.413095238095238	4.0845238095238088	-3.413095238095238	4.0845238095238097	0	end	105	-3.1058285412302502	4.2473599154688202	left	-10.105828541230251	3.2473599154688202	Reach with cursor
790.504417181015	6	-3.2452380952380953	4.1125000000000007	-3.2452380952380953	4.1124999999999998	0	end	105	-3.1058285412302502	4.2473599154688202	left	-10.105828541230251	3.2473599154688202	Reach with cursor
790.5210111141205	6	-3.1333333333333333	4.1125000000000007	-3.1333333333333333	4.1124999999999998	0	end	105	-3.1058285412302502	4.2473599154688202	left	-10.105828541230251	3.2473599154688202	Reach with cursor
790.5376060009003	6	-3.1333333333333333	4.1125000000000007	-3.1333333333333333	4.1124999999999998	0	end	105	-3.1058285412302502	4.2473599154688202	left	-10.105828541230251	3.2473599154688202	Reach with cursor
790.5541751384735	6	-3.1892857142857145	4.0845238095238088	-3.1892857142857145	4.0845238095238097	0	end	105	-3.1058285412302502	4.2473599154688202	left	-10.105828541230251	3.2473599154688202	Reach with cursor
790.5707252025604	6	-3.4410714285714286	4.0845238095238088	-3.4410714285714286	4.0565476190476186	0	end	105	-3.1058285412302502	4.2473599154688202	left	-10.105828541230251	3.2473599154688202	Reach with cursor
790.587345123291	6	-3.6928571428571431	4.0845238095238088	-3.6928571428571431	4.0005952380952383	0	end	105	-3.1058285412302502	4.2473599154688202	left	-10.105828541230251	3.2473599154688202	Reach with cursor
790.6039781570435	6	-3.7767857142857144	4.0845238095238088	-3.7767857142857144	3.9726190476190477	0	end	105	-3.1058285412302502	4.2473599154688202	left	-10.105828541230251	3.2473599154688202	Reach with cursor
790.6205291748047	6	-3.8607142857142858	4.0845238095238088	-3.8607142857142858	3.9446428571428571	0	end	105	-3.1058285412302502	4.2473599154688202	left	-10.105828541230251	3.2473599154688202	Reach with cursor
790.637109041214	6	-3.8886904761904764	4.0845238095238088	-3.8886904761904764	3.9166666666666665	0	end	105	-3.1058285412302502	4.2473599154688202	left	-10.105828541230251	3.2473599154688202	Reach with cursor
790.6537251472473	6	-3.8886904761904764	4.0845238095238088	-3.8886904761904764	3.9166666666666665	0	end	105	-3.1058285412302502	4.2473599154688202	left	-10.105828541230251	3.2473599154688202	Reach with cursor
790.6703410148621	6	-3.9166666666666665	4.0845238095238088	-3.9166666666666665	3.9166666666666665	0	end	105	-3.1058285412302502	4.2473599154688202	left	-10.105828541230251	3.2473599154688202	Reach with cursor
790.6869161128998	6	-3.9166666666666665	4.0845238095238088	-3.9166666666666665	3.8886904761904764	0	end	105	-3.1058285412302502	4.2473599154688202	left	-10.105828541230251	3.2473599154688202	Reach with cursor
790.7035241127014	6	-3.9446428571428571	4.0845238095238088	-3.9446428571428571	3.8886904761904764	0	end	105	-3.1058285412302502	4.2473599154688202	left	-10.105828541230251	3.2473599154688202	Reach with cursor
790.720085144043	6	-3.9446428571428571	4.0845238095238088	-3.9446428571428571	3.8886904761904764	0	end	105	-3.1058285412302502	4.2473599154688202	left	-10.105828541230251	3.2473599154688202	Reach with cursor
790.7366981506348	6	-3.9446428571428571	4.0845238095238088	-3.9446428571428571	3.8886904761904764	0	end	105	-3.1058285412302502	4.2473599154688202	left	-10.105828541230251	3.2473599154688202	Reach with cursor
790.7532811164856	6	-3.9446428571428571	4.0845238095238088	-3.9446428571428571	3.8886904761904764	0	end	105	-3.1058285412302502	4.2473599154688202	left	-10.105828541230251	3.2473599154688202	Reach with cursor
790.7698771953583	6	-3.9446428571428571	4.0845238095238088	-3.9446428571428571	3.8607142857142858	0	end	105	-3.1058285412302502	4.2473599154688202	left	-10.105828541230251	3.2473599154688202	Reach with cursor
790.7864701747894	6	-3.9446428571428571	4.0845238095238088	-3.9446428571428571	3.8607142857142858	0	end	105	-3.1058285412302502	4.2473599154688202	left	-10.105828541230251	3.2473599154688202	Reach with cursor
790.8031830787659	6	-3.8327380952380952	4.0845238095238088	-3.8327380952380952	3.8327380952380952	0	end	105	-3.1058285412302502	4.2473599154688202	left	-10.105828541230251	3.2473599154688202	Reach with cursor
790.819678068161	6	-3.6369047619047619	4.0845238095238088	-3.6369047619047619	3.8327380952380952	0	end	105	-3.1058285412302502	4.2473599154688202	left	-10.105828541230251	3.2473599154688202	Reach with cursor
790.8362731933594	6	-3.4970238095238093	4.0845238095238088	-3.4970238095238093	3.8327380952380952	0	end	105	-3.1058285412302502	4.2473599154688202	left	-10.105828541230251	3.2473599154688202	Reach with cursor
790.852842092514	6	-3.4970238095238093	4.0845238095238088	-3.4970238095238093	3.8047619047619046	0	end	105	-3.1058285412302502	4.2473599154688202	left	-10.105828541230251	3.2473599154688202	Reach with cursor
790.869472026825	6	-3.7488095238095238	4.0845238095238088	-3.7488095238095238	3.7767857142857144	0	end	105	-3.1058285412302502	4.2473599154688202	left	-10.105828541230251	3.2473599154688202	Reach with cursor
790.8860330581665	6	-4.0285714285714285	4.0845238095238088	-4.0285714285714285	3.7488095238095238	0	end	105	-3.1058285412302502	4.2473599154688202	left	-10.105828541230251	3.2473599154688202	Reach with cursor
790.9026980400085	6	-4.8678571428571429	4.0845238095238088	-4.8678571428571429	3.6369047619047619	0	end	105	-3.1058285412302502	4.2473599154688202	left	-10.105828541230251	3.2473599154688202	Reach with cursor
790.9192140102386	6	-6.0148809523809526	4.0845238095238088	-6.0148809523809526	3.4970238095238093	0	end	105	-3.1058285412302502	4.2473599154688202	left	-10.105828541230251	3.2473599154688202	Reach with cursor
790.9358630180359	6	-7.2178571428571425	4.0845238095238088	-7.2178571428571425	3.3291666666666666	0	end	105	-3.1058285412302502	4.2473599154688202	left	-10.105828541230251	3.2473599154688202	Reach with cursor
790.952427148819	6	-7.6654761904761903	4.0845238095238088	-7.6654761904761903	3.2452380952380953	0	end	105	-3.1058285412302502	4.2473599154688202	left	-10.105828541230251	3.2473599154688202	Reach with cursor
790.9689900875092	6	-8.113095238095237	3.1613095238095248	-8.1130952380952372	3.1613095238095239	0	end	105	-3.1058285412302502	4.2473599154688202	left	-10.105828541230251	3.2473599154688202	Reach with cursor
790.9856061935425	6	-8.14107142857143	3.1613095238095248	-8.1410714285714292	3.1613095238095239	0	end	105	-3.1058285412302502	4.2473599154688202	left	-10.105828541230251	3.2473599154688202	Reach with cursor
791.0021920204163	6	-8.113095238095237	3.1333333333333329	-8.1130952380952372	3.1333333333333333	0	end	105	-3.1058285412302502	4.2473599154688202	left	-10.105828541230251	3.2473599154688202	Reach with cursor
791.0188171863556	6	-8.057142857142857	3.1053571428571427	-8.0571428571428569	3.1053571428571427	0	end	105	-3.1058285412302502	4.2473599154688202	left	-10.105828541230251	3.2473599154688202	Reach with cursor
791.0353801250458	6	-8.057142857142857	3.1053571428571427	-8.0571428571428569	3.1053571428571427	0	end	105	-3.1058285412302502	4.2473599154688202	left	-10.105828541230251	3.2473599154688202	Reach with cursor
791.0519671440125	6	-8.057142857142857	3.1053571428571427	-8.0571428571428569	3.1053571428571427	0	end	105	-3.1058285412302502	4.2473599154688202	left	-10.105828541230251	3.2473599154688202	Reach with cursor
791.0685811042786	6	-8.057142857142857	3.1053571428571427	-8.0571428571428569	3.1053571428571427	0	end	105	-3.1058285412302502	4.2473599154688202	left	-10.105828541230251	3.2473599154688202	Reach with cursor
791.0851440429688	6	-8.057142857142857	3.1053571428571427	-8.0571428571428569	3.1053571428571427	0	end	105	-3.1058285412302502	4.2473599154688202	left	-10.105828541230251	3.2473599154688202	Reach with cursor
791.1017611026764	6	-8.057142857142857	3.1053571428571427	-8.0571428571428569	3.1053571428571427	0	end	105	-3.1058285412302502	4.2473599154688202	left	-10.105828541230251	3.2473599154688202	Reach with cursor
791.1183841228485	6	-8.057142857142857	3.1053571428571427	-8.0571428571428569	3.1053571428571427	0	end	105	-3.1058285412302502	4.2473599154688202	left	-10.105828541230251	3.2473599154688202	Reach with cursor
791.1350610256195	6	-8.057142857142857	3.1053571428571427	-8.0571428571428569	3.1053571428571427	0	end	105	-3.1058285412302502	4.2473599154688202	left	-10.105828541230251	3.2473599154688202	Reach with cursor
791.1515641212463	6	-8.057142857142857	3.0773809523809526	-8.0571428571428569	3.0773809523809526	0	end	105	-3.1058285412302502	4.2473599154688202	left	-10.105828541230251	3.2473599154688202	Reach with cursor
791.1681392192841	6	-8.057142857142857	3.0773809523809526	-8.0571428571428569	3.0773809523809526	0	end	105	-3.1058285412302502	4.2473599154688202	left	-10.105828541230251	3.2473599154688202	Reach with cursor
791.1847531795502	6	-8.085119047619047	3.0494047619047624	-8.0851190476190471	3.049404761904762	0	end	105	-3.1058285412302502	4.2473599154688202	left	-10.105828541230251	3.2473599154688202	Reach with cursor
791.2012860774994	6	-8.14107142857143	3.0214285714285722	-8.1410714285714292	3.0214285714285714	0	end	105	-3.1058285412302502	4.2473599154688202	left	-10.105828541230251	3.2473599154688202	Reach with cursor
791.2179791927338	6	-8.16904761904762	3.0214285714285722	-8.1690476190476193	3.0214285714285714	0	end	105	-3.1058285412302502	4.2473599154688202	left	-10.105828541230251	3.2473599154688202	Reach with cursor
791.2345230579376	6	-8.225	2.9654761904761902	-8.2249999999999996	2.9654761904761906	0	end	105	-3.1058285412302502	4.2473599154688202	left	-10.105828541230251	3.2473599154688202	Reach with cursor
791.251118183136	6	-8.113095238095237	2.8815476190476197	-8.1130952380952372	2.8815476190476192	0	end	105	-3.1058285412302502	4.2473599154688202	left	-10.105828541230251	3.2473599154688202	Reach with cursor
791.267715215683	6	-7.693452380952381	2.7696428571428573	-7.6934523809523814	2.7696428571428573	0	end	105	-3.1058285412302502	4.2473599154688202	left	-10.105828541230251	3.2473599154688202	Reach with cursor
791.2843971252441	6	-7.301785714285714	2.6857142857142851	-7.3017857142857139	2.6857142857142855	0	end	105	-3.1058285412302502	4.2473599154688202	left	-10.105828541230251	3.2473599154688202	Reach with cursor
791.3008971214294	6	-6.406547619047619	2.5178571428571423	-6.4065476190476192	2.5178571428571428	0	end	105	-3.1058285412302502	4.2473599154688202	left	-10.105828541230251	3.2473599154688202	Reach with cursor
791.3175640106201	6	-5.958928571428571	2.3779761904761898	-5.9589285714285714	2.3779761904761907	0	end	105	-3.1058285412302502	4.2473599154688202	left	-10.105828541230251	3.2473599154688202	Reach with cursor
791.3341820240021	6	-4.979761904761904	2.0422619047619044	-4.9797619047619044	2.0422619047619048	0	end	105	-3.1058285412302502	4.2473599154688202	left	-10.105828541230251	3.2473599154688202	Reach with cursor
791.3506450653076	6	-3.944642857142857	1.6785714285714288	-3.9446428571428571	1.6785714285714286	0	end	105	-3.1058285412302502	4.2473599154688202	left	-10.105828541230251	3.2473599154688202	Reach with cursor
791.3672640323639	6	-3.0214285714285714	1.230952380952381	-3.0214285714285714	1.230952380952381	0	end	105	-3.1058285412302502	4.2473599154688202	left	-10.105828541230251	3.2473599154688202	Reach with cursor
791.3838601112366	6	-2.6577380952380953	0.97916666666666607	-2.6577380952380953	0.97916666666666663	0	end	105	-3.1058285412302502	4.2473599154688202	left	-10.105828541230251	3.2473599154688202	Reach with cursor
791.4004590511322	6	-2.154166666666667	0.39166666666666661	-2.1541666666666668	0.39166666666666666	0	end	105	-3.1058285412302502	4.2473599154688202	left	-10.105828541230251	3.2473599154688202	Reach with cursor
791.4170870780945	6	-1.9863095238095239	0.083928571428571352	-1.9863095238095239	0.083928571428571422	0	end	105	-3.1058285412302502	4.2473599154688202	left	-10.105828541230251	3.2473599154688202	Reach with cursor
791.4336721897125	6	-1.7904761904761906	-0.50357142857142811	-1.7904761904761906	-0.50357142857142856	0	end	105	-3.1058285412302502	4.2473599154688202	left	-10.105828541230251	3.2473599154688202	Reach with cursor
791.4502332210541	6	-1.5386904761904763	-1.0630952380952383	-1.5386904761904763	-1.0630952380952381	0	end	105	-3.1058285412302502	4.2473599154688202	left	-10.105828541230251	3.2473599154688202	Reach with cursor
791.4668509960175	6	-1.119047619047619	-1.6226190476190476	-1.1190476190476191	-1.6226190476190476	0	end	105	-3.1058285412302502	4.2473599154688202	left	-10.105828541230251	3.2473599154688202	Reach with cursor
791.4834041595459	6	-0.8392857142857143	-1.8744047619047617	-0.8392857142857143	-1.8744047619047619	0	end	105	-3.1058285412302502	4.2473599154688202	left	-10.105828541230251	3.2473599154688202	Reach with cursor
791.500018119812	6	-0.30773809523809526	-2.3499999999999996	-0.30773809523809526	-2.3500000000000001	0	end	105	-3.1058285412302502	4.2473599154688202	left	-10.105828541230251	3.2473599154688202	Reach with cursor
791.5166370868683	6	-0.055952380952380955	-2.5738095238095244	-0.055952380952380955	-2.573809523809524	0	end	105	-3.1058285412302502	4.2473599154688202	left	-10.105828541230251	3.2473599154688202	Reach with cursor
791.5332581996918	6	0.30773809523809526	-2.9934523809523803	0.30773809523809526	-2.9934523809523808	0	end	105	-3.1058285412302502	4.2473599154688202	left	-10.105828541230251	3.2473599154688202	Reach with cursor
791.549782037735	6	0.5875	-3.3851190476190478	0.58750000000000002	-3.3851190476190478	0	end	105	-3.1058285412302502	4.2473599154688202	left	-10.105828541230251	3.2473599154688202	Reach with cursor
791.5663940906525	6	0.6994047619047619	-3.5809523809523811	0.69940476190476186	-3.5809523809523811	0	end	105	-3.1058285412302502	4.2473599154688202	left	-10.105828541230251	3.2473599154688202	Reach with cursor
791.5829560756683	6	0.8952380952380953	-3.9446428571428571	0.89523809523809528	-3.9446428571428571	0	end	105	-3.1058285412302502	4.2473599154688202	left	-10.105828541230251	3.2473599154688202	Reach with cursor
791.5996060371399	6	0.9791666666666666	-4.2523809523809524	0.97916666666666663	-4.2523809523809524	0	end	105	-3.1058285412302502	4.2473599154688202	left	-10.105828541230251	3.2473599154688202	Reach with cursor
791.6162981987	6	0.9511904761904761	-4.3922619047619049	0.95119047619047614	-4.3922619047619049	0	end	105	-3.1058285412302502	4.2473599154688202	left	-10.105828541230251	3.2473599154688202	Reach with cursor
791.6327750682831	6	0.8113095238095238	-4.6720238095238091	0.81130952380952381	-4.6720238095238091	0	end	105	-3.1058285412302502	4.2473599154688202	left	-10.105828541230251	3.2473599154688202	Reach with cursor
