791.636137008667	7	0.8113095238095238	-4.6720238095238091	0.81130952380952381	-4.6720238095238091	0	reach_target	75	3.1058285412302489	4.2473599154688202	right	8.1058285412302489	3.2473599154688202	Reach with cursor
791.6659941673279	7	0.6714285714285714	-5.147619047619048	0.67142857142857137	-5.147619047619048	0	reach_target	75	3.1058285412302489	4.2473599154688202	right	8.1058285412302489	3.2473599154688202	Reach with cursor
791.6825392246246	7	0.8392857142857143	-5.4833333333333334	0.8392857142857143	-5.4833333333333334	0	reach_target	75	3.1058285412302489	4.2473599154688202	right	8.1058285412302489	3.2473599154688202	Reach with cursor
791.6991422176361	7	1.119047619047619	-5.7630952380952385	1.1190476190476191	-5.7630952380952385	0	reach_target	75	3.1058285412302489	4.2473599154688202	right	8.1058285412302489	3.2473599154688202	Reach with cursor
791.7158892154694	7	1.230952380952381	-5.9309523809523812	1.230952380952381	-5.9309523809523812	0	reach_target	75	3.1058285412302489	4.2473599154688202	right	8.1058285412302489	3.2473599154688202	Reach with cursor
791.7323431968689	7	1.3428571428571427	-6.1827380952380953	1.3428571428571427	-6.1827380952380953	0	reach_target	75	3.1058285412302489	4.2473599154688202	right	8.1058285412302489	3.2473599154688202	Reach with cursor
791.7489521503448	7	1.3708333333333333	-6.4625000000000004	1.3708333333333333	-6.4625000000000004	0	reach_target	75	3.1058285412302489	4.2473599154688202	right	8.1058285412302489	3.2473599154688202	Reach with cursor
791.765524148941	7	1.3708333333333333	-6.5744047619047619	1.3708333333333333	-6.5744047619047619	0	reach_target	75	3.1058285412302489	4.2473599154688202	right	8.1058285412302489	3.2473599154688202	Reach with cursor
791.7821161746979	7	1.286904761904762	-6.7702380952380956	1.286904761904762	-6.7702380952380956	0	reach_target	75	3.1058285412302489	4.2473599154688202	right	8.1058285412302489	3.2473599154688202	Reach with cursor
791.798691034317	7	1.2029761904761904	-6.8821428571428571	1.2029761904761904	-6.8821428571428571	0	reach_target	75	3.1058285412302489	4.2473599154688202	right	8.1058285412302489	3.2473599154688202	Reach with cursor
791.8153121471405	7	1.1470238095238094	-6.9380952380952383	1.1470238095238094	-6.9380952380952383	0	reach_target	75	3.1058285412302489	4.2473599154688202	right	8.1058285412302489	3.2473599154688202	Reach with cursor
791.831924200058	7	0.9791666666666666	-7.0499999999999998	0.97916666666666663	-7.0499999999999998	0	reach_target	75	3.1058285412302489	4.2473599154688202	right	8.1058285412302489	3.2473599154688202	Reach with cursor
791.8484721183777	7	0.8113095238095238	-7.2178571428571425	0.81130952380952381	-7.2178571428571425	0	reach_target	75	3.1058285412302489	4.2473599154688202	right	8.1058285412302489	3.2473599154688202	Reach with cursor
791.865128993988	7	0.7273809523809524	-7.3297619047619049	0.72738095238095235	-7.3297619047619049	0	reach_target	75	3.1058285412302489	4.2473599154688202	right	8.1058285412302489	3.2473599154688202	Reach with cursor
791.8816812038422	7	0.6714285714285714	-7.4416666666666664	0.67142857142857137	-7.4416666666666664	0	reach_target	75	3.1058285412302489	4.2473599154688202	right	8.1058285412302489	3.2473599154688202	Reach with cursor
791.8982541561127	7	0.6714285714285714	-7.4416666666666664	0.67142857142857137	-7.4416666666666664	0	reach_target	75	3.1058285412302489	4.2473599154688202	right	8.1058285412302489	3.2473599154688202	Reach with cursor
791.9148650169373	7	0.6714285714285714	-7.4416666666666664	0.67142857142857137	-7.4416666666666664	0	reach_target	75	3.1058285412302489	4.2473599154688202	right	8.1058285412302489	3.2473599154688202	Reach with cursor
791.9314830303192	7	0.6714285714285714	-7.4416666666666664	0.67142857142857137	-7.4416666666666664	0	reach_target	75	3.1058285412302489	4.2473599154688202	right	8.1058285412302489	3.2473599154688202	Reach with cursor
791.9480531215668	7	0.643452380952381	-7.4416666666666664	0.643452380952381	-7.4416666666666664	0	reach_target	75	3.1058285412302489	4.2473599154688202	right	8.1058285412302489	3.2473599154688202	Reach with cursor
791.964681148529	7	0.643452380952381	-7.4416666666666664	0.643452380952381	-7.4416666666666664	0	reach_target	75	3.1058285412302489	4.2473599154688202	right	8.1058285412302489	3.2473599154688202	Reach with cursor
791.9812371730804	7	0.643452380952381	-7.4416666666666664	0.643452380952381	-7.4416666666666664	0	reach_target	75	3.1058285412302489	4.2473599154688202	right	8.1058285412302489	3.2473599154688202	Reach with cursor
791.9978361129761	7	0.643452380952381	-7.4416666666666664	0.643452380952381	-7.4416666666666664	0	reach_target	75	3.1058285412302489	4.2473599154688202	right	8.1058285412302489	3.2473599154688202	Reach with cursor
792.0144381523132	7	0.643452380952381	-7.4416666666666664	0.643452380952381	-7.4416666666666664	0	reach_target	75	3.1058285412302489	4.2473599154688202	right	8.1058285412302489	3.2473599154688202	Reach with cursor
792.0310699939728	7	0.643452380952381	-7.3857142857142861	0.643452380952381	-7.3857142857142861	0	reach_target	75	3.1058285412302489	4.2473599154688202	right	8.1058285412302489	3.2473599154688202	Reach with cursor
792.0476241111755	7	0.6154761904761905	-7.1339285714285712	0.61547619047619051	-7.1339285714285712	0	reach_target	75	3.1058285412302489	4.2473599154688202	right	8.1058285412302489	3.2473599154688202	Reach with cursor
