595.2610511779785	8	-0.2517857142857143	-4.9517857142857142	-0.25178571428571428	-4.9517857142857142	0	reach_home	90	7.3478807948841188e-16	4.65625	left	-6.9999999999999991	3.65625	Reach with cursor
595.2921741008759	8	-0.27976190476190477	-5.4833333333333334	-0.27976190476190477	-5.4833333333333334	0	reach_home	90	7.3478807948841188e-16	4.65625	left	-6.9999999999999991	3.65625	Reach with cursor
595.3087530136108	8	-0.30773809523809526	-5.7630952380952385	-0.30773809523809526	-5.7630952380952385	0	reach_home	90	7.3478807948841188e-16	4.65625	left	-6.9999999999999991	3.65625	Reach with cursor
595.3253672122955	8	-0.3357142857142857	-5.9029761904761902	-0.33571428571428569	-5.9029761904761902	0	reach_home	90	7.3478807948841188e-16	4.65625	left	-6.9999999999999991	3.65625	Reach with cursor
595.3419539928436	8	-0.3357142857142857	-6.1547619047619051	-0.33571428571428569	-6.1547619047619051	0	reach_home	90	7.3478807948841188e-16	4.65625	left	-6.9999999999999991	3.65625	Reach with cursor
595.3585481643677	8	-0.2517857142857143	-6.4065476190476192	-0.25178571428571428	-6.4065476190476192	0	reach_home	90	7.3478807948841188e-16	4.65625	left	-6.9999999999999991	3.65625	Reach with cursor
595.3751130104065	8	-0.22380952380952382	-6.5464285714285717	-0.22380952380952382	-6.5464285714285717	0	reach_home	90	7.3478807948841188e-16	4.65625	left	-6.9999999999999991	3.65625	Reach with cursor
595.3917031288147	8	-0.11190476190476191	-6.7702380952380956	-0.11190476190476191	-6.7702380952380956	0	reach_home	90	7.3478807948841188e-16	4.65625	left	-6.9999999999999991	3.65625	Reach with cursor
595.4084310531616	8	-0.027976190476190477	-6.9660714285714285	-0.027976190476190477	-6.9660714285714285	0	reach_home	90	7.3478807948841188e-16	4.65625	left	-6.9999999999999991	3.65625	Reach with cursor
595.4249751567841	8	0.0	-7.0499999999999998	0.0	-7.0499999999999998	0	reach_home	90	7.3478807948841188e-16	4.65625	left	-6.9999999999999991	3.65625	Reach with cursor
595.4415030479431	8	0.027976190476190477	-7.1898809523809524	0.027976190476190477	-7.1898809523809524	0	reach_home	90	7.3478807948841188e-16	4.65625	left	-6.9999999999999991	3.65625	Reach with cursor
595.4580881595612	8	0.055952380952380955	-7.3017857142857139	0.055952380952380955	-7.3017857142857139	0	reach_home	90	7.3478807948841188e-16	4.65625	left	-6.9999999999999991	3.65625	Reach with cursor
595.4746730327606	8	0.055952380952380955	-7.3577380952380951	0.055952380952380955	-7.3577380952380951	0	reach_home	90	7.3478807948841188e-16	4.65625	left	-6.9999999999999991	3.65625	Reach with cursor
595.4912781715393	8	0.055952380952380955	-7.3857142857142861	0.055952380952380955	-7.3857142857142861	0	reach_home	90	7.3478807948841188e-16	4.65625	left	-6.9999999999999991	3.65625	Reach with cursor
595.5079901218414	8	0.055952380952380955	-7.3857142857142861	0.055952380952380955	-7.3857142857142861	0	reach_home	90	7.3478807948841188e-16	4.65625	left	-6.9999999999999991	3.65625	Reach with cursor
595.5244309902191	8	0.055952380952380955	-7.3857142857142861	0.055952380952380955	-7.3857142857142861	0	reach_home	90	7.3478807948841188e-16	4.65625	left	-6.9999999999999991	3.65625	Reach with cursor
595.5410180091858	8	0.027976190476190477	-7.3577380952380951	0.027976190476190477	-7.3577380952380951	0	reach_home	90	7.3478807948841188e-16	4.65625	left	-6.9999999999999991	3.65625	Reach with cursor
595.5576450824738	8	-0.055952380952380955	-7.2458333333333336	-0.055952380952380955	-7.2458333333333336	0	reach_home	90	7.3478807948841188e-16	4.65625	left	-6.9999999999999991	3.65625	Reach with cursor
595.5742390155792	8	-0.13988095238095238	-7.1619047619047622	-0.13988095238095238	-7.1619047619047622	0	reach_home	90	7.3478807948841188e-16	4.65625	left	-6.9999999999999991	3.65625	Reach with cursor
595.5908532142639	8	-0.3357142857142857	-6.9380952380952383	-0.33571428571428569	-6.9380952380952383	0	reach_home	90	7.3478807948841188e-16	4.65625	left	-6.9999999999999991	3.65625	Reach with cursor
595.6074090003967	8	-0.5595238095238095	-6.5464285714285717	-0.55952380952380953	-6.5464285714285717	0	reach_home	90	7.3478807948841188e-16	4.65625	left	-6.9999999999999991	3.65625	Reach with cursor
595.6240310668945	8	-0.6994047619047619	-6.2946428571428568	-0.69940476190476186	-6.2946428571428568	0	reach_home	90	7.3478807948841188e-16	4.65625	left	-6.9999999999999991	3.65625	Reach with cursor
595.6406161785126	8	-0.9511904761904761	-5.6791666666666663	-0.95119047619047614	-5.6791666666666663	0	reach_home	90	7.3478807948841188e-16	4.65625	left	-6.9999999999999991	3.65625	Reach with cursor
595.6572132110596	8	-1.063095238095238	-5.2874999999999996	-1.0630952380952381	-5.2874999999999996	0	reach_home	90	7.3478807948841188e-16	4.65625	left	-6.9999999999999991	3.65625	Reach with cursor
595.6737999916077	8	-1.2029761904761904	-4.3642857142857139	-1.2029761904761904	-4.3642857142857139	0	reach_home	90	7.3478807948841188e-16	4.65625	left	-6.9999999999999991	3.65625	Reach with cursor
595.690407037735	8	-1.175	-3.2732142857142854	-1.175	-3.2732142857142859	0	reach_home	90	7.3478807948841188e-16	4.65625	left	-6.9999999999999991	3.65625	Reach with cursor
595.7069931030273	8	-0.9511904761904761	-2.0702380952380954	-0.95119047619047614	-2.0702380952380954	0	reach_home	90	7.3478807948841188e-16	4.65625	left	-6.9999999999999991	3.65625	Reach with cursor
595.7236330509186	8	-0.7553571428571428	-1.4267857142857139	-0.75535714285714284	-1.4267857142857143	0	reach_home	90	7.3478807948841188e-16	4.65625	left	-6.9999999999999991	3.65625	Reach with cursor
595.7401931285858	8	-0.3636904761904762	-0.1678571428571427	-0.36369047619047618	-0.16785714285714284	0	reach_home	90	7.3478807948841188e-16	4.65625	left	-6.9999999999999991	3.65625	Reach with cursor
595.7568030357361	8	-0.19583333333333333	0.39166666666666661	-0.19583333333333333	0.39166666666666666	0	reach_home	90	7.3478807948841188e-16	4.65625	left	-6.9999999999999991	3.65625	Reach with cursor
595.7733991146088	8	0.0	1.1190476190476186	0.0	1.1190476190476191	0	reach_home	90	7.3478807948841188e-16	4.65625	left	-6.9999999999999991	3.65625	Reach with cursor
595.789959192276	8	0.027976190476190477	1.454761904761904	0.027976190476190477	1.4547619047619047	0	reach_home	90	7.3478807948841188e-16	4.65625	left	-6.9999999999999991	3.65625	Reach with cursor
595.8065481185913	8	0.027976190476190477	1.706547619047619	0.027976190476190477	1.706547619047619	0	reach_home	90	7.3478807948841188e-16	4.65625	left	-6.9999999999999991	3.65625	Reach with cursor
595.8231530189514	8	0.027976190476190477	1.8184523809523814	0.027976190476190477	1.8184523809523809	0	reach_home	90	7.3478807948841188e-16	4.65625	left	-6.9999999999999991	3.65625	Reach with cursor
595.8397581577301	8	0.027976190476190477	2.0142857142857142	0.027976190476190477	2.0142857142857142	0	reach_home	90	7.3478807948841188e-16	4.65625	left	-6.9999999999999991	3.65625	Reach with cursor
595.8563480377197	8	0.027976190476190477	2.0982142857142847	0.027976190476190477	2.0982142857142856	0	reach_home	90	7.3478807948841188e-16	4.65625	left	-6.9999999999999991	3.65625	Reach with cursor
595.8729209899902	8	0.08392857142857142	2.2940476190476193	0.083928571428571422	2.2940476190476189	0	reach_home	90	7.3478807948841188e-16	4.65625	left	-6.9999999999999991	3.65625	Reach with cursor
595.8895320892334	8	0.13988095238095238	2.5178571428571423	0.13988095238095238	2.5178571428571428	0	reach_home	90	7.3478807948841188e-16	4.65625	left	-6.9999999999999991	3.65625	Reach with cursor
595.9061191082001	8	0.2517857142857143	2.7136904761904752	0.25178571428571428	2.7136904761904761	0	reach_home	90	7.3478807948841188e-16	4.65625	left	-6.9999999999999991	3.65625	Reach with cursor
595.9227080345154	8	0.27976190476190477	2.7976190476190474	0.27976190476190477	2.7976190476190474	0	reach_home	90	7.3478807948841188e-16	4.65625	left	-6.9999999999999991	3.65625	Reach with cursor
595.9393122196198	8	0.3636904761904762	2.9654761904761902	0.36369047619047618	2.9654761904761906	0	reach_home	90	7.3478807948841188e-16	4.65625	left	-6.9999999999999991	3.65625	Reach with cursor
595.9559390544891	8	0.3636904761904762	3.0214285714285722	0.36369047619047618	3.0214285714285714	0	reach_home	90	7.3478807948841188e-16	4.65625	left	-6.9999999999999991	3.65625	Reach with cursor
595.9725210666656	8	0.39166666666666666	3.1333333333333329	0.39166666666666666	3.1333333333333333	0	reach_home	90	7.3478807948841188e-16	4.65625	left	-6.9999999999999991	3.65625	Reach with cursor
595.9890911579132	8	0.3636904761904762	3.2732142857142854	0.36369047619047618	3.2732142857142859	0	reach_home	90	7.3478807948841188e-16	4.65625	left	-6.9999999999999991	3.65625	Reach with cursor
596.0056631565094	8	0.3636904761904762	3.3291666666666657	0.36369047619047618	3.3291666666666666	0	reach_home	90	7.3478807948841188e-16	4.65625	left	-6.9999999999999991	3.65625	Reach with cursor
596.0223381519318	8	0.3636904761904762	3.4970238095238102	0.36369047619047618	3.4970238095238093	0	reach_home	90	7.3478807948841188e-16	4.65625	left	-6.9999999999999991	3.65625	Reach with cursor
596.0388731956482	8	0.41964285714285715	3.7208333333333332	0.41964285714285715	3.7208333333333332	0	reach_home	90	7.3478807948841188e-16	4.65625	left	-6.9999999999999991	3.65625	Reach with cursor
596.0554800033569	8	0.44761904761904764	3.8327380952380956	0.44761904761904764	3.8327380952380952	0	reach_home	90	7.3478807948841188e-16	4.65625	left	-6.9999999999999991	3.65625	Reach with cursor
596.0720961093903	8	0.5595238095238095	4.0845238095238088	0.55952380952380953	4.0845238095238097	0	reach_home	90	7.3478807948841188e-16	4.65625	left	-6.9999999999999991	3.65625	Reach with cursor
596.088700056076	8	0.6714285714285714	4.3083333333333336	0.67142857142857137	4.3083333333333336	0	reach_home	90	7.3478807948841188e-16	4.65625	left	-6.9999999999999991	3.65625	Reach with cursor
596.1052551269531	8	0.6994047619047619	4.4202380952380942	0.69940476190476186	4.4202380952380951	0	reach_home	90	7.3478807948841188e-16	4.65625	left	-6.9999999999999991	3.65625	Reach with cursor
596.1218800544739	8	0.7553571428571428	4.5321428571428584	0.75535714285714284	4.5321428571428575	0	reach_home	90	7.3478807948841188e-16	4.65625	left	-6.9999999999999991	3.65625	Reach with cursor
596.1384460926056	8	0.6714285714285714	4.6160714285714288	0.67142857142857137	4.6160714285714288	0	reach_home	90	7.3478807948841188e-16	4.65625	left	-6.9999999999999991	3.65625	Reach with cursor
596.1550581455231	8	0.5875	4.644047619047619	0.58750000000000002	4.644047619047619	0	reach_home	90	7.3478807948841188e-16	4.65625	left	-6.9999999999999991	3.65625	Reach with cursor
596.1716361045837	8	0.3636904761904762	4.6999999999999993	0.36369047619047618	4.7000000000000002	0	reach_home	90	7.3478807948841188e-16	4.65625	left	-6.9999999999999991	3.65625	Reach with cursor
596.1882281303406	8	0.11190476190476191	4.6999999999999993	0.11190476190476191	4.7000000000000002	0	reach_home	90	7.3478807948841188e-16	4.65625	left	-6.9999999999999991	3.65625	Reach with cursor
596.2048420906067	8	0.0	4.6720238095238091	0.0	4.6720238095238091	0	reach_home	90	7.3478807948841188e-16	4.65625	left	-6.9999999999999991	3.65625	Reach with cursor
596.2215671539307	8	-0.16785714285714284	4.644047619047619	-0.16785714285714284	4.644047619047619	0	reach_home	90	7.3478807948841188e-16	4.65625	left	-6.9999999999999991	3.65625	Reach with cursor
596.2379992008209	8	-0.2517857142857143	4.6160714285714288	-0.25178571428571428	4.6160714285714288	0	reach_home	90	7.3478807948841188e-16	4.65625	left	-6.9999999999999991	3.65625	Reach with cursor
596.2545890808105	8	-0.27976190476190477	4.5880952380952387	-0.27976190476190477	4.5880952380952378	0	reach_home	90	7.3478807948841188e-16	4.65625	left	-6.9999999999999991	3.65625	Reach with cursor
596.2711851596832	8	-0.27976190476190477	4.5601190476190467	-0.27976190476190477	4.5601190476190476	0	reach_home	90	7.3478807948841188e-16	4.65625	left	-6.9999999999999991	3.65625	Reach with cursor
596.2878060340881	8	-0.30773809523809526	4.5321428571428584	-0.30773809523809526	4.5321428571428575	0	reach_home	90	7.3478807948841188e-16	4.65625	left	-6.9999999999999991	3.65625	Reach with cursor
596.304386138916	8	-0.27976190476190477	4.5321428571428584	-0.27976190476190477	4.5321428571428575	0	reach_home	90	7.3478807948841188e-16	4.65625	left	-6.9999999999999991	3.65625	Reach with cursor
596.3211140632629	8	-0.27976190476190477	4.5041666666666664	-0.27976190476190477	4.5041666666666664	0	reach_home	90	7.3478807948841188e-16	4.65625	left	-6.9999999999999991	3.65625	Reach with cursor
596.3375751972198	8	-0.27976190476190477	4.5041666666666664	-0.27976190476190477	4.5041666666666664	0	reach_home	90	7.3478807948841188e-16	4.65625	left	-6.9999999999999991	3.65625	Reach with cursor
596.3541781902313	8	-0.2517857142857143	4.5041666666666664	-0.25178571428571428	4.5041666666666664	0	reach_home	90	7.3478807948841188e-16	4.65625	left	-6.9999999999999991	3.65625	Reach with cursor
596.3707602024078	8	-0.2517857142857143	4.4761904761904763	-0.25178571428571428	4.4761904761904763	0	reach_home	90	7.3478807948841188e-16	4.65625	left	-6.9999999999999991	3.65625	Reach with cursor
596.3873112201691	8	-0.22380952380952382	4.4761904761904763	-0.22380952380952382	4.4761904761904763	0	reach_home	90	7.3478807948841188e-16	4.65625	left	-6.9999999999999991	3.65625	Reach with cursor
596.403932094574	8	-0.19583333333333333	4.4761904761904763	-0.19583333333333333	4.4761904761904763	0	reach_home	90	7.3478807948841188e-16	4.65625	left	-6.9999999999999991	3.65625	Reach with cursor
596.4205501079559	8	-0.19583333333333333	4.4761904761904763	-0.19583333333333333	4.4761904761904763	0	reach_home	90	7.3478807948841188e-16	4.65625	left	-6.9999999999999991	3.65625	Reach with cursor
596.4371631145477	8	-0.19583333333333333	4.4761904761904763	-0.19583333333333333	4.4761904761904763	0	reach_home	90	7.3478807948841188e-16	4.65625	left	-6.9999999999999991	3.65625	Reach with cursor
596.4537281990051	8	-0.16785714285714284	4.4761904761904763	-0.16785714285714284	4.4761904761904763	0	reach_home	90	7.3478807948841188e-16	4.65625	left	-6.9999999999999991	3.65625	Reach with cursor
596.4703171253204	8	-0.16785714285714284	4.4761904761904763	-0.16785714285714284	4.4761904761904763	0	reach_home	90	7.3478807948841188e-16	4.65625	left	-6.9999999999999991	3.65625	Reach with cursor
596.4869310855865	8	-0.16785714285714284	4.4761904761904763	-0.16785714285714284	4.4761904761904763	0	reach_home	90	7.3478807948841188e-16	4.65625	left	-6.9999999999999991	3.65625	Reach with cursor
596.5035421848297	8	-0.13988095238095238	4.4761904761904763	-0.13988095238095238	4.4761904761904763	0	reach_home	90	7.3478807948841188e-16	4.65625	left	-6.9999999999999991	3.65625	Reach with cursor
596.5200960636139	8	-0.11190476190476191	4.4761904761904763	-0.11190476190476191	4.4761904761904763	0	reach_home	90	7.3478807948841188e-16	4.65625	left	-6.9999999999999991	3.65625	Reach with cursor
596.5367031097412	8	-0.083928571428571422	4.4761904761904763	-0.083928571428571422	4.4761904761904763	0	reach_home	90	7.3478807948841188e-16	4.65625	left	-6.9999999999999991	3.65625	Reach with cursor
596.5533180236816	8	-0.055952380952380955	4.4761904761904763	-0.055952380952380955	4.5041666666666664	0	reach_home	90	7.3478807948841188e-16	4.65625	left	-6.9999999999999991	3.65625	Reach with cursor
596.5698862075806	8	-0.055952380952380955	4.4761904761904763	-0.055952380952380955	4.5041666666666664	0	reach_home	90	7.3478807948841188e-16	4.65625	left	-6.9999999999999991	3.65625	Reach with cursor
596.5864760875702	8	-0.055952380952380955	4.4761904761904763	-0.055952380952380955	4.5041666666666664	0	reach_home	90	7.3478807948841188e-16	4.65625	left	-6.9999999999999991	3.65625	Reach with cursor
596.6030550003052	8	-0.055952380952380955	4.4761904761904763	-0.055952380952380955	4.5041666666666664	0	reach_home	90	7.3478807948841188e-16	4.65625	left	-6.9999999999999991	3.65625	Reach with cursor
596.6196501255035	8	-0.055952380952380955	4.4761904761904763	-0.055952380952380955	4.5041666666666664	0	reach_home	90	7.3478807948841188e-16	4.65625	left	-6.9999999999999991	3.65625	Reach with cursor
596.6362709999084	8	-0.055952380952380955	4.4761904761904763	-0.055952380952380955	4.5041666666666664	0	reach_home	90	7.3478807948841188e-16	4.65625	left	-6.9999999999999991	3.65625	Reach with cursor
596.6528379917145	8	-0.055952380952380955	4.4761904761904763	-0.055952380952380955	4.5041666666666664	0	reach_home	90	7.3478807948841188e-16	4.65625	left	-6.9999999999999991	3.65625	Reach with cursor
596.6694421768188	8	-0.055952380952380955	4.4761904761904763	-0.055952380952380955	4.5041666666666664	0	reach_home	90	7.3478807948841188e-16	4.65625	left	-6.9999999999999991	3.65625	Reach with cursor
596.6860589981079	8	-0.055952380952380955	4.4761904761904763	-0.055952380952380955	4.5041666666666664	0	reach_home	90	7.3478807948841188e-16	4.65625	left	-6.9999999999999991	3.65625	Reach with cursor
596.7026481628418	8	-0.055952380952380955	4.4761904761904763	-0.055952380952380955	4.5041666666666664	0	reach_home	90	7.3478807948841188e-16	4.65625	left	-6.9999999999999991	3.65625	Reach with cursor
596.7191979885101	8	-0.055952380952380955	4.4761904761904763	-0.055952380952380955	4.5041666666666664	0	reach_home	90	7.3478807948841188e-16	4.65625	left	-6.9999999999999991	3.65625	Reach with cursor
596.73583817482	8	-0.055952380952380955	4.4761904761904763	-0.055952380952380955	4.5041666666666664	0	reach_home	90	7.3478807948841188e-16	4.65625	left	-6.9999999999999991	3.65625	Reach with cursor
596.7524151802063	8	-0.055952380952380955	4.4761904761904763	-0.055952380952380955	4.5041666666666664	0	reach_home	90	7.3478807948841188e-16	4.65625	left	-6.9999999999999991	3.65625	Reach with cursor
596.7690000534058	8	-0.055952380952380955	4.4761904761904763	-0.055952380952380955	4.5041666666666664	0	reach_home	90	7.3478807948841188e-16	4.65625	left	-6.9999999999999991	3.65625	Reach with cursor
596.7855980396271	8	-0.027976190476190477	4.4761904761904763	-0.027976190476190477	4.5041666666666664	0	reach_home	90	7.3478807948841188e-16	4.65625	left	-6.9999999999999991	3.65625	Reach with cursor
596.8022150993347	8	0.0	4.4761904761904763	0.0	4.5321428571428575	0	reach_home	90	7.3478807948841188e-16	4.65625	left	-6.9999999999999991	3.65625	Reach with cursor
596.818775177002	8	0.027976190476190477	4.4761904761904763	0.027976190476190477	4.5321428571428575	0	reach_home	90	7.3478807948841188e-16	4.65625	left	-6.9999999999999991	3.65625	Reach with cursor
596.8354320526123	8	0.027976190476190477	4.4761904761904763	0.027976190476190477	4.5321428571428575	0	reach_home	90	7.3478807948841188e-16	4.65625	left	-6.9999999999999991	3.65625	Reach with cursor
596.8520021438599	8	0.055952380952380955	4.4761904761904763	0.055952380952380955	4.5601190476190476	0	reach_home	90	7.3478807948841188e-16	4.65625	left	-6.9999999999999991	3.65625	Reach with cursor
596.8685841560364	8	0.055952380952380955	4.4761904761904763	0.055952380952380955	4.5601190476190476	0	reach_home	90	7.3478807948841188e-16	4.65625	left	-6.9999999999999991	3.65625	Reach with cursor
596.8851611614227	8	0.055952380952380955	4.4761904761904763	0.055952380952380955	4.5601190476190476	0	reach_home	90	7.3478807948841188e-16	4.65625	left	-6.9999999999999991	3.65625	Reach with cursor
596.9017770290375	8	0.055952380952380955	4.4761904761904763	0.055952380952380955	4.5601190476190476	0	reach_home	90	7.3478807948841188e-16	4.65625	left	-6.9999999999999991	3.65625	Reach with cursor
596.9183530807495	8	0.055952380952380955	4.4761904761904763	0.055952380952380955	4.5601190476190476	0	reach_home	90	7.3478807948841188e-16	4.65625	left	-6.9999999999999991	3.65625	Reach with cursor
596.9349892139435	8	0.055952380952380955	4.4761904761904763	0.055952380952380955	4.5601190476190476	0	reach_home	90	7.3478807948841188e-16	4.65625	left	-6.9999999999999991	3.65625	Reach with cursor
596.9515991210938	8	0.055952380952380955	4.4761904761904763	0.055952380952380955	4.5601190476190476	0	reach_home	90	7.3478807948841188e-16	4.65625	left	-6.9999999999999991	3.65625	Reach with cursor
596.9681611061096	8	0.055952380952380955	4.4761904761904763	0.055952380952380955	4.5601190476190476	0	reach_home	90	7.3478807948841188e-16	4.65625	left	-6.9999999999999991	3.65625	Reach with cursor
596.9847340583801	8	0.055952380952380955	4.4761904761904763	0.055952380952380955	4.5601190476190476	0	reach_home	90	7.3478807948841188e-16	4.65625	left	-6.9999999999999991	3.65625	Reach with cursor
597.001314163208	8	0.055952380952380955	4.4761904761904763	0.055952380952380955	4.5601190476190476	0	reach_home	90	7.3478807948841188e-16	4.65625	left	-6.9999999999999991	3.65625	Reach with cursor
597.0179290771484	8	0.055952380952380955	4.4761904761904763	0.055952380952380955	4.5880952380952378	0	reach_home	90	7.3478807948841188e-16	4.65625	left	-6.9999999999999991	3.65625	Reach with cursor
597.0345981121063	8	0.055952380952380955	4.4761904761904763	0.055952380952380955	4.5880952380952378	0	reach_home	90	7.3478807948841188e-16	4.65625	left	-6.9999999999999991	3.65625	Reach with cursor
597.0511381626129	8	0.055952380952380955	4.4761904761904763	0.055952380952380955	4.5880952380952378	0	reach_home	90	7.3478807948841188e-16	4.65625	left	-6.9999999999999991	3.65625	Reach with cursor
597.0676991939545	8	0.027976190476190477	4.4761904761904763	0.027976190476190477	4.5880952380952378	0	reach_home	90	7.3478807948841188e-16	4.65625	left	-6.9999999999999991	3.65625	Reach with cursor
597.0843410491943	8	-0.083928571428571422	4.4761904761904763	-0.083928571428571422	4.5880952380952378	0	reach_home	90	7.3478807948841188e-16	4.65625	left	-6.9999999999999991	3.65625	Reach with cursor
597.1009151935577	8	-0.30773809523809526	4.4761904761904763	-0.30773809523809526	4.5880952380952378	0	reach_home	90	7.3478807948841188e-16	4.65625	left	-6.9999999999999991	3.65625	Reach with cursor
597.1174831390381	8	-0.47559523809523807	4.4761904761904763	-0.47559523809523807	4.5880952380952378	0	reach_home	90	7.3478807948841188e-16	4.65625	left	-6.9999999999999991	3.65625	Reach with cursor
597.1342210769653	8	-0.92321428571428577	4.4761904761904763	-0.92321428571428577	4.6160714285714288	0	reach_home	90	7.3478807948841188e-16	4.65625	left	-6.9999999999999991	3.65625	Reach with cursor
597.1507091522217	8	-1.5386904761904763	4.4761904761904763	-1.5386904761904763	4.6720238095238091	0	reach_home	90	7.3478807948841188e-16	4.65625	left	-6.9999999999999991	3.65625	Reach with cursor
597.1672780513763	8	-1.9303571428571429	4.4761904761904763	-1.9303571428571429	4.6720238095238091	0	reach_home	90	7.3478807948841188e-16	4.65625	left	-6.9999999999999991	3.65625	Reach with cursor
597.183865070343	8	-2.7416666666666667	4.4761904761904763	-2.7416666666666667	4.7000000000000002	0	reach_home	90	7.3478807948841188e-16	4.65625	left	-6.9999999999999991	3.65625	Reach with cursor
597.2004392147064	8	-3.5529761904761905	4.4761904761904763	-3.5529761904761905	4.7000000000000002	0	reach_home	90	7.3478807948841188e-16	4.65625	left	-6.9999999999999991	3.65625	Reach with cursor
597.2171070575714	8	-3.9726190476190477	4.4761904761904763	-3.9726190476190477	4.7000000000000002	0	reach_home	90	7.3478807948841188e-16	4.65625	left	-6.9999999999999991	3.65625	Reach with cursor
597.2336761951447	8	-4.7559523809523814	4.4761904761904763	-4.7559523809523814	4.644047619047619	0	reach_home	90	7.3478807948841188e-16	4.65625	left	-6.9999999999999991	3.65625	Reach with cursor
597.2502691745758	8	-5.483333333333333	4.5601190476190467	-5.4833333333333334	4.5601190476190476	0	reach_home	90	7.3478807948841188e-16	4.65625	left	-6.9999999999999991	3.65625	Reach with cursor
597.2668352127075	8	-5.84702380952381	4.5041666666666664	-5.8470238095238098	4.5041666666666664	0	reach_home	90	7.3478807948841188e-16	4.65625	left	-6.9999999999999991	3.65625	Reach with cursor
597.2834541797638	8	-6.518452380952381	4.3922619047619058	-6.5184523809523807	4.3922619047619049	0	reach_home	90	7.3478807948841188e-16	4.65625	left	-6.9999999999999991	3.65625	Reach with cursor
597.3000030517578	8	-7.2178571428571425	4.1964285714285712	-7.2178571428571425	4.1964285714285712	0	reach_home	90	7.3478807948841188e-16	4.65625	left	-6.9999999999999991	3.65625	Reach with cursor
597.3166291713715	8	-7.6375	4.0845238095238088	-7.6375000000000002	4.0845238095238097	0	reach_home	90	7.3478807948841188e-16	4.65625	left	-6.9999999999999991	3.65625	Reach with cursor
597.3332030773163	8	-8.588690476190477	3.9446428571428562	-8.588690476190477	3.9446428571428571	0	reach_home	90	7.3478807948841188e-16	4.65625	left	-6.9999999999999991	3.65625	Reach with cursor
597.3498451709747	8	-9.511904761904763	4.1125000000000007	-9.5119047619047628	4.1124999999999998	0	reach_home	90	7.3478807948841188e-16	4.65625	left	-6.9999999999999991	3.65625	Reach with cursor
597.3663980960846	8	-9.931547619047619	4.2523809523809533	-9.9315476190476186	4.2523809523809524	0	reach_home	90	7.3478807948841188e-16	4.65625	left	-6.9999999999999991	3.65625	Reach with cursor
597.3829870223999	8	-10.267261904761904	4.4202380952380942	-10.267261904761904	4.4202380952380951	0	reach_home	90	7.3478807948841188e-16	4.65625	left	-6.9999999999999991	3.65625	Reach with cursor
597.3995730876923	8	-10.267261904761904	4.4202380952380942	-10.267261904761904	4.4202380952380951	0	reach_home	90	7.3478807948841188e-16	4.65625	left	-6.9999999999999991	3.65625	Reach with cursor
597.4161891937256	8	-10.267261904761904	4.4202380952380942	-10.267261904761904	4.4202380952380951	0	reach_home	90	7.3478807948841188e-16	4.65625	left	-6.9999999999999991	3.65625	Reach with cursor
597.4327521324158	8	-10.267261904761904	4.4202380952380942	-10.267261904761904	4.4202380952380951	0	reach_home	90	7.3478807948841188e-16	4.65625	left	-6.9999999999999991	3.65625	Reach with cursor
597.449431180954	8	-10.267261904761904	4.4202380952380942	-10.267261904761904	4.4202380952380951	0	reach_home	90	7.3478807948841188e-16	4.65625	left	-6.9999999999999991	3.65625	Reach with cursor
597.4659581184387	8	-10.267261904761904	4.4202380952380942	-10.267261904761904	4.4202380952380951	0	reach_home	90	7.3478807948841188e-16	4.65625	left	-6.9999999999999991	3.65625	Reach with cursor
597.4825761318207	8	-10.267261904761904	4.4202380952380942	-10.267261904761904	4.4202380952380951	0	reach_home	90	7.3478807948841188e-16	4.65625	left	-6.9999999999999991	3.65625	Reach with cursor
597.4991211891174	8	-10.267261904761904	4.4202380952380942	-10.267261904761904	4.4202380952380951	0	reach_home	90	7.3478807948841188e-16	4.65625	left	-6.9999999999999991	3.65625	Reach with cursor
597.5157041549683	8	-10.267261904761904	4.4202380952380942	-10.267261904761904	4.4202380952380951	0	reach_home	90	7.3478807948841188e-16	4.65625	left	-6.9999999999999991	3.65625	Reach with cursor
597.5323021411896	8	-10.267261904761904	4.4202380952380942	-10.267261904761904	4.4202380952380951	0	reach_home	90	7.3478807948841188e-16	4.65625	left	-6.9999999999999991	3.65625	Reach with cursor
597.5489761829376	8	-10.267261904761904	4.4202380952380942	-10.267261904761904	4.4202380952380951	0	reach_home	90	7.3478807948841188e-16	4.65625	left	-6.9999999999999991	3.65625	Reach with cursor
597.5655291080475	8	-10.267261904761904	4.4202380952380942	-10.267261904761904	4.4202380952380951	0	reach_home	90	7.3478807948841188e-16	4.65625	left	-6.9999999999999991	3.65625	Reach with cursor
597.5821352005005	8	-10.267261904761904	4.4202380952380942	-10.267261904761904	4.4202380952380951	0	reach_home	90	7.3478807948841188e-16	4.65625	left	-6.9999999999999991	3.65625	Reach with cursor
597.5986750125885	8	-10.267261904761904	4.4202380952380942	-10.267261904761904	4.4202380952380951	0	reach_home	90	7.3478807948841188e-16	4.65625	left	-6.9999999999999991	3.65625	Reach with cursor
597.6153302192688	8	-10.267261904761904	4.4202380952380942	-10.267261904761904	4.4202380952380951	0	reach_home	90	7.3478807948841188e-16	4.65625	left	-6.9999999999999991	3.65625	Reach with cursor
597.6318972110748	8	-10.267261904761904	4.4202380952380942	-10.267261904761904	4.4202380952380951	0	reach_home	90	7.3478807948841188e-16	4.65625	left	-6.9999999999999991	3.65625	Reach with cursor
597.6484940052032	8	-10.267261904761904	4.4202380952380942	-10.267261904761904	4.4202380952380951	0	reach_home	90	7.3478807948841188e-16	4.65625	left	-6.9999999999999991	3.65625	Reach with cursor
597.6651051044464	8	-10.267261904761904	4.4202380952380942	-10.267261904761904	4.4202380952380951	0	reach_home	90	7.3478807948841188e-16	4.65625	left	-6.9999999999999991	3.65625	Reach with cursor
597.6816852092743	8	-10.267261904761904	4.4202380952380942	-10.267261904761904	4.4202380952380951	0	reach_home	90	7.3478807948841188e-16	4.65625	left	-6.9999999999999991	3.65625	Reach with cursor
597.6982831954956	8	-10.267261904761904	4.4202380952380942	-10.267261904761904	4.4202380952380951	0	reach_home	90	7.3478807948841188e-16	4.65625	left	-6.9999999999999991	3.65625	Reach with cursor
597.7148671150208	8	-10.267261904761904	4.4202380952380942	-10.267261904761904	4.4202380952380951	0	reach_home	90	7.3478807948841188e-16	4.65625	left	-6.9999999999999991	3.65625	Reach with cursor
597.7314660549164	8	-10.267261904761904	4.4202380952380942	-10.267261904761904	4.4202380952380951	0	reach_home	90	7.3478807948841188e-16	4.65625	left	-6.9999999999999991	3.65625	Reach with cursor
597.7480330467224	8	-10.267261904761904	4.4202380952380942	-10.267261904761904	4.4202380952380951	0	reach_home	90	7.3478807948841188e-16	4.65625	left	-6.9999999999999991	3.65625	Reach with cursor
597.7647051811218	8	-10.267261904761904	4.4202380952380942	-10.267261904761904	4.4202380952380951	0	reach_home	90	7.3478807948841188e-16	4.65625	left	-6.9999999999999991	3.65625	Reach with cursor
597.781247138977	8	-10.267261904761904	4.4202380952380942	-10.267261904761904	4.4202380952380951	0	reach_home	90	7.3478807948841188e-16	4.65625	left	-6.9999999999999991	3.65625	Reach with cursor
597.7978270053864	8	-10.267261904761904	4.4202380952380942	-10.267261904761904	4.4202380952380951	0	reach_home	90	7.3478807948841188e-16	4.65625	left	-6.9999999999999991	3.65625	Reach with cursor
597.8144571781158	8	-10.267261904761904	4.4202380952380942	-10.267261904761904	4.4202380952380951	0	reach_home	90	7.3478807948841188e-16	4.65625	left	-6.9999999999999991	3.65625	Reach with cursor
597.8310480117798	8	-10.267261904761904	4.4202380952380942	-10.267261904761904	4.4202380952380951	0	reach_home	90	7.3478807948841188e-16	4.65625	left	-6.9999999999999991	3.65625	Reach with cursor
597.8477330207825	8	-10.267261904761904	4.4202380952380942	-10.267261904761904	4.4202380952380951	0	reach_home	90	7.3478807948841188e-16	4.65625	left	-6.9999999999999991	3.65625	Reach with cursor
597.8642342090607	8	-10.267261904761904	4.4202380952380942	-10.267261904761904	4.4202380952380951	0	reach_home	90	7.3478807948841188e-16	4.65625	left	-6.9999999999999991	3.65625	Reach with cursor
597.8808431625366	8	-10.267261904761904	4.4202380952380942	-10.267261904761904	4.4202380952380951	0	reach_home	90	7.3478807948841188e-16	4.65625	left	-6.9999999999999991	3.65625	Reach with cursor
597.8974161148071	8	-10.267261904761904	4.4202380952380942	-10.267261904761904	4.4202380952380951	0	reach_home	90	7.3478807948841188e-16	4.65625	left	-6.9999999999999991	3.65625	Reach with cursor
597.9139950275421	8	-10.267261904761904	4.4202380952380942	-10.267261904761904	4.4202380952380951	0	reach_home	90	7.3478807948841188e-16	4.65625	left	-6.9999999999999991	3.65625	Reach with cursor
597.9305801391602	8	-10.267261904761904	4.4202380952380942	-10.267261904761904	4.4202380952380951	0	reach_home	90	7.3478807948841188e-16	4.65625	left	-6.9999999999999991	3.65625	Reach with cursor
597.947282075882	8	-10.267261904761904	4.4202380952380942	-10.267261904761904	4.4202380952380951	0	reach_home	90	7.3478807948841188e-16	4.65625	left	-6.9999999999999991	3.65625	Reach with cursor
597.9637761116028	8	-10.267261904761904	4.4202380952380942	-10.267261904761904	4.4202380952380951	0	reach_home	90	7.3478807948841188e-16	4.65625	left	-6.9999999999999991	3.65625	Reach with cursor
597.980387210846	8	-10.267261904761904	4.4202380952380942	-10.267261904761904	4.4202380952380951	0	reach_home	90	7.3478807948841188e-16	4.65625	left	-6.9999999999999991	3.65625	Reach with cursor
597.9969420433044	8	-10.267261904761904	4.4202380952380942	-10.267261904761904	4.4202380952380951	0	reach_home	90	7.3478807948841188e-16	4.65625	left	-6.9999999999999991	3.65625	Reach with cursor
598.013589143753	8	-10.267261904761904	4.4202380952380942	-10.267261904761904	4.4202380952380951	0	reach_home	90	7.3478807948841188e-16	4.65625	left	-6.9999999999999991	3.65625	Reach with cursor
598.0301671028137	8	-10.267261904761904	4.4202380952380942	-10.267261904761904	4.4202380952380951	0	reach_home	90	7.3478807948841188e-16	4.65625	left	-6.9999999999999991	3.65625	Reach with cursor
598.0467460155487	8	-10.267261904761904	4.4202380952380942	-10.267261904761904	4.4202380952380951	0	reach_home	90	7.3478807948841188e-16	4.65625	left	-6.9999999999999991	3.65625	Reach with cursor
598.063362121582	8	-10.267261904761904	4.4202380952380942	-10.267261904761904	4.4202380952380951	0	reach_home	90	7.3478807948841188e-16	4.65625	left	-6.9999999999999991	3.65625	Reach with cursor
598.0799510478973	8	-10.267261904761904	4.4202380952380942	-10.267261904761904	4.4202380952380951	0	reach_home	90	7.3478807948841188e-16	4.65625	left	-6.9999999999999991	3.65625	Reach with cursor
598.0965521335602	8	-10.267261904761904	4.4202380952380942	-10.267261904761904	4.4202380952380951	0	reach_home	90	7.3478807948841188e-16	4.65625	left	-6.9999999999999991	3.65625	Reach with cursor
598.1130881309509	8	-10.267261904761904	4.4202380952380942	-10.267261904761904	4.4202380952380951	0	reach_home	90	7.3478807948841188e-16	4.65625	left	-6.9999999999999991	3.65625	Reach with cursor
598.1297130584717	8	-10.267261904761904	4.4202380952380942	-10.267261904761904	4.4202380952380951	0	reach_home	90	7.3478807948841188e-16	4.65625	left	-6.9999999999999991	3.65625	Reach with cursor
598.1463131904602	8	-10.267261904761904	4.4202380952380942	-10.267261904761904	4.4202380952380951	0	reach_home	90	7.3478807948841188e-16	4.65625	left	-6.9999999999999991	3.65625	Reach with cursor
598.1629490852356	8	-10.267261904761904	4.4202380952380942	-10.267261904761904	4.4202380952380951	0	reach_home	90	7.3478807948841188e-16	4.65625	left	-6.9999999999999991	3.65625	Reach with cursor
598.1795082092285	8	-10.267261904761904	4.4202380952380942	-10.267261904761904	4.4202380952380951	0	reach_home	90	7.3478807948841188e-16	4.65625	left	-6.9999999999999991	3.65625	Reach with cursor
598.1960711479187	8	-10.267261904761904	4.4202380952380942	-10.267261904761904	4.4202380952380951	0	reach_home	90	7.3478807948841188e-16	4.65625	left	-6.9999999999999991	3.65625	Reach with cursor
598.2127151489258	8	-10.267261904761904	4.4202380952380942	-10.267261904761904	4.4202380952380951	0	reach_home	90	7.3478807948841188e-16	4.65625	left	-6.9999999999999991	3.65625	Reach with cursor
598.2292821407318	8	-10.267261904761904	4.4202380952380942	-10.267261904761904	4.4202380952380951	0	reach_home	90	7.3478807948841188e-16	4.65625	left	-6.9999999999999991	3.65625	Reach with cursor
