418.53501200675964	9	-0.9511904761904761	-5.1755952380952381	-0.95119047619047614	-5.1755952380952381	0	end	90	7.3478807948841188e-16	4.65625	right	3.0000000000000009	3.65625	Reach with cursor
418.5657072067261	9	-0.9511904761904761	-5.5113095238095235	-0.95119047619047614	-5.5113095238095235	0	end	90	7.3478807948841188e-16	4.65625	right	3.0000000000000009	3.65625	Reach with cursor
418.5823130607605	9	-0.9232142857142858	-5.7351190476190474	-0.92321428571428577	-5.7351190476190474	0	end	90	7.3478807948841188e-16	4.65625	right	3.0000000000000009	3.65625	Reach with cursor
418.59887409210205	9	-0.8672619047619048	-5.9309523809523812	-0.86726190476190479	-5.9309523809523812	0	end	90	7.3478807948841188e-16	4.65625	right	3.0000000000000009	3.65625	Reach with cursor
418.6154570579529	9	-0.8392857142857143	-6.0148809523809526	-0.8392857142857143	-6.0148809523809526	0	end	90	7.3478807948841188e-16	4.65625	right	3.0000000000000009	3.65625	Reach with cursor
418.6320559978485	9	-0.7833333333333333	-6.2107142857142854	-0.78333333333333333	-6.2107142857142854	0	end	90	7.3478807948841188e-16	4.65625	right	3.0000000000000009	3.65625	Reach with cursor
418.64864921569824	9	-0.7553571428571428	-6.3226190476190478	-0.75535714285714284	-6.3226190476190478	0	end	90	7.3478807948841188e-16	4.65625	right	3.0000000000000009	3.65625	Reach with cursor
418.66548705101013	9	-0.7273809523809524	-6.3226190476190478	-0.72738095238095235	-6.3226190476190478	0	end	90	7.3478807948841188e-16	4.65625	right	3.0000000000000009	3.65625	Reach with cursor
418.68185210227966	9	-0.7273809523809524	-6.350595238095238	-0.72738095238095235	-6.350595238095238	0	end	90	7.3478807948841188e-16	4.65625	right	3.0000000000000009	3.65625	Reach with cursor
418.69841599464417	9	-0.6994047619047619	-6.350595238095238	-0.69940476190476186	-6.350595238095238	0	end	90	7.3478807948841188e-16	4.65625	right	3.0000000000000009	3.65625	Reach with cursor
418.71507716178894	9	-0.6714285714285714	-6.350595238095238	-0.67142857142857137	-6.350595238095238	0	end	90	7.3478807948841188e-16	4.65625	right	3.0000000000000009	3.65625	Reach with cursor
418.7316360473633	9	-0.5875	-6.378571428571429	-0.58750000000000002	-6.378571428571429	0	end	90	7.3478807948841188e-16	4.65625	right	3.0000000000000009	3.65625	Reach with cursor
418.7482531070709	9	-0.5595238095238095	-6.4065476190476192	-0.55952380952380953	-6.4065476190476192	0	end	90	7.3478807948841188e-16	4.65625	right	3.0000000000000009	3.65625	Reach with cursor
418.7649190425873	9	-0.41964285714285715	-6.4904761904761905	-0.41964285714285715	-6.4904761904761905	0	end	90	7.3478807948841188e-16	4.65625	right	3.0000000000000009	3.65625	Reach with cursor
418.7814471721649	9	-0.2517857142857143	-6.6303571428571431	-0.25178571428571428	-6.6303571428571431	0	end	90	7.3478807948841188e-16	4.65625	right	3.0000000000000009	3.65625	Reach with cursor
418.79802107810974	9	-0.13988095238095238	-6.7142857142857144	-0.13988095238095238	-6.7142857142857144	0	end	90	7.3478807948841188e-16	4.65625	right	3.0000000000000009	3.65625	Reach with cursor
418.81463718414307	9	-0.11190476190476191	-6.7422619047619046	-0.11190476190476191	-6.7422619047619046	0	end	90	7.3478807948841188e-16	4.65625	right	3.0000000000000009	3.65625	Reach with cursor
418.83120608329773	9	-0.055952380952380955	-6.7702380952380956	-0.055952380952380955	-6.7702380952380956	0	end	90	7.3478807948841188e-16	4.65625	right	3.0000000000000009	3.65625	Reach with cursor
418.8477671146393	9	-0.055952380952380955	-6.7702380952380956	-0.055952380952380955	-6.7702380952380956	0	end	90	7.3478807948841188e-16	4.65625	right	3.0000000000000009	3.65625	Reach with cursor
418.86436319351196	9	-0.055952380952380955	-6.7702380952380956	-0.055952380952380955	-6.7702380952380956	0	end	90	7.3478807948841188e-16	4.65625	right	3.0000000000000009	3.65625	Reach with cursor
418.8810131549835	9	-0.08392857142857142	-6.7422619047619046	-0.083928571428571422	-6.7422619047619046	0	end	90	7.3478807948841188e-16	4.65625	right	3.0000000000000009	3.65625	Reach with cursor
418.89753699302673	9	-0.11190476190476191	-6.7422619047619046	-0.11190476190476191	-6.7422619047619046	0	end	90	7.3478807948841188e-16	4.65625	right	3.0000000000000009	3.65625	Reach with cursor
418.91418504714966	9	-0.13988095238095238	-6.6863095238095234	-0.13988095238095238	-6.6863095238095234	0	end	90	7.3478807948841188e-16	4.65625	right	3.0000000000000009	3.65625	Reach with cursor
418.9307692050934	9	-0.30773809523809526	-6.4625000000000004	-0.30773809523809526	-6.4625000000000004	0	end	90	7.3478807948841188e-16	4.65625	right	3.0000000000000009	3.65625	Reach with cursor
418.9473512172699	9	-0.41964285714285715	-6.2666666666666666	-0.41964285714285715	-6.2666666666666666	0	end	90	7.3478807948841188e-16	4.65625	right	3.0000000000000009	3.65625	Reach with cursor
418.96395206451416	9	-0.5875	-5.7910714285714286	-0.58750000000000002	-5.7910714285714286	0	end	90	7.3478807948841188e-16	4.65625	right	3.0000000000000009	3.65625	Reach with cursor
418.98058819770813	9	-0.643452380952381	-5.147619047619048	-0.643452380952381	-5.147619047619048	0	end	90	7.3478807948841188e-16	4.65625	right	3.0000000000000009	3.65625	Reach with cursor
418.997123003006	9	-0.6154761904761905	-4.4761904761904763	-0.61547619047619051	-4.4761904761904763	0	end	90	7.3478807948841188e-16	4.65625	right	3.0000000000000009	3.65625	Reach with cursor
419.01371908187866	9	-0.5595238095238095	-4.168452380952381	-0.55952380952380953	-4.168452380952381	0	end	90	7.3478807948841188e-16	4.65625	right	3.0000000000000009	3.65625	Reach with cursor
419.0302951335907	9	-0.47559523809523807	-3.5529761904761905	-0.47559523809523807	-3.5529761904761905	0	end	90	7.3478807948841188e-16	4.65625	right	3.0000000000000009	3.65625	Reach with cursor
419.0469391345978	9	-0.41964285714285715	-3.2732142857142854	-0.41964285714285715	-3.2732142857142859	0	end	90	7.3478807948841188e-16	4.65625	right	3.0000000000000009	3.65625	Reach with cursor
419.06354808807373	9	-0.27976190476190477	-2.7416666666666671	-0.27976190476190477	-2.7416666666666667	0	end	90	7.3478807948841188e-16	4.65625	right	3.0000000000000009	3.65625	Reach with cursor
419.08016300201416	9	-0.11190476190476191	-2.2101190476190471	-0.11190476190476191	-2.2101190476190475	0	end	90	7.3478807948841188e-16	4.65625	right	3.0000000000000009	3.65625	Reach with cursor
419.0967240333557	9	0.11190476190476191	-1.706547619047619	0.11190476190476191	-1.706547619047619	0	end	90	7.3478807948841188e-16	4.65625	right	3.0000000000000009	3.65625	Reach with cursor
419.1133210659027	9	0.22380952380952382	-1.4547619047619049	0.22380952380952382	-1.4547619047619047	0	end	90	7.3478807948841188e-16	4.65625	right	3.0000000000000009	3.65625	Reach with cursor
419.12989020347595	9	0.3357142857142857	-1.0351190476190482	0.33571428571428569	-1.0351190476190477	0	end	90	7.3478807948841188e-16	4.65625	right	3.0000000000000009	3.65625	Reach with cursor
419.1464800834656	9	0.3636904761904762	-0.86726190476190457	0.36369047619047618	-0.86726190476190479	0	end	90	7.3478807948841188e-16	4.65625	right	3.0000000000000009	3.65625	Reach with cursor
419.1630790233612	9	0.39166666666666666	-0.53154761904761916	0.39166666666666666	-0.53154761904761905	0	end	90	7.3478807948841188e-16	4.65625	right	3.0000000000000009	3.65625	Reach with cursor
419.1797230243683	9	0.41964285714285715	-0.25178571428571406	0.41964285714285715	-0.25178571428571428	0	end	90	7.3478807948841188e-16	4.65625	right	3.0000000000000009	3.65625	Reach with cursor
419.19626903533936	9	0.44761904761904764	-0.11190476190476151	0.44761904761904764	-0.11190476190476191	0	end	90	7.3478807948841188e-16	4.65625	right	3.0000000000000009	3.65625	Reach with cursor
419.21285915374756	9	0.5035714285714286	0.13988095238095255	0.50357142857142856	0.13988095238095238	0	end	90	7.3478807948841188e-16	4.65625	right	3.0000000000000009	3.65625	Reach with cursor
419.22941517829895	9	0.531547619047619	0.33571428571428541	0.53154761904761905	0.33571428571428569	0	end	90	7.3478807948841188e-16	4.65625	right	3.0000000000000009	3.65625	Reach with cursor
419.24606919288635	9	0.531547619047619	0.41964285714285676	0.53154761904761905	0.41964285714285715	0	end	90	7.3478807948841188e-16	4.65625	right	3.0000000000000009	3.65625	Reach with cursor
419.26269602775574	9	0.5595238095238095	0.58750000000000036	0.55952380952380953	0.58750000000000002	0	end	90	7.3478807948841188e-16	4.65625	right	3.0000000000000009	3.65625	Reach with cursor
419.279265165329	9	0.531547619047619	0.72738095238095291	0.53154761904761905	0.72738095238095235	0	end	90	7.3478807948841188e-16	4.65625	right	3.0000000000000009	3.65625	Reach with cursor
419.2958300113678	9	0.531547619047619	0.81130952380952337	0.53154761904761905	0.81130952380952381	0	end	90	7.3478807948841188e-16	4.65625	right	3.0000000000000009	3.65625	Reach with cursor
419.3124351501465	9	0.531547619047619	0.97916666666666607	0.53154761904761905	0.97916666666666663	0	end	90	7.3478807948841188e-16	4.65625	right	3.0000000000000009	3.65625	Reach with cursor
419.3290090560913	9	0.47559523809523807	1.1470238095238088	0.47559523809523807	1.1470238095238094	0	end	90	7.3478807948841188e-16	4.65625	right	3.0000000000000009	3.65625	Reach with cursor
419.34560918807983	9	0.47559523809523807	1.230952380952381	0.47559523809523807	1.230952380952381	0	end	90	7.3478807948841188e-16	4.65625	right	3.0000000000000009	3.65625	Reach with cursor
419.36219906806946	9	0.44761904761904764	1.3988095238095237	0.44761904761904764	1.3988095238095237	0	end	90	7.3478807948841188e-16	4.65625	right	3.0000000000000009	3.65625	Reach with cursor
419.37881302833557	9	0.39166666666666666	1.5386904761904763	0.39166666666666666	1.5386904761904763	0	end	90	7.3478807948841188e-16	4.65625	right	3.0000000000000009	3.65625	Reach with cursor
419.3953881263733	9	0.39166666666666666	1.5946428571428566	0.39166666666666666	1.5946428571428573	0	end	90	7.3478807948841188e-16	4.65625	right	3.0000000000000009	3.65625	Reach with cursor
419.4119532108307	9	0.3357142857142857	1.7345238095238091	0.33571428571428569	1.7345238095238096	0	end	90	7.3478807948841188e-16	4.65625	right	3.0000000000000009	3.65625	Reach with cursor
419.42853903770447	9	0.30773809523809526	1.8464285714285715	0.30773809523809526	1.8464285714285715	0	end	90	7.3478807948841188e-16	4.65625	right	3.0000000000000009	3.65625	Reach with cursor
419.4451801776886	9	0.2517857142857143	1.9023809523809518	0.25178571428571428	1.9023809523809523	0	end	90	7.3478807948841188e-16	4.65625	right	3.0000000000000009	3.65625	Reach with cursor
419.46174120903015	9	0.16785714285714284	1.9863095238095241	0.16785714285714284	1.9863095238095239	0	end	90	7.3478807948841188e-16	4.65625	right	3.0000000000000009	3.65625	Reach with cursor
419.47855710983276	9	0.11190476190476191	2.0702380952380963	0.11190476190476191	2.0702380952380954	0	end	90	7.3478807948841188e-16	4.65625	right	3.0000000000000009	3.65625	Reach with cursor
419.4949631690979	9	0.0	2.1821428571428569	0.0	2.1821428571428569	0	end	90	7.3478807948841188e-16	4.65625	right	3.0000000000000009	3.65625	Reach with cursor
419.51155519485474	9	-0.08392857142857142	2.2660714285714292	-0.083928571428571422	2.2660714285714287	0	end	90	7.3478807948841188e-16	4.65625	right	3.0000000000000009	3.65625	Reach with cursor
419.52815318107605	9	-0.11190476190476191	2.3220238095238095	-0.11190476190476191	2.3220238095238095	0	end	90	7.3478807948841188e-16	4.65625	right	3.0000000000000009	3.65625	Reach with cursor
419.54474115371704	9	-0.13988095238095238	2.4059523809523817	-0.13988095238095238	2.4059523809523808	0	end	90	7.3478807948841188e-16	4.65625	right	3.0000000000000009	3.65625	Reach with cursor
419.5612680912018	9	-0.13988095238095238	2.461904761904762	-0.13988095238095238	2.461904761904762	0	end	90	7.3478807948841188e-16	4.65625	right	3.0000000000000009	3.65625	Reach with cursor
419.5779390335083	9	-0.13988095238095238	2.5178571428571423	-0.13988095238095238	2.5178571428571428	0	end	90	7.3478807948841188e-16	4.65625	right	3.0000000000000009	3.65625	Reach with cursor
419.59454917907715	9	-0.13988095238095238	2.6017857142857146	-0.13988095238095238	2.6017857142857141	0	end	90	7.3478807948841188e-16	4.65625	right	3.0000000000000009	3.65625	Reach with cursor
419.61111521720886	9	-0.11190476190476191	2.7136904761904752	-0.11190476190476191	2.7136904761904761	0	end	90	7.3478807948841188e-16	4.65625	right	3.0000000000000009	3.65625	Reach with cursor
419.62768816947937	9	-0.11190476190476191	2.7696428571428573	-0.11190476190476191	2.7696428571428573	0	end	90	7.3478807948841188e-16	4.65625	right	3.0000000000000009	3.65625	Reach with cursor
419.6443111896515	9	-0.027976190476190477	2.8535714285714278	-0.027976190476190477	2.8535714285714286	0	end	90	7.3478807948841188e-16	4.65625	right	3.0000000000000009	3.65625	Reach with cursor
419.66087007522583	9	0.11190476190476191	2.9654761904761902	0.11190476190476191	2.9654761904761906	0	end	90	7.3478807948841188e-16	4.65625	right	3.0000000000000009	3.65625	Reach with cursor
419.677472114563	9	0.19583333333333333	2.9934523809523803	0.19583333333333333	2.9934523809523808	0	end	90	7.3478807948841188e-16	4.65625	right	3.0000000000000009	3.65625	Reach with cursor
419.69410705566406	9	0.3357142857142857	3.1053571428571427	0.33571428571428569	3.1053571428571427	0	end	90	7.3478807948841188e-16	4.65625	right	3.0000000000000009	3.65625	Reach with cursor
419.71069717407227	9	0.47559523809523807	3.1892857142857149	0.47559523809523807	3.1892857142857145	0	end	90	7.3478807948841188e-16	4.65625	right	3.0000000000000009	3.65625	Reach with cursor
419.72729420661926	9	0.531547619047619	3.2452380952380953	0.53154761904761905	3.2452380952380953	0	end	90	7.3478807948841188e-16	4.65625	right	3.0000000000000009	3.65625	Reach with cursor
419.7438690662384	9	0.6154761904761905	3.3571428571428577	0.61547619047619051	3.3571428571428572	0	end	90	7.3478807948841188e-16	4.65625	right	3.0000000000000009	3.65625	Reach with cursor
419.7604660987854	9	0.6714285714285714	3.413095238095238	0.67142857142857137	3.413095238095238	0	end	90	7.3478807948841188e-16	4.65625	right	3.0000000000000009	3.65625	Reach with cursor
419.7769911289215	9	0.7273809523809524	3.5250000000000004	0.72738095238095235	3.5249999999999999	0	end	90	7.3478807948841188e-16	4.65625	right	3.0000000000000009	3.65625	Reach with cursor
419.793683052063	9	0.7833333333333333	3.6648809523809529	0.78333333333333333	3.6648809523809525	0	end	90	7.3478807948841188e-16	4.65625	right	3.0000000000000009	3.65625	Reach with cursor
419.8101921081543	9	0.8113095238095238	3.8047619047619037	0.81130952380952381	3.8047619047619046	0	end	90	7.3478807948841188e-16	4.65625	right	3.0000000000000009	3.65625	Reach with cursor
419.82683801651	9	0.8392857142857143	3.8607142857142858	0.8392857142857143	3.8607142857142858	0	end	90	7.3478807948841188e-16	4.65625	right	3.0000000000000009	3.65625	Reach with cursor
419.84339904785156	9	0.8113095238095238	3.9726190476190482	0.81130952380952381	3.9726190476190477	0	end	90	7.3478807948841188e-16	4.65625	right	3.0000000000000009	3.65625	Reach with cursor
419.8600420951843	9	0.8113095238095238	4.0005952380952383	0.81130952380952381	4.0005952380952383	0	end	90	7.3478807948841188e-16	4.65625	right	3.0000000000000009	3.65625	Reach with cursor
419.87658309936523	9	0.7553571428571428	4.1125000000000007	0.75535714285714284	4.1124999999999998	0	end	90	7.3478807948841188e-16	4.65625	right	3.0000000000000009	3.65625	Reach with cursor
419.893208026886	9	0.7273809523809524	4.2244047619047613	0.72738095238095235	4.2244047619047622	0	end	90	7.3478807948841188e-16	4.65625	right	3.0000000000000009	3.65625	Reach with cursor
419.9098222255707	9	0.6714285714285714	4.2803571428571416	0.67142857142857137	4.2803571428571425	0	end	90	7.3478807948841188e-16	4.65625	right	3.0000000000000009	3.65625	Reach with cursor
419.92640805244446	9	0.643452380952381	4.3363095238095237	0.643452380952381	4.3363095238095237	0	end	90	7.3478807948841188e-16	4.65625	right	3.0000000000000009	3.65625	Reach with cursor
419.9430241584778	9	0.6154761904761905	4.3642857142857139	0.61547619047619051	4.3642857142857139	0	end	90	7.3478807948841188e-16	4.65625	right	3.0000000000000009	3.65625	Reach with cursor
419.9595990180969	9	0.6154761904761905	4.3922619047619058	0.61547619047619051	4.3922619047619049	0	end	90	7.3478807948841188e-16	4.65625	right	3.0000000000000009	3.65625	Reach with cursor
419.9762120246887	9	0.5875	4.3922619047619058	0.58750000000000002	4.3922619047619049	0	end	90	7.3478807948841188e-16	4.65625	right	3.0000000000000009	3.65625	Reach with cursor
419.99283814430237	9	0.5875	4.3922619047619058	0.58750000000000002	4.3922619047619049	0	end	90	7.3478807948841188e-16	4.65625	right	3.0000000000000009	3.65625	Reach with cursor
420.0093801021576	9	0.5595238095238095	4.4202380952380942	0.55952380952380953	4.4202380952380951	0	end	90	7.3478807948841188e-16	4.65625	right	3.0000000000000009	3.65625	Reach with cursor
420.02596712112427	9	0.5595238095238095	4.4202380952380942	0.55952380952380953	4.4202380952380951	0	end	90	7.3478807948841188e-16	4.65625	right	3.0000000000000009	3.65625	Reach with cursor
420.0425841808319	9	0.5035714285714286	4.3922619047619058	0.50357142857142856	4.3922619047619049	0	end	90	7.3478807948841188e-16	4.65625	right	3.0000000000000009	3.65625	Reach with cursor
420.0591571331024	9	0.44761904761904764	4.3922619047619058	0.44761904761904764	4.3922619047619049	0	end	90	7.3478807948841188e-16	4.65625	right	3.0000000000000009	3.65625	Reach with cursor
420.07576513290405	9	0.27976190476190477	4.3363095238095237	0.27976190476190477	4.3363095238095237	0	end	90	7.3478807948841188e-16	4.65625	right	3.0000000000000009	3.65625	Reach with cursor
420.0923731327057	9	0.055952380952380955	4.2803571428571416	0.055952380952380955	4.2803571428571425	0	end	90	7.3478807948841188e-16	4.65625	right	3.0000000000000009	3.65625	Reach with cursor
420.10895705223083	9	-0.16785714285714284	4.2523809523809533	-0.16785714285714284	4.2523809523809524	0	end	90	7.3478807948841188e-16	4.65625	right	3.0000000000000009	3.65625	Reach with cursor
420.1255350112915	9	-0.2517857142857143	4.2244047619047613	-0.25178571428571428	4.2244047619047622	0	end	90	7.3478807948841188e-16	4.65625	right	3.0000000000000009	3.65625	Reach with cursor
420.1421241760254	9	-0.30773809523809526	4.2244047619047613	-0.30773809523809526	4.2244047619047622	0	end	90	7.3478807948841188e-16	4.65625	right	3.0000000000000009	3.65625	Reach with cursor
420.15872716903687	9	-0.3357142857142857	4.2244047619047613	-0.33571428571428569	4.2244047619047622	0	end	90	7.3478807948841188e-16	4.65625	right	3.0000000000000009	3.65625	Reach with cursor
420.1753330230713	9	-0.27976190476190477	4.1964285714285712	-0.27976190476190477	4.1964285714285712	0	end	90	7.3478807948841188e-16	4.65625	right	3.0000000000000009	3.65625	Reach with cursor
420.1919310092926	9	-0.19583333333333333	4.1964285714285712	-0.19583333333333333	4.1964285714285712	0	end	90	7.3478807948841188e-16	4.65625	right	3.0000000000000009	3.65625	Reach with cursor
420.2085280418396	9	-0.08392857142857142	4.1964285714285712	-0.083928571428571422	4.1964285714285712	0	end	90	7.3478807948841188e-16	4.65625	right	3.0000000000000009	3.65625	Reach with cursor
420.22510504722595	9	-0.055952380952380955	4.1964285714285712	-0.055952380952380955	4.1964285714285712	0	end	90	7.3478807948841188e-16	4.65625	right	3.0000000000000009	3.65625	Reach with cursor
420.2417240142822	9	-0.027976190476190477	4.1964285714285712	-0.027976190476190477	4.1964285714285712	0	end	90	7.3478807948841188e-16	4.65625	right	3.0000000000000009	3.65625	Reach with cursor
420.25829815864563	9	0.0	4.1964285714285712	0.0	4.1964285714285712	0	end	90	7.3478807948841188e-16	4.65625	right	3.0000000000000009	3.65625	Reach with cursor
420.27493500709534	9	0.0	4.1964285714285712	0.0	4.1964285714285712	0	end	90	7.3478807948841188e-16	4.65625	right	3.0000000000000009	3.65625	Reach with cursor
420.29164600372314	9	0.0	4.1964285714285712	0.0	4.1964285714285712	0	end	90	7.3478807948841188e-16	4.65625	right	3.0000000000000009	3.65625	Reach with cursor
420.3081111907959	9	0.0	4.1964285714285712	0.0	4.1964285714285712	0	end	90	7.3478807948841188e-16	4.65625	right	3.0000000000000009	3.65625	Reach with cursor
420.3246991634369	9	0.0	4.1964285714285712	0.0	4.1964285714285712	0	end	90	7.3478807948841188e-16	4.65625	right	3.0000000000000009	3.65625	Reach with cursor
420.3412220478058	9	0.0	4.1964285714285712	0.0	4.168452380952381	0	end	90	7.3478807948841188e-16	4.65625	right	3.0000000000000009	3.65625	Reach with cursor
420.35784006118774	9	0.0	4.1964285714285712	0.0	4.168452380952381	0	end	90	7.3478807948841188e-16	4.65625	right	3.0000000000000009	3.65625	Reach with cursor
420.3744580745697	9	0.055952380952380955	4.1964285714285712	0.055952380952380955	4.168452380952381	0	end	90	7.3478807948841188e-16	4.65625	right	3.0000000000000009	3.65625	Reach with cursor
420.3910810947418	9	0.11190476190476191	4.168452380952381	0.11190476190476191	4.168452380952381	0	end	90	7.3478807948841188e-16	4.65625	right	3.0000000000000009	3.65625	Reach with cursor
420.40765500068665	9	0.11190476190476191	4.1404761904761909	0.11190476190476191	4.1404761904761909	0	end	90	7.3478807948841188e-16	4.65625	right	3.0000000000000009	3.65625	Reach with cursor
420.4242510795593	9	0.13988095238095238	4.1404761904761909	0.13988095238095238	4.1404761904761909	0	end	90	7.3478807948841188e-16	4.65625	right	3.0000000000000009	3.65625	Reach with cursor
420.44077706336975	9	0.13988095238095238	4.1404761904761909	0.13988095238095238	4.1404761904761909	0	end	90	7.3478807948841188e-16	4.65625	right	3.0000000000000009	3.65625	Reach with cursor
420.4574041366577	9	0.13988095238095238	4.1404761904761909	0.13988095238095238	4.1404761904761909	0	end	90	7.3478807948841188e-16	4.65625	right	3.0000000000000009	3.65625	Reach with cursor
420.47400403022766	9	0.13988095238095238	4.1125000000000007	0.13988095238095238	4.1124999999999998	0	end	90	7.3478807948841188e-16	4.65625	right	3.0000000000000009	3.65625	Reach with cursor
420.4905722141266	9	0.13988095238095238	4.1125000000000007	0.13988095238095238	4.1124999999999998	0	end	90	7.3478807948841188e-16	4.65625	right	3.0000000000000009	3.65625	Reach with cursor
420.50721621513367	9	0.13988095238095238	4.1125000000000007	0.13988095238095238	4.1124999999999998	0	end	90	7.3478807948841188e-16	4.65625	right	3.0000000000000009	3.65625	Reach with cursor
420.52379512786865	9	0.22380952380952382	4.1125000000000007	0.22380952380952382	4.1124999999999998	0	end	90	7.3478807948841188e-16	4.65625	right	3.0000000000000009	3.65625	Reach with cursor
420.54038310050964	9	0.3357142857142857	4.0845238095238088	0.33571428571428569	4.0845238095238097	0	end	90	7.3478807948841188e-16	4.65625	right	3.0000000000000009	3.65625	Reach with cursor
420.5569682121277	9	0.7553571428571428	4.0845238095238088	0.75535714285714284	4.0845238095238097	0	end	90	7.3478807948841188e-16	4.65625	right	3.0000000000000009	3.65625	Reach with cursor
420.57352018356323	9	1.3988095238095237	4.0845238095238088	1.3988095238095237	4.0845238095238097	0	end	90	7.3478807948841188e-16	4.65625	right	3.0000000000000009	3.65625	Reach with cursor
420.59016013145447	9	1.7625	4.0845238095238088	1.7625	4.0845238095238097	0	end	90	7.3478807948841188e-16	4.65625	right	3.0000000000000009	3.65625	Reach with cursor
420.60680413246155	9	2.573809523809524	4.0565476190476186	2.573809523809524	4.0565476190476186	0	end	90	7.3478807948841188e-16	4.65625	right	3.0000000000000009	3.65625	Reach with cursor
420.62331914901733	9	3.357142857142857	4.0565476190476186	3.3571428571428572	4.0565476190476186	0	end	90	7.3478807948841188e-16	4.65625	right	3.0000000000000009	3.65625	Reach with cursor
420.6399869918823	9	3.748809523809524	4.0565476190476186	3.7488095238095238	4.0565476190476186	0	end	90	7.3478807948841188e-16	4.65625	right	3.0000000000000009	3.65625	Reach with cursor
420.6565451622009	9	4.448214285714286	4.0285714285714285	4.4482142857142861	4.0285714285714285	0	end	90	7.3478807948841188e-16	4.65625	right	3.0000000000000009	3.65625	Reach with cursor
420.67313408851624	9	4.923809523809524	4.0285714285714285	4.9238095238095241	4.0285714285714285	0	end	90	7.3478807948841188e-16	4.65625	right	3.0000000000000009	3.65625	Reach with cursor
420.68971705436707	9	5.063690476190477	4.0285714285714285	5.0636904761904766	4.0285714285714285	0	end	90	7.3478807948841188e-16	4.65625	right	3.0000000000000009	3.65625	Reach with cursor
420.7063581943512	9	5.203571428571428	4.0285714285714285	5.2035714285714283	4.0285714285714285	0	end	90	7.3478807948841188e-16	4.65625	right	3.0000000000000009	3.65625	Reach with cursor
420.72292017936707	9	5.203571428571428	4.0285714285714285	5.2035714285714283	4.0285714285714285	0	end	90	7.3478807948841188e-16	4.65625	right	3.0000000000000009	3.65625	Reach with cursor
420.7395210266113	9	5.203571428571428	4.0285714285714285	5.2035714285714283	4.0285714285714285	0	end	90	7.3478807948841188e-16	4.65625	right	3.0000000000000009	3.65625	Reach with cursor
420.7560861110687	9	5.175595238095238	4.0565476190476186	5.1755952380952381	4.0565476190476186	0	end	90	7.3478807948841188e-16	4.65625	right	3.0000000000000009	3.65625	Reach with cursor
420.77272510528564	9	5.147619047619048	4.0565476190476186	5.147619047619048	4.0565476190476186	0	end	90	7.3478807948841188e-16	4.65625	right	3.0000000000000009	3.65625	Reach with cursor
420.7892861366272	9	5.119642857142857	4.0565476190476186	5.1196428571428569	4.0565476190476186	0	end	90	7.3478807948841188e-16	4.65625	right	3.0000000000000009	3.65625	Reach with cursor
420.80591011047363	9	5.119642857142857	4.0565476190476186	5.1196428571428569	4.0565476190476186	0	end	90	7.3478807948841188e-16	4.65625	right	3.0000000000000009	3.65625	Reach with cursor
420.8224720954895	9	5.119642857142857	4.0565476190476186	5.1196428571428569	4.0565476190476186	0	end	90	7.3478807948841188e-16	4.65625	right	3.0000000000000009	3.65625	Reach with cursor
420.8391070365906	9	5.119642857142857	4.0565476190476186	5.1196428571428569	4.0565476190476186	0	end	90	7.3478807948841188e-16	4.65625	right	3.0000000000000009	3.65625	Reach with cursor
420.8556730747223	9	5.119642857142857	4.0565476190476186	5.1196428571428569	4.0565476190476186	0	end	90	7.3478807948841188e-16	4.65625	right	3.0000000000000009	3.65625	Reach with cursor
420.8722929954529	9	5.119642857142857	4.0565476190476186	5.1196428571428569	4.0565476190476186	0	end	90	7.3478807948841188e-16	4.65625	right	3.0000000000000009	3.65625	Reach with cursor
420.88887310028076	9	5.119642857142857	4.0285714285714285	5.1196428571428569	4.0285714285714285	0	end	90	7.3478807948841188e-16	4.65625	right	3.0000000000000009	3.65625	Reach with cursor
420.9055030345917	9	5.119642857142857	4.0005952380952383	5.1196428571428569	4.0005952380952383	0	end	90	7.3478807948841188e-16	4.65625	right	3.0000000000000009	3.65625	Reach with cursor
420.92206716537476	9	5.063690476190477	3.9726190476190482	5.0636904761904766	3.9726190476190477	0	end	90	7.3478807948841188e-16	4.65625	right	3.0000000000000009	3.65625	Reach with cursor
420.9386601448059	9	5.007738095238095	3.9446428571428562	5.0077380952380954	3.9446428571428571	0	end	90	7.3478807948841188e-16	4.65625	right	3.0000000000000009	3.65625	Reach with cursor
420.95525312423706	9	4.867857142857143	3.8607142857142858	4.8678571428571429	3.8607142857142858	0	end	90	7.3478807948841188e-16	4.65625	right	3.0000000000000009	3.65625	Reach with cursor
420.9718132019043	9	4.7839285714285715	3.7767857142857153	4.7839285714285715	3.7767857142857144	0	end	90	7.3478807948841188e-16	4.65625	right	3.0000000000000009	3.65625	Reach with cursor
420.9884362220764	9	4.588095238095238	3.5809523809523807	4.5880952380952378	3.5809523809523811	0	end	90	7.3478807948841188e-16	4.65625	right	3.0000000000000009	3.65625	Reach with cursor
421.0050280094147	9	4.476190476190476	3.2452380952380953	4.4761904761904763	3.2452380952380953	0	end	90	7.3478807948841188e-16	4.65625	right	3.0000000000000009	3.65625	Reach with cursor
421.0216131210327	9	4.364285714285714	2.8255952380952376	4.3642857142857139	2.825595238095238	0	end	90	7.3478807948841188e-16	4.65625	right	3.0000000000000009	3.65625	Reach with cursor
421.038232088089	9	4.308333333333334	2.5738095238095244	4.3083333333333336	2.573809523809524	0	end	90	7.3478807948841188e-16	4.65625	right	3.0000000000000009	3.65625	Reach with cursor
421.0548150539398	9	4.08452380952381	2.0142857142857142	4.0845238095238097	2.0142857142857142	0	end	90	7.3478807948841188e-16	4.65625	right	3.0000000000000009	3.65625	Reach with cursor
421.07139015197754	9	3.944642857142857	1.6785714285714288	3.9446428571428571	1.6785714285714286	0	end	90	7.3478807948841188e-16	4.65625	right	3.0000000000000009	3.65625	Reach with cursor
421.0879600048065	9	3.525	0.97916666666666607	3.5249999999999999	0.97916666666666663	0	end	90	7.3478807948841188e-16	4.65625	right	3.0000000000000009	3.65625	Reach with cursor
421.1047019958496	9	2.9375	0.2238095238095239	2.9375	0.22380952380952382	0	end	90	7.3478807948841188e-16	4.65625	right	3.0000000000000009	3.65625	Reach with cursor
421.12119007110596	9	2.2660714285714287	-0.53154761904761916	2.2660714285714287	-0.53154761904761905	0	end	90	7.3478807948841188e-16	4.65625	right	3.0000000000000009	3.65625	Reach with cursor
421.1377670764923	9	1.9023809523809523	-0.92321428571428577	1.9023809523809523	-0.92321428571428577	0	end	90	7.3478807948841188e-16	4.65625	right	3.0000000000000009	3.65625	Reach with cursor
421.15435814857483	9	1.286904761904762	-1.6505952380952378	1.286904761904762	-1.650595238095238	0	end	90	7.3478807948841188e-16	4.65625	right	3.0000000000000009	3.65625	Reach with cursor
421.17097520828247	9	1.0071428571428571	-2.0142857142857142	1.0071428571428571	-2.0142857142857142	0	end	90	7.3478807948841188e-16	4.65625	right	3.0000000000000009	3.65625	Reach with cursor
421.18754410743713	9	0.5875	-2.6297619047619047	0.58750000000000002	-2.6297619047619047	0	end	90	7.3478807948841188e-16	4.65625	right	3.0000000000000009	3.65625	Reach with cursor
421.2043001651764	9	0.3357142857142857	-3.2452380952380953	0.33571428571428569	-3.2452380952380953	0	end	90	7.3478807948841188e-16	4.65625	right	3.0000000000000009	3.65625	Reach with cursor
421.2207520008087	9	0.19583333333333333	-3.8327380952380952	0.19583333333333333	-3.8327380952380952	0	end	90	7.3478807948841188e-16	4.65625	right	3.0000000000000009	3.65625	Reach with cursor
421.23737120628357	9	0.13988095238095238	-4.0845238095238097	0.13988095238095238	-4.0845238095238097	0	end	90	7.3478807948841188e-16	4.65625	right	3.0000000000000009	3.65625	Reach with cursor
421.25392508506775	9	0.08392857142857142	-4.5321428571428575	0.083928571428571422	-4.5321428571428575	0	end	90	7.3478807948841188e-16	4.65625	right	3.0000000000000009	3.65625	Reach with cursor
421.2704961299896	9	0.027976190476190477	-4.7559523809523814	0.027976190476190477	-4.7559523809523814	0	end	90	7.3478807948841188e-16	4.65625	right	3.0000000000000009	3.65625	Reach with cursor
421.2871220111847	9	-0.08392857142857142	-5.1196428571428569	-0.083928571428571422	-5.1196428571428569	0	end	90	7.3478807948841188e-16	4.65625	right	3.0000000000000009	3.65625	Reach with cursor
