time	trial	cursorx	cursory	hand_x	hand_Y	rotation	step	targetangle	targetposx	targetposy	garagelocation	garageposx	garageposy	homex	homey	group	trial_type
0.0	0	-0.3357142857142857	-6.0428571428571427	-0.33571428571428569	-6.0428571428571427	0	5	90	7.3478807948841188e-16	6.4047619047619051	-1	-9.0	5.4047619047619051	0.0	-5.5952380952380949	1	1
0.009031057357788086	0	-0.3357142857142857	-6.0428571428571427	-0.33571428571428569	-6.0428571428571427	0	1	90	7.3478807948841188e-16	6.4047619047619051	-1	-9.0	5.4047619047619051	0.0	-5.5952380952380949	1	1
0.025079965591430664	0	-0.3357142857142857	-6.0428571428571427	-0.33571428571428569	-6.0428571428571427	0	1	90	7.3478807948841188e-16	6.4047619047619051	-1	-9.0	5.4047619047619051	0.0	-5.5952380952380949	1	1
0.04150986671447754	0	-0.3357142857142857	-6.0428571428571427	-0.33571428571428569	-6.0428571428571427	0	1	90	7.3478807948841188e-16	6.4047619047619051	-1	-9.0	5.4047619047619051	0.0	-5.5952380952380949	1	1
0.058042049407958984	0	-0.3357142857142857	-6.0428571428571427	-0.33571428571428569	-6.0428571428571427	0	1	90	7.3478807948841188e-16	6.4047619047619051	-1	-9.0	5.4047619047619051	0.0	-5.5952380952380949	1	1
0.07465887069702148	0	-0.3357142857142857	-6.0428571428571427	-0.33571428571428569	-6.0428571428571427	0	1	90	7.3478807948841188e-16	6.4047619047619051	-1	-9.0	5.4047619047619051	0.0	-5.5952380952380949	1	1
0.09127187728881836	0	-0.3357142857142857	-6.0428571428571427	-0.33571428571428569	-6.0428571428571427	0	1	90	7.3478807948841188e-16	6.4047619047619051	-1	-9.0	5.4047619047619051	0.0	-5.5952380952380949	1	1
0.10794591903686523	0	-0.3357142857142857	-6.0428571428571427	-0.33571428571428569	-6.0428571428571427	0	1	90	7.3478807948841188e-16	6.4047619047619051	-1	-9.0	5.4047619047619051	0.0	-5.5952380952380949	1	1
0.12450695037841797	0	-0.3357142857142857	-6.0428571428571427	-0.33571428571428569	-6.0428571428571427	0	1	90	7.3478807948841188e-16	6.4047619047619051	-1	-9.0	5.4047619047619051	0.0	-5.5952380952380949	1	1
0.1410689353942871	0	-0.3357142857142857	-6.0428571428571427	-0.33571428571428569	-6.0428571428571427	0	1	90	7.3478807948841188e-16	6.4047619047619051	-1	-9.0	5.4047619047619051	0.0	-5.5952380952380949	1	1
0.1577160358428955	0	-0.3357142857142857	-6.0428571428571427	-0.33571428571428569	-6.0428571428571427	0	1	90	7.3478807948841188e-16	6.4047619047619051	-1	-9.0	5.4047619047619051	0.0	-5.5952380952380949	1	1
0.17423295974731445	0	-0.3357142857142857	-6.0428571428571427	-0.33571428571428569	-6.0428571428571427	0	1	90	7.3478807948841188e-16	6.4047619047619051	-1	-9.0	5.4047619047619051	0.0	-5.5952380952380949	1	1
0.19084787368774414	0	-0.3357142857142857	-6.0428571428571427	-0.33571428571428569	-6.0428571428571427	0	1	90	7.3478807948841188e-16	6.4047619047619051	-1	-9.0	5.4047619047619051	0.0	-5.5952380952380949	1	1
0.20753097534179688	0	-0.3357142857142857	-6.0428571428571427	-0.33571428571428569	-6.0428571428571427	0	1	90	7.3478807948841188e-16	6.4047619047619051	-1	-9.0	5.4047619047619051	0.0	-5.5952380952380949	1	1
0.22409892082214355	0	-0.3357142857142857	-6.0428571428571427	-0.33571428571428569	-6.0428571428571427	0	1	90	7.3478807948841188e-16	6.4047619047619051	-1	-9.0	5.4047619047619051	0.0	-5.5952380952380949	1	1
0.24062490463256836	0	-0.3357142857142857	-6.0428571428571427	-0.33571428571428569	-6.0428571428571427	0	1	90	7.3478807948841188e-16	6.4047619047619051	-1	-9.0	5.4047619047619051	0.0	-5.5952380952380949	1	1
0.25720787048339844	0	-0.3357142857142857	-6.0428571428571427	-0.33571428571428569	-6.0428571428571427	0	1	90	7.3478807948841188e-16	6.4047619047619051	-1	-9.0	5.4047619047619051	0.0	-5.5952380952380949	1	1
0.27384090423583984	0	-0.3357142857142857	-6.0428571428571427	-0.33571428571428569	-6.0428571428571427	0	1	90	7.3478807948841188e-16	6.4047619047619051	-1	-9.0	5.4047619047619051	0.0	-5.5952380952380949	1	1
0.2902209758758545	0	-0.3357142857142857	-6.0428571428571427	-0.33571428571428569	-6.0428571428571427	0	1	90	7.3478807948841188e-16	6.4047619047619051	-1	-9.0	5.4047619047619051	0.0	-5.5952380952380949	1	1
0.30686402320861816	0	-0.3357142857142857	-6.0428571428571427	-0.33571428571428569	-6.0428571428571427	0	1	90	7.3478807948841188e-16	6.4047619047619051	-1	-9.0	5.4047619047619051	0.0	-5.5952380952380949	1	1
0.32347989082336426	0	-0.3357142857142857	-6.0428571428571427	-0.33571428571428569	-6.0428571428571427	0	1	90	7.3478807948841188e-16	6.4047619047619051	-1	-9.0	5.4047619047619051	0.0	-5.5952380952380949	1	1
0.3400590419769287	0	-0.3357142857142857	-6.0428571428571427	-0.33571428571428569	-6.0428571428571427	0	1	90	7.3478807948841188e-16	6.4047619047619051	-1	-9.0	5.4047619047619051	0.0	-5.5952380952380949	1	1
0.3567619323730469	0	-0.3357142857142857	-6.0428571428571427	-0.33571428571428569	-6.0428571428571427	0	1	90	7.3478807948841188e-16	6.4047619047619051	-1	-9.0	5.4047619047619051	0.0	-5.5952380952380949	1	1
0.3733360767364502	0	-0.3357142857142857	-6.0428571428571427	-0.33571428571428569	-6.0428571428571427	0	1	90	7.3478807948841188e-16	6.4047619047619051	-1	-9.0	5.4047619047619051	0.0	-5.5952380952380949	1	1
0.3899099826812744	0	-0.3357142857142857	-6.0428571428571427	-0.33571428571428569	-6.0428571428571427	0	1	90	7.3478807948841188e-16	6.4047619047619051	-1	-9.0	5.4047619047619051	0.0	-5.5952380952380949	1	1
0.406566858291626	0	-0.3357142857142857	-6.0428571428571427	-0.33571428571428569	-6.0428571428571427	0	1	90	7.3478807948841188e-16	6.4047619047619051	-1	-9.0	5.4047619047619051	0.0	-5.5952380952380949	1	1
0.42313194274902344	0	-0.3357142857142857	-6.0428571428571427	-0.33571428571428569	-6.0428571428571427	0	1	90	7.3478807948841188e-16	6.4047619047619051	-1	-9.0	5.4047619047619051	0.0	-5.5952380952380949	1	1
0.43996691703796387	0	-0.3357142857142857	-6.0428571428571427	-0.33571428571428569	-6.0428571428571427	0	1	90	7.3478807948841188e-16	6.4047619047619051	-1	-9.0	5.4047619047619051	0.0	-5.5952380952380949	1	1
0.45650291442871094	0	-0.3357142857142857	-6.0428571428571427	-0.33571428571428569	-6.0428571428571427	0	1	90	7.3478807948841188e-16	6.4047619047619051	-1	-9.0	5.4047619047619051	0.0	-5.5952380952380949	1	1
0.4731450080871582	0	-0.3357142857142857	-6.0428571428571427	-0.33571428571428569	-6.0428571428571427	0	1	90	7.3478807948841188e-16	6.4047619047619051	-1	-9.0	5.4047619047619051	0.0	-5.5952380952380949	1	1
0.4897470474243164	0	-0.3357142857142857	-6.0428571428571427	-0.33571428571428569	-6.0428571428571427	0	1	90	7.3478807948841188e-16	6.4047619047619051	-1	-9.0	5.4047619047619051	0.0	-5.5952380952380949	1	1
0.5064289569854736	0	-0.3357142857142857	-6.0428571428571427	-0.33571428571428569	-6.0428571428571427	0	1	90	7.3478807948841188e-16	6.4047619047619051	-1	-9.0	5.4047619047619051	0.0	-5.5952380952380949	1	1
0.5229370594024658	0	-0.3357142857142857	-6.0428571428571427	-0.33571428571428569	-6.0428571428571427	0	1	90	7.3478807948841188e-16	6.4047619047619051	-1	-9.0	5.4047619047619051	0.0	-5.5952380952380949	1	1
0.5395388603210449	0	-0.3357142857142857	-6.0428571428571427	-0.33571428571428569	-6.0428571428571427	0	1	90	7.3478807948841188e-16	6.4047619047619051	-1	-9.0	5.4047619047619051	0.0	-5.5952380952380949	1	1
0.5561668872833252	0	-0.3357142857142857	-6.0428571428571427	-0.33571428571428569	-6.0428571428571427	0	1	90	7.3478807948841188e-16	6.4047619047619051	-1	-9.0	5.4047619047619051	0.0	-5.5952380952380949	1	1
0.5727128982543945	0	-0.3357142857142857	-6.0428571428571427	-0.33571428571428569	-6.0428571428571427	0	1	90	7.3478807948841188e-16	6.4047619047619051	-1	-9.0	5.4047619047619051	0.0	-5.5952380952380949	1	1
0.5892970561981201	0	-0.3357142857142857	-6.0428571428571427	-0.33571428571428569	-6.0428571428571427	0	1	90	7.3478807948841188e-16	6.4047619047619051	-1	-9.0	5.4047619047619051	0.0	-5.5952380952380949	1	1
0.6057229042053223	0	-0.3357142857142857	-6.0428571428571427	-0.33571428571428569	-6.0428571428571427	0	1	90	7.3478807948841188e-16	6.4047619047619051	-1	-9.0	5.4047619047619051	0.0	-5.5952380952380949	1	1
0.6222450733184814	0	-0.3357142857142857	-6.0428571428571427	-0.33571428571428569	-6.0428571428571427	0	1	90	7.3478807948841188e-16	6.4047619047619051	-1	-9.0	5.4047619047619051	0.0	-5.5952380952380949	1	1
0.6388139724731445	0	-0.3357142857142857	-6.0428571428571427	-0.33571428571428569	-6.0428571428571427	0	1	90	7.3478807948841188e-16	6.4047619047619051	-1	-9.0	5.4047619047619051	0.0	-5.5952380952380949	1	1
0.655397891998291	0	-0.3357142857142857	-6.0428571428571427	-0.33571428571428569	-6.0428571428571427	0	1	90	7.3478807948841188e-16	6.4047619047619051	-1	-9.0	5.4047619047619051	0.0	-5.5952380952380949	1	1
0.6719858646392822	0	-0.3357142857142857	-6.0428571428571427	-0.33571428571428569	-6.0428571428571427	0	1	90	7.3478807948841188e-16	6.4047619047619051	-1	-9.0	5.4047619047619051	0.0	-5.5952380952380949	1	1
0.6885979175567627	0	-0.3357142857142857	-6.0428571428571427	-0.33571428571428569	-6.0428571428571427	0	1	90	7.3478807948841188e-16	6.4047619047619051	-1	-9.0	5.4047619047619051	0.0	-5.5952380952380949	1	1
0.705204963684082	0	-0.3357142857142857	-6.0428571428571427	-0.33571428571428569	-6.0428571428571427	0	1	90	7.3478807948841188e-16	6.4047619047619051	-1	-9.0	5.4047619047619051	0.0	-5.5952380952380949	1	1
0.7218458652496338	0	-0.3357142857142857	-6.0428571428571427	-0.33571428571428569	-6.0428571428571427	0	1	90	7.3478807948841188e-16	6.4047619047619051	-1	-9.0	5.4047619047619051	0.0	-5.5952380952380949	1	1
0.7384078502655029	0	-0.3357142857142857	-6.0428571428571427	-0.33571428571428569	-6.0428571428571427	0	1	90	7.3478807948841188e-16	6.4047619047619051	-1	-9.0	5.4047619047619051	0.0	-5.5952380952380949	1	1
0.7550060749053955	0	-0.3357142857142857	-6.0428571428571427	-0.33571428571428569	-6.0428571428571427	0	1	90	7.3478807948841188e-16	6.4047619047619051	-1	-9.0	5.4047619047619051	0.0	-5.5952380952380949	1	1
0.7718648910522461	0	-0.3357142857142857	-6.0428571428571427	-0.33571428571428569	-6.0428571428571427	0	1	90	7.3478807948841188e-16	6.4047619047619051	-1	-9.0	5.4047619047619051	0.0	-5.5952380952380949	1	1
0.7884550094604492	0	-0.3357142857142857	-6.0428571428571427	-0.33571428571428569	-6.0428571428571427	0	1	90	7.3478807948841188e-16	6.4047619047619051	-1	-9.0	5.4047619047619051	0.0	-5.5952380952380949	1	1
0.8050479888916016	0	-0.3357142857142857	-6.0428571428571427	-0.33571428571428569	-6.0428571428571427	0	1	90	7.3478807948841188e-16	6.4047619047619051	-1	-9.0	5.4047619047619051	0.0	-5.5952380952380949	1	1
0.8216979503631592	0	-0.3357142857142857	-6.0428571428571427	-0.33571428571428569	-6.0428571428571427	0	1	90	7.3478807948841188e-16	6.4047619047619051	-1	-9.0	5.4047619047619051	0.0	-5.5952380952380949	1	1
0.838223934173584	0	-0.3357142857142857	-6.0428571428571427	-0.33571428571428569	-6.0428571428571427	0	1	90	7.3478807948841188e-16	6.4047619047619051	-1	-9.0	5.4047619047619051	0.0	-5.5952380952380949	1	1
0.8547868728637695	0	-0.3357142857142857	-6.0428571428571427	-0.33571428571428569	-6.0428571428571427	0	1	90	7.3478807948841188e-16	6.4047619047619051	-1	-9.0	5.4047619047619051	0.0	-5.5952380952380949	1	1
0.8714108467102051	0	-0.3357142857142857	-6.0428571428571427	-0.33571428571428569	-6.0428571428571427	0	1	90	7.3478807948841188e-16	6.4047619047619051	-1	-9.0	5.4047619047619051	0.0	-5.5952380952380949	1	1
0.8880660533905029	0	-0.3357142857142857	-6.0428571428571427	-0.33571428571428569	-6.0428571428571427	0	1	90	7.3478807948841188e-16	6.4047619047619051	-1	-9.0	5.4047619047619051	0.0	-5.5952380952380949	1	1
0.9046108722686768	0	-0.3357142857142857	-6.0428571428571427	-0.33571428571428569	-6.0428571428571427	0	1	90	7.3478807948841188e-16	6.4047619047619051	-1	-9.0	5.4047619047619051	0.0	-5.5952380952380949	1	1
0.9212439060211182	0	-0.3357142857142857	-6.0428571428571427	-0.33571428571428569	-6.0428571428571427	0	1	90	7.3478807948841188e-16	6.4047619047619051	-1	-9.0	5.4047619047619051	0.0	-5.5952380952380949	1	1
0.937506914138794	0	-0.3357142857142857	-6.0428571428571427	-0.33571428571428569	-6.0428571428571427	0	1	90	7.3478807948841188e-16	6.4047619047619051	-1	-9.0	5.4047619047619051	0.0	-5.5952380952380949	1	1
0.954171895980835	0	-0.3357142857142857	-6.0428571428571427	-0.33571428571428569	-6.0428571428571427	0	1	90	7.3478807948841188e-16	6.4047619047619051	-1	-9.0	5.4047619047619051	0.0	-5.5952380952380949	1	1
0.9706778526306152	0	-0.3357142857142857	-6.0428571428571427	-0.33571428571428569	-6.0428571428571427	0	1	90	7.3478807948841188e-16	6.4047619047619051	-1	-9.0	5.4047619047619051	0.0	-5.5952380952380949	1	1
0.9872920513153076	0	-0.3357142857142857	-6.0428571428571427	-0.33571428571428569	-6.0428571428571427	0	1	90	7.3478807948841188e-16	6.4047619047619051	-1	-9.0	5.4047619047619051	0.0	-5.5952380952380949	1	1
1.0038659572601318	0	-0.3357142857142857	-6.0428571428571427	-0.33571428571428569	-6.0428571428571427	0	1	90	7.3478807948841188e-16	6.4047619047619051	-1	-9.0	5.4047619047619051	0.0	-5.5952380952380949	1	1
1.0205559730529785	0	-0.3357142857142857	-6.0148809523809526	-0.33571428571428569	-6.0148809523809526	0	1	90	7.3478807948841188e-16	6.4047619047619051	-1	-9.0	5.4047619047619051	0.0	-5.5952380952380949	1	1
1.0370869636535645	0	-0.3357142857142857	-6.0148809523809526	-0.33571428571428569	-6.0148809523809526	0	1	90	7.3478807948841188e-16	6.4047619047619051	-1	-9.0	5.4047619047619051	0.0	-5.5952380952380949	1	1
1.0536599159240723	0	-0.3357142857142857	-6.0148809523809526	-0.33571428571428569	-6.0148809523809526	0	1	90	7.3478807948841188e-16	6.4047619047619051	-1	-9.0	5.4047619047619051	0.0	-5.5952380952380949	1	1
1.0702109336853027	0	-0.3357142857142857	-6.0148809523809526	-0.33571428571428569	-6.0148809523809526	0	1	90	7.3478807948841188e-16	6.4047619047619051	-1	-9.0	5.4047619047619051	0.0	-5.5952380952380949	1	1
1.087169885635376	0	-0.3357142857142857	-5.9869047619047615	-0.33571428571428569	-5.9869047619047615	0	1	90	7.3478807948841188e-16	6.4047619047619051	-1	-9.0	5.4047619047619051	0.0	-5.5952380952380949	1	1
1.1037499904632568	0	-0.3357142857142857	-5.8470238095238098	-0.33571428571428569	-5.8470238095238098	0	1	90	7.3478807948841188e-16	6.4047619047619051	-1	-9.0	5.4047619047619051	0.0	-5.5952380952380949	1	1
1.1203398704528809	0	-0.30773809523809526	-5.6511904761904761	-0.30773809523809526	-5.6511904761904761	0	1	90	7.3478807948841188e-16	6.4047619047619051	-1	-9.0	5.4047619047619051	0.0	-5.5952380952380949	1	1
1.136894941329956	0	-0.27976190476190477	-5.5392857142857146	-0.27976190476190477	-5.5392857142857146	0	1	90	7.3478807948841188e-16	6.4047619047619051	-1	-9.0	5.4047619047619051	0.0	-5.5952380952380949	1	1
1.1535658836364746	0	-0.19583333333333333	-5.2874999999999996	-0.19583333333333333	-5.2874999999999996	0	1	90	7.3478807948841188e-16	6.4047619047619051	-1	-9.0	5.4047619047619051	0.0	-5.5952380952380949	1	1
1.1700398921966553	0	-0.11190476190476191	-4.9797619047619044	-0.11190476190476191	-4.9797619047619044	0	1	90	7.3478807948841188e-16	6.4047619047619051	-1	-9.0	5.4047619047619051	0.0	-5.5952380952380949	1	1
1.1866068840026855	0	-0.055952380952380955	-4.8398809523809527	-0.055952380952380955	-4.8398809523809527	0	1	90	7.3478807948841188e-16	6.4047619047619051	-1	-9.0	5.4047619047619051	0.0	-5.5952380952380949	1	1
1.2032968997955322	0	0.055952380952380955	-4.5041666666666664	0.055952380952380955	-4.5041666666666664	0	1	90	7.3478807948841188e-16	6.4047619047619051	-1	-9.0	5.4047619047619051	0.0	-5.5952380952380949	1	1
1.2199718952178955	0	0.11190476190476191	-4.3083333333333336	0.11190476190476191	-4.3083333333333336	0	1	90	7.3478807948841188e-16	6.4047619047619051	-1	-9.0	5.4047619047619051	0.0	-5.5952380952380949	1	1
1.2365028858184814	0	0.22380952380952382	-3.9446428571428571	0.22380952380952382	-3.9446428571428571	0	1	90	7.3478807948841188e-16	6.4047619047619051	-1	-9.0	5.4047619047619051	0.0	-5.5952380952380949	1	1
1.2527830600738525	0	0.3636904761904762	-3.5529761904761905	0.36369047619047618	-3.5529761904761905	0	1	90	7.3478807948841188e-16	6.4047619047619051	-1	-9.0	5.4047619047619051	0.0	-5.5952380952380949	1	1
1.2693939208984375	0	0.47559523809523807	-3.1333333333333333	0.47559523809523807	-3.1333333333333333	0	1	90	7.3478807948841188e-16	6.4047619047619051	-1	-9.0	5.4047619047619051	0.0	-5.5952380952380949	1	1
1.2860219478607178	0	0.5595238095238095	-2.9375	0.55952380952380953	-2.9375	0	2	90	7.3478807948841188e-16	6.4047619047619051	-1	-9.0	5.4047619047619051	0.0	-5.5952380952380949	1	1
1.3025569915771484	0	0.6714285714285714	-2.4898809523809522	0.67142857142857137	-2.4898809523809522	0	2	90	7.3478807948841188e-16	6.4047619047619051	-1	-9.0	5.4047619047619051	0.0	-5.5952380952380949	1	1
1.3193650245666504	0	0.7553571428571428	-2.2660714285714287	0.75535714285714284	-2.2660714285714287	0	2	90	7.3478807948841188e-16	6.4047619047619051	-1	-9.0	5.4047619047619051	0.0	-5.5952380952380949	1	1
1.3357648849487305	0	0.8672619047619048	-1.8184523809523809	0.86726190476190479	-1.8184523809523809	0	2	90	7.3478807948841188e-16	6.4047619047619051	-1	-9.0	5.4047619047619051	0.0	-5.5952380952380949	1	1
1.3524119853973389	0	0.9791666666666666	-1.3708333333333336	0.97916666666666663	-1.3708333333333333	0	2	90	7.3478807948841188e-16	6.4047619047619051	-1	-9.0	5.4047619047619051	0.0	-5.5952380952380949	1	1
1.3689730167388916	0	1.063095238095238	-0.92321428571428577	1.0630952380952381	-0.92321428571428577	0	2	90	7.3478807948841188e-16	6.4047619047619051	-1	-9.0	5.4047619047619051	0.0	-5.5952380952380949	1	1
1.3855619430541992	0	1.0910714285714285	-0.69940476190476186	1.0910714285714285	-0.69940476190476186	0	2	90	7.3478807948841188e-16	6.4047619047619051	-1	-9.0	5.4047619047619051	0.0	-5.5952380952380949	1	1
1.4021079540252686	0	1.0910714285714285	-0.2797619047619051	1.0910714285714285	-0.27976190476190477	0	2	90	7.3478807948841188e-16	6.4047619047619051	-1	-9.0	5.4047619047619051	0.0	-5.5952380952380949	1	1
1.4190750122070312	0	1.063095238095238	-0.055952380952381198	1.0630952380952381	-0.055952380952380955	0	2	90	7.3478807948841188e-16	6.4047619047619051	-1	-9.0	5.4047619047619051	0.0	-5.5952380952380949	1	1
1.4356539249420166	0	1.0071428571428571	0.33571428571428541	1.0071428571428571	0.33571428571428569	0	2	90	7.3478807948841188e-16	6.4047619047619051	-1	-9.0	5.4047619047619051	0.0	-5.5952380952380949	1	1
1.4521880149841309	0	0.9791666666666666	0.75535714285714306	0.97916666666666663	0.75535714285714284	0	2	90	7.3478807948841188e-16	6.4047619047619051	-1	-9.0	5.4047619047619051	0.0	-5.5952380952380949	1	1
1.4688119888305664	0	0.9232142857142858	1.1470238095238097	0.92321428571428577	1.1470238095238094	0	2	90	7.3478807948841188e-16	6.4047619047619051	-1	-9.0	5.4047619047619051	0.0	-5.5952380952380949	1	1
1.4854638576507568	0	0.8952380952380953	1.3428571428571425	0.89523809523809528	1.3428571428571427	0	2	90	7.3478807948841188e-16	6.4047619047619051	-1	-9.0	5.4047619047619051	0.0	-5.5952380952380949	1	1
1.5019550323486328	0	0.8392857142857143	1.7345238095238091	0.8392857142857143	1.7345238095238096	0	2	90	7.3478807948841188e-16	6.4047619047619051	-1	-9.0	5.4047619047619051	0.0	-5.5952380952380949	1	1
1.518543004989624	0	0.8113095238095238	1.9023809523809518	0.81130952380952381	1.9023809523809523	0	2	90	7.3478807948841188e-16	6.4047619047619051	-1	-9.0	5.4047619047619051	0.0	-5.5952380952380949	1	1
1.535217046737671	0	0.7273809523809524	2.2940476190476193	0.72738095238095235	2.2940476190476189	0	2	90	7.3478807948841188e-16	6.4047619047619051	-1	-9.0	5.4047619047619051	0.0	-5.5952380952380949	1	1
1.551832914352417	0	0.643452380952381	2.6577380952380949	0.643452380952381	2.6577380952380953	0	2	90	7.3478807948841188e-16	6.4047619047619051	-1	-9.0	5.4047619047619051	0.0	-5.5952380952380949	1	1
1.5683598518371582	0	0.531547619047619	2.9934523809523803	0.53154761904761905	2.9934523809523808	0	2	90	7.3478807948841188e-16	6.4047619047619051	-1	-9.0	5.4047619047619051	0.0	-5.5952380952380949	1	1
1.5847010612487793	0	0.47559523809523807	3.1613095238095248	0.47559523809523807	3.1613095238095239	0	2	90	7.3478807948841188e-16	6.4047619047619051	-1	-9.0	5.4047619047619051	0.0	-5.5952380952380949	1	1
1.6012699604034424	0	0.3636904761904762	3.4970238095238102	0.36369047619047618	3.4970238095238093	0	2	90	7.3478807948841188e-16	6.4047619047619051	-1	-9.0	5.4047619047619051	0.0	-5.5952380952380949	1	1
1.617872953414917	0	0.3357142857142857	3.6648809523809529	0.33571428571428569	3.6648809523809525	0	2	90	7.3478807948841188e-16	6.4047619047619051	-1	-9.0	5.4047619047619051	0.0	-5.5952380952380949	1	1
1.6344759464263916	0	0.22380952380952382	3.9726190476190482	0.22380952380952382	3.9726190476190477	0	2	90	7.3478807948841188e-16	6.4047619047619051	-1	-9.0	5.4047619047619051	0.0	-5.5952380952380949	1	1
1.6510429382324219	0	0.13988095238095238	4.2523809523809533	0.13988095238095238	4.2523809523809524	0	2	90	7.3478807948841188e-16	6.4047619047619051	-1	-9.0	5.4047619047619051	0.0	-5.5952380952380949	1	1
1.6676359176635742	0	0.08392857142857142	4.3922619047619058	0.083928571428571422	4.3922619047619049	0	2	90	7.3478807948841188e-16	6.4047619047619051	-1	-9.0	5.4047619047619051	0.0	-5.5952380952380949	1	1
1.684290885925293	0	0.0	4.644047619047619	0.0	4.644047619047619	0	2	90	7.3478807948841188e-16	6.4047619047619051	-1	-9.0	5.4047619047619051	0.0	-5.5952380952380949	1	1
1.7008440494537354	0	-0.08392857142857142	4.8958333333333321	-0.083928571428571422	4.895833333333333	0	2	90	7.3478807948841188e-16	6.4047619047619051	-1	-9.0	5.4047619047619051	0.0	-5.5952380952380949	1	1
1.7174229621887207	0	-0.11190476190476191	5.0077380952380963	-0.11190476190476191	5.0077380952380954	0	2	90	7.3478807948841188e-16	6.4047619047619051	-1	-9.0	5.4047619047619051	0.0	-5.5952380952380949	1	1
1.734302043914795	0	-0.16785714285714284	5.2315476190476193	-0.16785714285714284	5.2315476190476193	0	2	90	7.3478807948841188e-16	6.4047619047619051	-1	-9.0	5.4047619047619051	0.0	-5.5952380952380949	1	1
1.7508978843688965	0	-0.16785714285714284	5.3434523809523817	-0.16785714285714284	5.3434523809523808	0	2	90	7.3478807948841188e-16	6.4047619047619051	-1	-9.0	5.4047619047619051	0.0	-5.5952380952380949	1	1
1.767503023147583	0	-0.22380952380952382	5.5672619047619047	-0.22380952380952382	5.5672619047619047	0	2	90	7.3478807948841188e-16	6.4047619047619051	-1	-9.0	5.4047619047619051	0.0	-5.5952380952380949	1	1
1.784052848815918	0	-0.2517857142857143	5.7630952380952394	-0.25178571428571428	5.7630952380952385	0	2	90	7.3478807948841188e-16	6.4047619047619051	-1	-9.0	5.4047619047619051	0.0	-5.5952380952380949	1	1
1.800684928894043	0	-0.2517857142857143	5.9589285714285722	-0.25178571428571428	5.9589285714285714	0	2	90	7.3478807948841188e-16	6.4047619047619051	-1	-9.0	5.4047619047619051	0.0	-5.5952380952380949	1	1
1.8173019886016846	0	-0.2517857142857143	6.0708333333333329	-0.25178571428571428	6.0708333333333337	0	2	90	7.3478807948841188e-16	6.4047619047619051	-1	-9.0	5.4047619047619051	0.0	-5.5952380952380949	1	1
1.8339099884033203	0	-0.2517857142857143	6.2386904761904773	-0.25178571428571428	6.2386904761904765	0	2	90	7.3478807948841188e-16	6.4047619047619051	-1	-9.0	5.4047619047619051	0.0	-5.5952380952380949	1	1
1.850430965423584	0	-0.22380952380952382	6.3226190476190478	-0.22380952380952382	6.3226190476190478	0	2	90	7.3478807948841188e-16	6.4047619047619051	-1	-9.0	5.4047619047619051	0.0	-5.5952380952380949	1	1
1.8670449256896973	0	-0.22380952380952382	6.4904761904761905	-0.22380952380952382	6.4904761904761905	0	2	90	7.3478807948841188e-16	6.4047619047619051	-1	-9.0	5.4047619047619051	0.0	-5.5952380952380949	1	1
1.883678913116455	0	-0.19583333333333333	6.5744047619047628	-0.19583333333333333	6.5744047619047619	0	2	90	7.3478807948841188e-16	6.4047619047619051	-1	-9.0	5.4047619047619051	0.0	-5.5952380952380949	1	1
1.8999850749969482	0	-0.19583333333333333	6.6583333333333332	-0.19583333333333333	6.6583333333333332	0	2	90	7.3478807948841188e-16	6.4047619047619051	-1	-9.0	5.4047619047619051	0.0	-5.5952380952380949	1	1
1.9165589809417725	0	-0.16785714285714284	6.6583333333333332	-0.16785714285714284	6.6583333333333332	0	2	90	7.3478807948841188e-16	6.4047619047619051	-1	-9.0	5.4047619047619051	0.0	-5.5952380952380949	1	1
1.933229923248291	0	-0.16785714285714284	6.6863095238095234	-0.16785714285714284	6.6863095238095234	0	2	90	7.3478807948841188e-16	6.4047619047619051	-1	-9.0	5.4047619047619051	0.0	-5.5952380952380949	1	1
1.9497919082641602	0	-0.16785714285714284	6.6863095238095234	-0.16785714285714284	6.6863095238095234	0	2	90	7.3478807948841188e-16	6.4047619047619051	-1	-9.0	5.4047619047619051	0.0	-5.5952380952380949	1	1
1.9663028717041016	0	-0.16785714285714284	6.6863095238095234	-0.16785714285714284	6.6863095238095234	0	2	90	7.3478807948841188e-16	6.4047619047619051	-1	-9.0	5.4047619047619051	0.0	-5.5952380952380949	1	1
1.9828848838806152	0	-0.16785714285714284	6.6863095238095234	-0.16785714285714284	6.6863095238095234	0	2	90	7.3478807948841188e-16	6.4047619047619051	-1	-9.0	5.4047619047619051	0.0	-5.5952380952380949	1	1
1.999506950378418	0	-0.16785714285714284	6.6863095238095234	-0.16785714285714284	6.6863095238095234	0	2	90	7.3478807948841188e-16	6.4047619047619051	-1	-9.0	5.4047619047619051	0.0	-5.5952380952380949	1	1
2.016123056411743	0	-0.16785714285714284	6.6863095238095234	-0.16785714285714284	6.6863095238095234	0	2	90	7.3478807948841188e-16	6.4047619047619051	-1	-9.0	5.4047619047619051	0.0	-5.5952380952380949	1	1
2.0327939987182617	0	-0.16785714285714284	6.6863095238095234	-0.16785714285714284	6.6863095238095234	0	2	90	7.3478807948841188e-16	6.4047619047619051	-1	-9.0	5.4047619047619051	0.0	-5.5952380952380949	1	1
2.0493369102478027	0	-0.16785714285714284	6.6863095238095234	-0.16785714285714284	6.6863095238095234	0	2	90	7.3478807948841188e-16	6.4047619047619051	-1	-9.0	5.4047619047619051	0.0	-5.5952380952380949	1	1
2.0661568641662598	0	-0.16785714285714284	6.6863095238095234	-0.16785714285714284	6.6863095238095234	0	2	90	7.3478807948841188e-16	6.4047619047619051	-1	-9.0	5.4047619047619051	0.0	-5.5952380952380949	1	1
2.0827760696411133	0	-0.16785714285714284	6.6863095238095234	-0.16785714285714284	6.6863095238095234	0	2	90	7.3478807948841188e-16	6.4047619047619051	-1	-9.0	5.4047619047619051	0.0	-5.5952380952380949	1	1
2.0993778705596924	0	-0.16785714285714284	6.6863095238095234	-0.16785714285714284	6.6863095238095234	0	2	90	7.3478807948841188e-16	6.4047619047619051	-1	-9.0	5.4047619047619051	0.0	-5.5952380952380949	1	1
2.1159770488739014	0	-0.16785714285714284	6.6863095238095234	-0.16785714285714284	6.6863095238095234	0	2	90	7.3478807948841188e-16	6.4047619047619051	-1	-9.0	5.4047619047619051	0.0	-5.5952380952380949	1	1
2.1326818466186523	0	-0.16785714285714284	6.6863095238095234	-0.16785714285714284	6.6863095238095234	0	2	90	7.3478807948841188e-16	6.4047619047619051	-1	-9.0	5.4047619047619051	0.0	-5.5952380952380949	1	1
2.1491990089416504	0	-0.16785714285714284	6.6863095238095234	-0.16785714285714284	6.6863095238095234	0	2	90	7.3478807948841188e-16	6.4047619047619051	-1	-9.0	5.4047619047619051	0.0	-5.5952380952380949	1	1
2.165735960006714	0	-0.16785714285714284	6.6863095238095234	-0.16785714285714284	6.6863095238095234	0	2	90	7.3478807948841188e-16	6.4047619047619051	-1	-9.0	5.4047619047619051	0.0	-5.5952380952380949	1	1
2.1822969913482666	0	-0.16785714285714284	6.6863095238095234	-0.16785714285714284	6.6863095238095234	0	2	90	7.3478807948841188e-16	6.4047619047619051	-1	-9.0	5.4047619047619051	0.0	-5.5952380952380949	1	1
2.198866844177246	0	-0.16785714285714284	6.6863095238095234	-0.16785714285714284	6.6863095238095234	0	2	90	7.3478807948841188e-16	6.4047619047619051	-1	-9.0	5.4047619047619051	0.0	-5.5952380952380949	1	1
2.2155659198760986	0	-0.16785714285714284	6.6863095238095234	-0.16785714285714284	6.6863095238095234	0	2	90	7.3478807948841188e-16	6.4047619047619051	-1	-9.0	5.4047619047619051	0.0	-5.5952380952380949	1	1
2.2318899631500244	0	-0.16785714285714284	6.6863095238095234	-0.16785714285714284	6.6863095238095234	0	2	90	7.3478807948841188e-16	6.4047619047619051	-1	-9.0	5.4047619047619051	0.0	-5.5952380952380949	1	1
2.248487949371338	0	-0.16785714285714284	6.6863095238095234	-0.16785714285714284	6.6863095238095234	0	2	90	7.3478807948841188e-16	6.4047619047619051	-1	-9.0	5.4047619047619051	0.0	-5.5952380952380949	1	1
2.2650699615478516	0	-0.16785714285714284	6.6863095238095234	-0.16785714285714284	6.6863095238095234	0	2	90	7.3478807948841188e-16	6.4047619047619051	-1	-9.0	5.4047619047619051	0.0	-5.5952380952380949	1	1
2.281661033630371	0	-0.16785714285714284	6.6863095238095234	-0.16785714285714284	6.6863095238095234	0	2	90	7.3478807948841188e-16	6.4047619047619051	-1	-9.0	5.4047619047619051	0.0	-5.5952380952380949	1	1
2.2982239723205566	0	-0.16785714285714284	6.6863095238095234	-0.16785714285714284	6.6863095238095234	0	2	90	7.3478807948841188e-16	6.4047619047619051	-1	-9.0	5.4047619047619051	0.0	-5.5952380952380949	1	1
2.3148128986358643	0	-0.16785714285714284	6.6863095238095234	-0.16785714285714284	6.6863095238095234	0	2	90	7.3478807948841188e-16	6.4047619047619051	-1	-9.0	5.4047619047619051	0.0	-5.5952380952380949	1	1
2.3314359188079834	0	-0.16785714285714284	6.6863095238095234	-0.16785714285714284	6.6863095238095234	0	2	90	7.3478807948841188e-16	6.4047619047619051	-1	-9.0	5.4047619047619051	0.0	-5.5952380952380949	1	1
2.348057985305786	0	-0.16785714285714284	6.6863095238095234	-0.16785714285714284	6.6863095238095234	0	2	90	7.3478807948841188e-16	6.4047619047619051	-1	-9.0	5.4047619047619051	0.0	-5.5952380952380949	1	1
2.3646419048309326	0	-0.16785714285714284	6.6863095238095234	-0.16785714285714284	6.6863095238095234	0	2	90	7.3478807948841188e-16	6.4047619047619051	-1	-9.0	5.4047619047619051	0.0	-5.5952380952380949	1	1
2.381476879119873	0	-0.16785714285714284	6.6863095238095234	-0.16785714285714284	6.6863095238095234	0	2	90	7.3478807948841188e-16	6.4047619047619051	-1	-9.0	5.4047619047619051	0.0	-5.5952380952380949	1	1
2.398042917251587	0	-0.16785714285714284	6.6863095238095234	-0.16785714285714284	6.6863095238095234	0	2	90	7.3478807948841188e-16	6.4047619047619051	-1	-9.0	5.4047619047619051	0.0	-5.5952380952380949	1	1
2.4146270751953125	0	-0.16785714285714284	6.6863095238095234	-0.16785714285714284	6.6863095238095234	0	2	90	7.3478807948841188e-16	6.4047619047619051	-1	-9.0	5.4047619047619051	0.0	-5.5952380952380949	1	1
2.431307077407837	0	-0.16785714285714284	6.6863095238095234	-0.16785714285714284	6.6863095238095234	0	2	90	7.3478807948841188e-16	6.4047619047619051	-1	-9.0	5.4047619047619051	0.0	-5.5952380952380949	1	1
2.4478988647460938	0	-0.16785714285714284	6.6863095238095234	-0.16785714285714284	6.6863095238095234	0	2	90	7.3478807948841188e-16	6.4047619047619051	-1	-9.0	5.4047619047619051	0.0	-5.5952380952380949	1	1
2.464434862136841	0	-0.16785714285714284	6.6863095238095234	-0.16785714285714284	6.6863095238095234	0	2	90	7.3478807948841188e-16	6.4047619047619051	-1	-9.0	5.4047619047619051	0.0	-5.5952380952380949	1	1
2.4810450077056885	0	-0.16785714285714284	6.6863095238095234	-0.16785714285714284	6.6863095238095234	0	3	90	7.3478807948841188e-16	6.4047619047619051	-1	-9.0	5.4047619047619051	0.0	-5.5952380952380949	1	1
2.497591972351074	0	-0.16785714285714284	6.6863095238095234	-0.16785714285714284	6.6863095238095234	0	4	90	7.3478807948841188e-16	6.4047619047619051	-1	-9.0	5.4047619047619051	0.0	-5.5952380952380949	1	1
2.514185905456543	0	-0.16785714285714284	6.6863095238095234	-0.16785714285714284	6.6863095238095234	0	4	90	7.3478807948841188e-16	6.4047619047619051	-1	-9.0	5.4047619047619051	0.0	-5.5952380952380949	1	1
2.5307819843292236	0	-0.16785714285714284	6.6863095238095234	-0.16785714285714284	6.6863095238095234	0	4	90	7.3478807948841188e-16	6.4047619047619051	-1	-9.0	5.4047619047619051	0.0	-5.5952380952380949	1	1
2.547213077545166	0	-0.16785714285714284	6.6863095238095234	-0.16785714285714284	6.6863095238095234	0	4	90	7.3478807948841188e-16	6.4047619047619051	-1	-9.0	5.4047619047619051	0.0	-5.5952380952380949	1	1
2.563714027404785	0	-0.16785714285714284	6.6863095238095234	-0.16785714285714284	6.6863095238095234	0	4	90	7.3478807948841188e-16	6.4047619047619051	-1	-9.0	5.4047619047619051	0.0	-5.5952380952380949	1	1
2.5803229808807373	0	-0.16785714285714284	6.6863095238095234	-0.16785714285714284	6.6863095238095234	0	4	90	7.3478807948841188e-16	6.4047619047619051	-1	-9.0	5.4047619047619051	0.0	-5.5952380952380949	1	1
2.596916913986206	0	-0.16785714285714284	6.6863095238095234	-0.16785714285714284	6.6863095238095234	0	4	90	7.3478807948841188e-16	6.4047619047619051	-1	-9.0	5.4047619047619051	0.0	-5.5952380952380949	1	1
2.61354398727417	0	-0.16785714285714284	6.6863095238095234	-0.16785714285714284	6.6863095238095234	0	4	90	7.3478807948841188e-16	6.4047619047619051	-1	-9.0	5.4047619047619051	0.0	-5.5952380952380949	1	1
2.630084991455078	0	-0.16785714285714284	6.6863095238095234	-0.16785714285714284	6.6863095238095234	0	4	90	7.3478807948841188e-16	6.4047619047619051	-1	-9.0	5.4047619047619051	0.0	-5.5952380952380949	1	1
2.6467158794403076	0	-0.16785714285714284	6.6863095238095234	-0.16785714285714284	6.6863095238095234	0	4	90	7.3478807948841188e-16	6.4047619047619051	-1	-9.0	5.4047619047619051	0.0	-5.5952380952380949	1	1
2.6632580757141113	0	-0.16785714285714284	6.6863095238095234	-0.16785714285714284	6.6863095238095234	0	4	90	7.3478807948841188e-16	6.4047619047619051	-1	-9.0	5.4047619047619051	0.0	-5.5952380952380949	1	1
2.679931879043579	0	-0.16785714285714284	6.6863095238095234	-0.16785714285714284	6.6863095238095234	0	4	90	7.3478807948841188e-16	6.4047619047619051	-1	-9.0	5.4047619047619051	0.0	-5.5952380952380949	1	1
2.69649600982666	0	-0.16785714285714284	6.6863095238095234	-0.16785714285714284	6.6863095238095234	0	4	90	7.3478807948841188e-16	6.4047619047619051	-1	-9.0	5.4047619047619051	0.0	-5.5952380952380949	1	1
2.7133450508117676	0	-0.16785714285714284	6.6863095238095234	-0.16785714285714284	6.6863095238095234	0	4	90	7.3478807948841188e-16	6.4047619047619051	-1	-9.0	5.4047619047619051	0.0	-5.5952380952380949	1	1
2.7299418449401855	0	-0.16785714285714284	6.6863095238095234	-0.16785714285714284	6.6863095238095234	0	4	90	7.3478807948841188e-16	6.4047619047619051	-1	-9.0	5.4047619047619051	0.0	-5.5952380952380949	1	1
2.746548891067505	0	-0.16785714285714284	6.6863095238095234	-0.16785714285714284	6.6863095238095234	0	4	90	7.3478807948841188e-16	6.4047619047619051	-1	-9.0	5.4047619047619051	0.0	-5.5952380952380949	1	1
2.763115882873535	0	-0.16785714285714284	6.6863095238095234	-0.16785714285714284	6.6863095238095234	0	4	90	7.3478807948841188e-16	6.4047619047619051	-1	-9.0	5.4047619047619051	0.0	-5.5952380952380949	1	1
2.7797420024871826	0	-0.16785714285714284	6.6863095238095234	-0.16785714285714284	6.6863095238095234	0	4	90	7.3478807948841188e-16	6.4047619047619051	-1	-9.0	5.4047619047619051	0.0	-5.5952380952380949	1	1
2.7962939739227295	0	-0.16785714285714284	6.6863095238095234	-0.16785714285714284	6.6863095238095234	0	4	90	7.3478807948841188e-16	6.4047619047619051	-1	-9.0	5.4047619047619051	0.0	-5.5952380952380949	1	1
2.812962055206299	0	-0.16785714285714284	6.6863095238095234	-0.16785714285714284	6.6863095238095234	0	4	90	7.3478807948841188e-16	6.4047619047619051	-1	-9.0	5.4047619047619051	0.0	-5.5952380952380949	1	1
2.829460859298706	0	-0.16785714285714284	6.6863095238095234	-0.16785714285714284	6.6863095238095234	0	4	90	7.3478807948841188e-16	6.4047619047619051	-1	-9.0	5.4047619047619051	0.0	-5.5952380952380949	1	1
2.846142053604126	0	-0.16785714285714284	6.6863095238095234	-0.16785714285714284	6.6863095238095234	0	4	90	7.3478807948841188e-16	6.4047619047619051	-1	-9.0	5.4047619047619051	0.0	-5.5952380952380949	1	1
2.8626768589019775	0	-0.16785714285714284	6.6863095238095234	-0.16785714285714284	6.6863095238095234	0	4	90	7.3478807948841188e-16	6.4047619047619051	-1	-9.0	5.4047619047619051	0.0	-5.5952380952380949	1	1
2.879343032836914	0	-0.22380952380952382	6.6863095238095234	-0.22380952380952382	6.6863095238095234	0	4	90	7.3478807948841188e-16	6.4047619047619051	-1	-9.0	5.4047619047619051	0.0	-5.5952380952380949	1	1
2.8958749771118164	0	-0.44761904761904764	6.6863095238095234	-0.44761904761904764	6.6583333333333332	0	4	90	7.3478807948841188e-16	6.4047619047619051	-1	-9.0	5.4047619047619051	0.0	-5.5952380952380949	1	1
2.912471055984497	0	-0.86726190476190479	6.6863095238095234	-0.86726190476190479	6.602380952380952	0	4	90	7.3478807948841188e-16	6.4047619047619051	-1	-9.0	5.4047619047619051	0.0	-5.5952380952380949	1	1
2.929097890853882	0	-1.1470238095238094	6.6863095238095234	-1.1470238095238094	6.5464285714285717	0	4	90	7.3478807948841188e-16	6.4047619047619051	-1	-9.0	5.4047619047619051	0.0	-5.5952380952380949	1	1
2.9457690715789795	0	-1.706547619047619	6.6863095238095234	-1.706547619047619	6.4625000000000004	0	4	90	7.3478807948841188e-16	6.4047619047619051	-1	-9.0	5.4047619047619051	0.0	-5.5952380952380949	1	1
2.9622130393981934	0	-1.9863095238095239	6.6863095238095234	-1.9863095238095239	6.4065476190476192	0	4	90	7.3478807948841188e-16	6.4047619047619051	-1	-9.0	5.4047619047619051	0.0	-5.5952380952380949	1	1
2.978822946548462	0	-2.5178571428571428	6.6863095238095234	-2.5178571428571428	6.3226190476190478	0	4	90	7.3478807948841188e-16	6.4047619047619051	-1	-9.0	5.4047619047619051	0.0	-5.5952380952380949	1	1
2.995436906814575	0	-3.0214285714285714	6.6863095238095234	-3.0214285714285714	6.2386904761904765	0	4	90	7.3478807948841188e-16	6.4047619047619051	-1	-9.0	5.4047619047619051	0.0	-5.5952380952380949	1	1
3.012105941772461	0	-3.5809523809523811	6.6863095238095234	-3.5809523809523811	6.1827380952380953	0	4	90	7.3478807948841188e-16	6.4047619047619051	-1	-9.0	5.4047619047619051	0.0	-5.5952380952380949	1	1
3.0283708572387695	0	-3.8886904761904764	6.6863095238095234	-3.8886904761904764	6.1267857142857141	0	4	90	7.3478807948841188e-16	6.4047619047619051	-1	-9.0	5.4047619047619051	0.0	-5.5952380952380949	1	1
3.045027017593384	0	-4.5880952380952378	6.6863095238095234	-4.5880952380952378	6.0708333333333337	0	4	90	7.3478807948841188e-16	6.4047619047619051	-1	-9.0	5.4047619047619051	0.0	-5.5952380952380949	1	1
3.061586856842041	0	-4.9797619047619044	6.6863095238095234	-4.9797619047619044	6.0148809523809526	0	4	90	7.3478807948841188e-16	6.4047619047619051	-1	-9.0	5.4047619047619051	0.0	-5.5952380952380949	1	1
3.0781800746917725	0	-5.7630952380952385	6.6863095238095234	-5.7630952380952385	5.9309523809523812	0	4	90	7.3478807948841188e-16	6.4047619047619051	-1	-9.0	5.4047619047619051	0.0	-5.5952380952380949	1	1
3.0947020053863525	0	-6.6583333333333332	6.6863095238095234	-6.6583333333333332	5.8470238095238098	0	4	90	7.3478807948841188e-16	6.4047619047619051	-1	-9.0	5.4047619047619051	0.0	-5.5952380952380949	1	1
3.1113429069519043	0	-7.1339285714285712	6.6863095238095234	-7.1339285714285712	5.7630952380952385	0	4	90	7.3478807948841188e-16	6.4047619047619051	-1	-9.0	5.4047619047619051	0.0	-5.5952380952380949	1	1
3.1279079914093018	0	-8.0571428571428569	6.6863095238095234	-8.0571428571428569	5.6511904761904761	0	4	90	7.3478807948841188e-16	6.4047619047619051	-1	-9.0	5.4047619047619051	0.0	-5.5952380952380949	1	1
3.144536018371582	0	-8.84047619047619	5.5392857142857146	-8.8404761904761902	5.5392857142857146	0	4	90	7.3478807948841188e-16	6.4047619047619051	-1	-9.0	5.4047619047619051	0.0	-5.5952380952380949	1	1
3.1611568927764893	0	-9.176190476190476	5.5113095238095227	-9.1761904761904756	5.5113095238095235	0	4	90	7.3478807948841188e-16	6.4047619047619051	-1	-9.0	5.4047619047619051	0.0	-5.5952380952380949	1	1
3.177725076675415	0	-9.763690476190476	5.4553571428571423	-9.7636904761904759	5.4553571428571432	0	4	90	7.3478807948841188e-16	6.4047619047619051	-1	-9.0	5.4047619047619051	0.0	-5.5952380952380949	1	1
3.1942648887634277	0	-10.211309523809524	5.399404761904762	-10.211309523809524	5.399404761904762	0	4	90	7.3478807948841188e-16	6.4047619047619051	-1	-9.0	5.4047619047619051	0.0	-5.5952380952380949	1	1
3.21089506149292	0	-10.379166666666666	5.3714285714285701	-10.379166666666666	5.371428571428571	0	5	90	7.3478807948841188e-16	6.4047619047619051	-1	-9.0	5.4047619047619051	0.0	-5.5952380952380949	1	1
3.227473020553589	0	-10.630952380952381	5.3434523809523817	-10.630952380952381	5.3434523809523808	0	5	90	7.3478807948841188e-16	6.4047619047619051	-1	-9.0	5.4047619047619051	0.0	-5.5952380952380949	1	1
3.2440378665924072	0	-10.686904761904762	5.3434523809523817	-10.686904761904762	5.3434523809523808	0	5	90	7.3478807948841188e-16	6.4047619047619051	-1	-9.0	5.4047619047619051	0.0	-5.5952380952380949	1	1
3.260711908340454	0	-10.714880952380952	5.3434523809523817	-10.714880952380952	5.3434523809523808	0	5	90	7.3478807948841188e-16	6.4047619047619051	-1	-9.0	5.4047619047619051	0.0	-5.5952380952380949	1	1
3.2773399353027344	0	-10.714880952380952	5.3434523809523817	-10.714880952380952	5.3434523809523808	0	5	90	7.3478807948841188e-16	6.4047619047619051	-1	-9.0	5.4047619047619051	0.0	-5.5952380952380949	1	1
3.29386305809021	0	-10.714880952380952	5.3154761904761898	-10.714880952380952	5.3154761904761907	0	5	90	7.3478807948841188e-16	6.4047619047619051	-1	-9.0	5.4047619047619051	0.0	-5.5952380952380949	1	1
3.3104119300842285	0	-10.686904761904762	5.3154761904761898	-10.686904761904762	5.3154761904761907	0	5	90	7.3478807948841188e-16	6.4047619047619051	-1	-9.0	5.4047619047619051	0.0	-5.5952380952380949	1	1
3.3270020484924316	0	-10.575	5.2595238095238095	-10.574999999999999	5.2595238095238095	0	5	90	7.3478807948841188e-16	6.4047619047619051	-1	-9.0	5.4047619047619051	0.0	-5.5952380952380949	1	1
3.343621015548706	0	-10.463095238095239	5.2035714285714292	-10.463095238095239	5.2035714285714283	0	5	90	7.3478807948841188e-16	6.4047619047619051	-1	-9.0	5.4047619047619051	0.0	-5.5952380952380949	1	1
3.3605539798736572	0	-10.239285714285714	5.1196428571428569	-10.239285714285714	5.1196428571428569	0	5	90	7.3478807948841188e-16	6.4047619047619051	-1	-9.0	5.4047619047619051	0.0	-5.5952380952380949	1	1
3.3771250247955322	0	-9.959523809523809	4.9797619047619044	-9.9595238095238088	4.9797619047619044	0	5	90	7.3478807948841188e-16	6.4047619047619051	-1	-9.0	5.4047619047619051	0.0	-5.5952380952380949	1	1
3.3936920166015625	0	-9.651785714285714	4.8119047619047617	-9.6517857142857135	4.8119047619047617	0	5	90	7.3478807948841188e-16	6.4047619047619051	-1	-9.0	5.4047619047619051	0.0	-5.5952380952380949	1	1
3.4103269577026367	0	-9.48392857142857	4.7279761904761912	-9.4839285714285708	4.7279761904761903	0	5	90	7.3478807948841188e-16	6.4047619047619051	-1	-9.0	5.4047619047619051	0.0	-5.5952380952380949	1	1
3.426872968673706	0	-9.092261904761905	4.5041666666666664	-9.0922619047619051	4.5041666666666664	0	5	90	7.3478807948841188e-16	6.4047619047619051	-1	-9.0	5.4047619047619051	0.0	-5.5952380952380949	1	1
3.4435019493103027	0	-8.896428571428572	4.3922619047619058	-8.8964285714285722	4.3922619047619049	0	5	90	7.3478807948841188e-16	6.4047619047619051	-1	-9.0	5.4047619047619051	0.0	-5.5952380952380949	1	1
3.4601478576660156	0	-8.504761904761905	4.1404761904761909	-8.5047619047619047	4.1404761904761909	0	5	90	7.3478807948841188e-16	6.4047619047619051	-1	-9.0	5.4047619047619051	0.0	-5.5952380952380949	1	1
3.4767370223999023	0	-8.029166666666667	3.8607142857142858	-8.0291666666666668	3.8607142857142858	0	5	90	7.3478807948841188e-16	6.4047619047619051	-1	-9.0	5.4047619047619051	0.0	-5.5952380952380949	1	1
3.493161916732788	0	-7.553571428571429	3.5529761904761905	-7.5535714285714288	3.5529761904761905	0	5	90	7.3478807948841188e-16	6.4047619047619051	-1	-9.0	5.4047619047619051	0.0	-5.5952380952380949	1	1
3.5098838806152344	0	-7.301785714285714	3.3851190476190478	-7.3017857142857139	3.3851190476190478	0	5	90	7.3478807948841188e-16	6.4047619047619051	-1	-9.0	5.4047619047619051	0.0	-5.5952380952380949	1	1
3.526183843612671	0	-6.742261904761905	3.0773809523809526	-6.7422619047619046	3.0773809523809526	0	5	90	7.3478807948841188e-16	6.4047619047619051	-1	-9.0	5.4047619047619051	0.0	-5.5952380952380949	1	1
3.542759895324707	0	-6.4625	2.9095238095238098	-6.4625000000000004	2.9095238095238094	0	5	90	7.3478807948841188e-16	6.4047619047619051	-1	-9.0	5.4047619047619051	0.0	-5.5952380952380949	1	1
3.559453010559082	0	-5.930952380952381	2.5458333333333343	-5.9309523809523812	2.5458333333333334	0	5	90	7.3478807948841188e-16	6.4047619047619051	-1	-9.0	5.4047619047619051	0.0	-5.5952380952380949	1	1
3.5759799480438232	0	-5.343452380952381	2.1821428571428569	-5.3434523809523808	2.1821428571428569	0	5	90	7.3478807948841188e-16	6.4047619047619051	-1	-9.0	5.4047619047619051	0.0	-5.5952380952380949	1	1
3.592556953430176	0	-4.7839285714285715	1.8184523809523814	-4.7839285714285715	1.8184523809523809	0	5	90	7.3478807948841188e-16	6.4047619047619051	-1	-9.0	5.4047619047619051	0.0	-5.5952380952380949	1	1
3.6092278957366943	0	-4.5321428571428575	1.6226190476190476	-4.5321428571428575	1.6226190476190476	0	5	90	7.3478807948841188e-16	6.4047619047619051	-1	-9.0	5.4047619047619051	0.0	-5.5952380952380949	1	1
3.6257429122924805	0	-4.000595238095238	1.230952380952381	-4.0005952380952383	1.230952380952381	0	5	90	7.3478807948841188e-16	6.4047619047619051	-1	-9.0	5.4047619047619051	0.0	-5.5952380952380949	1	1
3.6423070430755615	0	-3.720833333333333	1.0630952380952383	-3.7208333333333332	1.0630952380952381	0	5	90	7.3478807948841188e-16	6.4047619047619051	-1	-9.0	5.4047619047619051	0.0	-5.5952380952380949	1	1
3.658972978591919	0	-3.2172619047619047	0.67142857142857171	-3.2172619047619047	0.67142857142857137	0	5	90	7.3478807948841188e-16	6.4047619047619051	-1	-9.0	5.4047619047619051	0.0	-5.5952380952380949	1	1
3.67582106590271	0	-2.7416666666666667	0.2797619047619051	-2.7416666666666667	0.27976190476190477	0	5	90	7.3478807948841188e-16	6.4047619047619051	-1	-9.0	5.4047619047619051	0.0	-5.5952380952380949	1	1
3.6924209594726562	0	-2.3220238095238095	-0.055952380952381198	-2.3220238095238095	-0.055952380952380955	0	5	90	7.3478807948841188e-16	6.4047619047619051	-1	-9.0	5.4047619047619051	0.0	-5.5952380952380949	1	1
3.709012031555176	0	-2.126190476190476	-0.25178571428571406	-2.1261904761904762	-0.25178571428571428	0	5	90	7.3478807948841188e-16	6.4047619047619051	-1	-9.0	5.4047619047619051	0.0	-5.5952380952380949	1	1
3.725590944290161	0	-1.7625	-0.55952380952380931	-1.7625	-0.55952380952380953	0	5	90	7.3478807948841188e-16	6.4047619047619051	-1	-9.0	5.4047619047619051	0.0	-5.5952380952380949	1	1
3.7421679496765137	0	-1.5946428571428573	-0.72738095238095202	-1.5946428571428573	-0.72738095238095235	0	5	90	7.3478807948841188e-16	6.4047619047619051	-1	-9.0	5.4047619047619051	0.0	-5.5952380952380949	1	1
3.758833885192871	0	-1.286904761904762	-1.0071428571428571	-1.286904761904762	-1.0071428571428571	0	5	90	7.3478807948841188e-16	6.4047619047619051	-1	-9.0	5.4047619047619051	0.0	-5.5952380952380949	1	1
3.775402069091797	0	-1.0351190476190477	-1.2869047619047622	-1.0351190476190477	-1.286904761904762	0	5	90	7.3478807948841188e-16	6.4047619047619051	-1	-9.0	5.4047619047619051	0.0	-5.5952380952380949	1	1
3.7919728755950928	0	-0.9232142857142858	-1.3988095238095237	-0.92321428571428577	-1.3988095238095237	0	5	90	7.3478807948841188e-16	6.4047619047619051	-1	-9.0	5.4047619047619051	0.0	-5.5952380952380949	1	1
3.808616876602173	0	-0.6994047619047619	-1.6226190476190476	-0.69940476190476186	-1.6226190476190476	0	5	90	7.3478807948841188e-16	6.4047619047619051	-1	-9.0	5.4047619047619051	0.0	-5.5952380952380949	1	1
3.8250420093536377	0	-0.531547619047619	-1.8184523809523809	-0.53154761904761905	-1.8184523809523809	0	5	90	7.3478807948841188e-16	6.4047619047619051	-1	-9.0	5.4047619047619051	0.0	-5.5952380952380949	1	1
3.841446876525879	0	-0.47559523809523807	-1.9303571428571429	-0.47559523809523807	-1.9303571428571429	0	5	90	7.3478807948841188e-16	6.4047619047619051	-1	-9.0	5.4047619047619051	0.0	-5.5952380952380949	1	1
3.8580799102783203	0	-0.3357142857142857	-2.0702380952380954	-0.33571428571428569	-2.0702380952380954	0	5	90	7.3478807948841188e-16	6.4047619047619051	-1	-9.0	5.4047619047619051	0.0	-5.5952380952380949	1	1
3.874687910079956	0	-0.2517857142857143	-2.2101190476190475	-0.25178571428571428	-2.2101190476190475	0	5	90	7.3478807948841188e-16	6.4047619047619051	-1	-9.0	5.4047619047619051	0.0	-5.5952380952380949	1	1
3.8912580013275146	0	-0.19583333333333333	-2.2660714285714287	-0.19583333333333333	-2.2660714285714287	0	5	90	7.3478807948841188e-16	6.4047619047619051	-1	-9.0	5.4047619047619051	0.0	-5.5952380952380949	1	1
3.907834053039551	0	-0.11190476190476191	-2.4059523809523808	-0.11190476190476191	-2.4059523809523808	0	5	90	7.3478807948841188e-16	6.4047619047619051	-1	-9.0	5.4047619047619051	0.0	-5.5952380952380949	1	1
3.9242708683013916	0	-0.055952380952380955	-2.5458333333333334	-0.055952380952380955	-2.5458333333333334	0	5	90	7.3478807948841188e-16	6.4047619047619051	-1	-9.0	5.4047619047619051	0.0	-5.5952380952380949	1	1
3.9408159255981445	0	0.0	-2.6017857142857141	0.0	-2.6017857142857141	0	5	90	7.3478807948841188e-16	6.4047619047619051	-1	-9.0	5.4047619047619051	0.0	-5.5952380952380949	1	1
3.957418918609619	0	0.055952380952380955	-2.7416666666666667	0.055952380952380955	-2.7416666666666667	0	5	90	7.3478807948841188e-16	6.4047619047619051	-1	-9.0	5.4047619047619051	0.0	-5.5952380952380949	1	1
3.9740209579467773	0	0.08392857142857142	-2.7976190476190474	0.083928571428571422	-2.7976190476190474	0	5	90	7.3478807948841188e-16	6.4047619047619051	-1	-9.0	5.4047619047619051	0.0	-5.5952380952380949	1	1
3.9905779361724854	0	0.13988095238095238	-2.9375	0.13988095238095238	-2.9375	0	5	90	7.3478807948841188e-16	6.4047619047619051	-1	-9.0	5.4047619047619051	0.0	-5.5952380952380949	1	1
4.007544994354248	0	0.19583333333333333	-3.0773809523809526	0.19583333333333333	-3.0773809523809526	0	5	90	7.3478807948841188e-16	6.4047619047619051	-1	-9.0	5.4047619047619051	0.0	-5.5952380952380949	1	1
4.024101972579956	0	0.27976190476190477	-3.2172619047619047	0.27976190476190477	-3.2172619047619047	0	5	90	7.3478807948841188e-16	6.4047619047619051	-1	-9.0	5.4047619047619051	0.0	-5.5952380952380949	1	1
4.040703058242798	0	0.30773809523809526	-3.301190476190476	0.30773809523809526	-3.301190476190476	0	5	90	7.3478807948841188e-16	6.4047619047619051	-1	-9.0	5.4047619047619051	0.0	-5.5952380952380949	1	1
4.057296991348267	0	0.3636904761904762	-3.4690476190476192	0.36369047619047618	-3.4690476190476192	0	5	90	7.3478807948841188e-16	6.4047619047619051	-1	-9.0	5.4047619047619051	0.0	-5.5952380952380949	1	1
4.0739099979400635	0	0.41964285714285715	-3.5249999999999999	0.41964285714285715	-3.5249999999999999	0	5	90	7.3478807948841188e-16	6.4047619047619051	-1	-9.0	5.4047619047619051	0.0	-5.5952380952380949	1	1
4.090385913848877	0	0.47559523809523807	-3.6928571428571431	0.47559523809523807	-3.6928571428571431	0	5	90	7.3478807948841188e-16	6.4047619047619051	-1	-9.0	5.4047619047619051	0.0	-5.5952380952380949	1	1
4.107086896896362	0	0.531547619047619	-3.8327380952380952	0.53154761904761905	-3.8327380952380952	0	5	90	7.3478807948841188e-16	6.4047619047619051	-1	-9.0	5.4047619047619051	0.0	-5.5952380952380949	1	1
4.123686075210571	0	0.5595238095238095	-3.8886904761904764	0.55952380952380953	-3.8886904761904764	0	5	90	7.3478807948841188e-16	6.4047619047619051	-1	-9.0	5.4047619047619051	0.0	-5.5952380952380949	1	1
4.140317916870117	0	0.6154761904761905	-4.0565476190476186	0.61547619047619051	-4.0565476190476186	0	5	90	7.3478807948841188e-16	6.4047619047619051	-1	-9.0	5.4047619047619051	0.0	-5.5952380952380949	1	1
4.156847953796387	0	0.6714285714285714	-4.1964285714285712	0.67142857142857137	-4.1964285714285712	0	5	90	7.3478807948841188e-16	6.4047619047619051	-1	-9.0	5.4047619047619051	0.0	-5.5952380952380949	1	1
4.173192024230957	0	0.7273809523809524	-4.2803571428571425	0.72738095238095235	-4.2803571428571425	0	5	90	7.3478807948841188e-16	6.4047619047619051	-1	-9.0	5.4047619047619051	0.0	-5.5952380952380949	1	1
4.18971586227417	0	0.7833333333333333	-4.4202380952380951	0.78333333333333333	-4.4202380952380951	0	5	90	7.3478807948841188e-16	6.4047619047619051	-1	-9.0	5.4047619047619051	0.0	-5.5952380952380949	1	1
4.206444025039673	0	0.8392857142857143	-4.5601190476190476	0.8392857142857143	-4.5601190476190476	0	5	90	7.3478807948841188e-16	6.4047619047619051	-1	-9.0	5.4047619047619051	0.0	-5.5952380952380949	1	1
4.223036050796509	0	0.8672619047619048	-4.644047619047619	0.86726190476190479	-4.644047619047619	0	5	90	7.3478807948841188e-16	6.4047619047619051	-1	-9.0	5.4047619047619051	0.0	-5.5952380952380949	1	1
4.239729881286621	0	0.9232142857142858	-4.7279761904761903	0.92321428571428577	-4.7279761904761903	0	5	90	7.3478807948841188e-16	6.4047619047619051	-1	-9.0	5.4047619047619051	0.0	-5.5952380952380949	1	1
4.256331920623779	0	0.9511904761904761	-4.8119047619047617	0.95119047619047614	-4.8119047619047617	0	5	90	7.3478807948841188e-16	6.4047619047619051	-1	-9.0	5.4047619047619051	0.0	-5.5952380952380949	1	1
4.272984981536865	0	0.9791666666666666	-4.8678571428571429	0.97916666666666663	-4.8678571428571429	0	5	90	7.3478807948841188e-16	6.4047619047619051	-1	-9.0	5.4047619047619051	0.0	-5.5952380952380949	1	1
4.289550065994263	0	0.9791666666666666	-4.9238095238095241	0.97916666666666663	-4.9238095238095241	0	5	90	7.3478807948841188e-16	6.4047619047619051	-1	-9.0	5.4047619047619051	0.0	-5.5952380952380949	1	1
4.306055068969727	0	0.9791666666666666	-4.9797619047619044	0.97916666666666663	-4.9797619047619044	0	5	90	7.3478807948841188e-16	6.4047619047619051	-1	-9.0	5.4047619047619051	0.0	-5.5952380952380949	1	1
4.322955846786499	0	0.9791666666666666	-5.0077380952380954	0.97916666666666663	-5.0077380952380954	0	5	90	7.3478807948841188e-16	6.4047619047619051	-1	-9.0	5.4047619047619051	0.0	-5.5952380952380949	1	1
4.339619874954224	0	0.9511904761904761	-5.0916666666666668	0.95119047619047614	-5.0916666666666668	0	5	90	7.3478807948841188e-16	6.4047619047619051	-1	-9.0	5.4047619047619051	0.0	-5.5952380952380949	1	1
4.356168031692505	0	0.8952380952380953	-5.1755952380952381	0.89523809523809528	-5.1755952380952381	0	5	90	7.3478807948841188e-16	6.4047619047619051	-1	-9.0	5.4047619047619051	0.0	-5.5952380952380949	1	1
4.372822046279907	0	0.8392857142857143	-5.2315476190476193	0.8392857142857143	-5.2315476190476193	0	5	90	7.3478807948841188e-16	6.4047619047619051	-1	-9.0	5.4047619047619051	0.0	-5.5952380952380949	1	1
4.38926887512207	0	0.7273809523809524	-5.3434523809523808	0.72738095238095235	-5.3434523809523808	0	5	90	7.3478807948841188e-16	6.4047619047619051	-1	-9.0	5.4047619047619051	0.0	-5.5952380952380949	1	1
4.405977010726929	0	0.643452380952381	-5.4273809523809522	0.643452380952381	-5.4273809523809522	0	5	90	7.3478807948841188e-16	6.4047619047619051	-1	-9.0	5.4047619047619051	0.0	-5.5952380952380949	1	1
4.422541856765747	0	0.6154761904761905	-5.4553571428571432	0.61547619047619051	-5.4553571428571432	0	5	90	7.3478807948841188e-16	6.4047619047619051	-1	-9.0	5.4047619047619051	0.0	-5.5952380952380949	1	1
4.439157009124756	0	0.5875	-5.5113095238095235	0.58750000000000002	-5.5113095238095235	0	5	90	7.3478807948841188e-16	6.4047619047619051	-1	-9.0	5.4047619047619051	0.0	-5.5952380952380949	1	1
4.455770015716553	0	0.5595238095238095	-5.5392857142857146	0.55952380952380953	-5.5392857142857146	0	5	90	7.3478807948841188e-16	6.4047619047619051	-1	-9.0	5.4047619047619051	0.0	-5.5952380952380949	1	1
4.4723780155181885	0	0.531547619047619	-5.5672619047619047	0.53154761904761905	-5.5672619047619047	0	5	90	7.3478807948841188e-16	6.4047619047619051	-1	-9.0	5.4047619047619051	0.0	-5.5952380952380949	1	1
