time	trial	cursorx	cursory	hand_x	hand_Y	rotation	step	targetangle	targetposx	targetposy	garagelocation	garageposx	garageposy	homex	homey	group	trial_type
0.0	0	-0.16785714285714284	-5.7071428571428573	-0.16785714285714284	-5.7071428571428573	0	5	90	7.3478807948841188e-16	6.4047619047619051	1	9.0	5.4047619047619051	0.0	-5.5952380952380949	1	-1
0.008996963500976562	0	-0.16785714285714284	-5.7071428571428573	-0.16785714285714284	-5.7071428571428573	0	1	90	7.3478807948841188e-16	6.4047619047619051	1	9.0	5.4047619047619051	0.0	-5.5952380952380949	1	-1
0.02366495132446289	0	-0.16785714285714284	-5.7071428571428573	-0.16785714285714284	-5.7071428571428573	0	1	90	7.3478807948841188e-16	6.4047619047619051	1	9.0	5.4047619047619051	0.0	-5.5952380952380949	1	-1
0.04018712043762207	0	-0.16785714285714284	-5.7071428571428573	-0.16785714285714284	-5.7071428571428573	0	1	90	7.3478807948841188e-16	6.4047619047619051	1	9.0	5.4047619047619051	0.0	-5.5952380952380949	1	-1
0.05638313293457031	0	-0.16785714285714284	-5.7071428571428573	-0.16785714285714284	-5.7071428571428573	0	1	90	7.3478807948841188e-16	6.4047619047619051	1	9.0	5.4047619047619051	0.0	-5.5952380952380949	1	-1
0.07331395149230957	0	-0.16785714285714284	-5.7071428571428573	-0.16785714285714284	-5.7071428571428573	0	1	90	7.3478807948841188e-16	6.4047619047619051	1	9.0	5.4047619047619051	0.0	-5.5952380952380949	1	-1
0.08991098403930664	0	-0.16785714285714284	-5.7071428571428573	-0.16785714285714284	-5.7071428571428573	0	1	90	7.3478807948841188e-16	6.4047619047619051	1	9.0	5.4047619047619051	0.0	-5.5952380952380949	1	-1
0.10643315315246582	0	-0.16785714285714284	-5.7071428571428573	-0.16785714285714284	-5.7071428571428573	0	1	90	7.3478807948841188e-16	6.4047619047619051	1	9.0	5.4047619047619051	0.0	-5.5952380952380949	1	-1
0.12309598922729492	0	-0.16785714285714284	-5.7071428571428573	-0.16785714285714284	-5.7071428571428573	0	1	90	7.3478807948841188e-16	6.4047619047619051	1	9.0	5.4047619047619051	0.0	-5.5952380952380949	1	-1
0.13979411125183105	0	-0.16785714285714284	-5.7071428571428573	-0.16785714285714284	-5.7071428571428573	0	1	90	7.3478807948841188e-16	6.4047619047619051	1	9.0	5.4047619047619051	0.0	-5.5952380952380949	1	-1
0.15639901161193848	0	-0.16785714285714284	-5.7071428571428573	-0.16785714285714284	-5.7071428571428573	0	1	90	7.3478807948841188e-16	6.4047619047619051	1	9.0	5.4047619047619051	0.0	-5.5952380952380949	1	-1
0.17293310165405273	0	-0.16785714285714284	-5.7071428571428573	-0.16785714285714284	-5.7071428571428573	0	1	90	7.3478807948841188e-16	6.4047619047619051	1	9.0	5.4047619047619051	0.0	-5.5952380952380949	1	-1
0.18951416015625	0	-0.16785714285714284	-5.7071428571428573	-0.16785714285714284	-5.7071428571428573	0	1	90	7.3478807948841188e-16	6.4047619047619051	1	9.0	5.4047619047619051	0.0	-5.5952380952380949	1	-1
0.20606708526611328	0	-0.16785714285714284	-5.7071428571428573	-0.16785714285714284	-5.7071428571428573	0	1	90	7.3478807948841188e-16	6.4047619047619051	1	9.0	5.4047619047619051	0.0	-5.5952380952380949	1	-1
0.2227160930633545	0	-0.16785714285714284	-5.7071428571428573	-0.16785714285714284	-5.7071428571428573	0	1	90	7.3478807948841188e-16	6.4047619047619051	1	9.0	5.4047619047619051	0.0	-5.5952380952380949	1	-1
0.23931598663330078	0	-0.16785714285714284	-5.7071428571428573	-0.16785714285714284	-5.7071428571428573	0	1	90	7.3478807948841188e-16	6.4047619047619051	1	9.0	5.4047619047619051	0.0	-5.5952380952380949	1	-1
0.2559170722961426	0	-0.16785714285714284	-5.7071428571428573	-0.16785714285714284	-5.7071428571428573	0	1	90	7.3478807948841188e-16	6.4047619047619051	1	9.0	5.4047619047619051	0.0	-5.5952380952380949	1	-1
0.27248501777648926	0	-0.16785714285714284	-5.7071428571428573	-0.16785714285714284	-5.7071428571428573	0	1	90	7.3478807948841188e-16	6.4047619047619051	1	9.0	5.4047619047619051	0.0	-5.5952380952380949	1	-1
0.28883814811706543	0	-0.16785714285714284	-5.7071428571428573	-0.16785714285714284	-5.7071428571428573	0	1	90	7.3478807948841188e-16	6.4047619047619051	1	9.0	5.4047619047619051	0.0	-5.5952380952380949	1	-1
0.30542516708374023	0	-0.16785714285714284	-5.7071428571428573	-0.16785714285714284	-5.7071428571428573	0	1	90	7.3478807948841188e-16	6.4047619047619051	1	9.0	5.4047619047619051	0.0	-5.5952380952380949	1	-1
0.32193994522094727	0	-0.16785714285714284	-5.7071428571428573	-0.16785714285714284	-5.7071428571428573	0	1	90	7.3478807948841188e-16	6.4047619047619051	1	9.0	5.4047619047619051	0.0	-5.5952380952380949	1	-1
0.33857011795043945	0	-0.16785714285714284	-5.6791666666666663	-0.16785714285714284	-5.6791666666666663	0	1	90	7.3478807948841188e-16	6.4047619047619051	1	9.0	5.4047619047619051	0.0	-5.5952380952380949	1	-1
0.35526299476623535	0	-0.16785714285714284	-5.6791666666666663	-0.16785714285714284	-5.6791666666666663	0	1	90	7.3478807948841188e-16	6.4047619047619051	1	9.0	5.4047619047619051	0.0	-5.5952380952380949	1	-1
0.3719151020050049	0	-0.16785714285714284	-5.6791666666666663	-0.16785714285714284	-5.6791666666666663	0	1	90	7.3478807948841188e-16	6.4047619047619051	1	9.0	5.4047619047619051	0.0	-5.5952380952380949	1	-1
0.38848400115966797	0	-0.16785714285714284	-5.6791666666666663	-0.16785714285714284	-5.6791666666666663	0	1	90	7.3478807948841188e-16	6.4047619047619051	1	9.0	5.4047619047619051	0.0	-5.5952380952380949	1	-1
0.40509605407714844	0	-0.16785714285714284	-5.6511904761904761	-0.16785714285714284	-5.6511904761904761	0	1	90	7.3478807948841188e-16	6.4047619047619051	1	9.0	5.4047619047619051	0.0	-5.5952380952380949	1	-1
0.4217109680175781	0	-0.19583333333333333	-5.5672619047619047	-0.19583333333333333	-5.5672619047619047	0	1	90	7.3478807948841188e-16	6.4047619047619051	1	9.0	5.4047619047619051	0.0	-5.5952380952380949	1	-1
0.4384610652923584	0	-0.19583333333333333	-5.4833333333333334	-0.19583333333333333	-5.4833333333333334	0	1	90	7.3478807948841188e-16	6.4047619047619051	1	9.0	5.4047619047619051	0.0	-5.5952380952380949	1	-1
0.45517897605895996	0	-0.19583333333333333	-5.3434523809523808	-0.19583333333333333	-5.3434523809523808	0	1	90	7.3478807948841188e-16	6.4047619047619051	1	9.0	5.4047619047619051	0.0	-5.5952380952380949	1	-1
0.4717569351196289	0	-0.19583333333333333	-5.2595238095238095	-0.19583333333333333	-5.2595238095238095	0	1	90	7.3478807948841188e-16	6.4047619047619051	1	9.0	5.4047619047619051	0.0	-5.5952380952380949	1	-1
0.4883561134338379	0	-0.22380952380952382	-5.0636904761904766	-0.22380952380952382	-5.0636904761904766	0	1	90	7.3478807948841188e-16	6.4047619047619051	1	9.0	5.4047619047619051	0.0	-5.5952380952380949	1	-1
0.5048129558563232	0	-0.22380952380952382	-4.895833333333333	-0.22380952380952382	-4.895833333333333	0	1	90	7.3478807948841188e-16	6.4047619047619051	1	9.0	5.4047619047619051	0.0	-5.5952380952380949	1	-1
0.5215110778808594	0	-0.2517857142857143	-4.6720238095238091	-0.25178571428571428	-4.6720238095238091	0	1	90	7.3478807948841188e-16	6.4047619047619051	1	9.0	5.4047619047619051	0.0	-5.5952380952380949	1	-1
0.5381181240081787	0	-0.2517857142857143	-4.5601190476190476	-0.25178571428571428	-4.5601190476190476	0	1	90	7.3478807948841188e-16	6.4047619047619051	1	9.0	5.4047619047619051	0.0	-5.5952380952380949	1	-1
0.5547630786895752	0	-0.27976190476190477	-4.3083333333333336	-0.27976190476190477	-4.3083333333333336	0	1	90	7.3478807948841188e-16	6.4047619047619051	1	9.0	5.4047619047619051	0.0	-5.5952380952380949	1	-1
0.5713269710540771	0	-0.27976190476190477	-4.168452380952381	-0.27976190476190477	-4.168452380952381	0	1	90	7.3478807948841188e-16	6.4047619047619051	1	9.0	5.4047619047619051	0.0	-5.5952380952380949	1	-1
0.587928056716919	0	-0.30773809523809526	-3.9166666666666665	-0.30773809523809526	-3.9166666666666665	0	1	90	7.3478807948841188e-16	6.4047619047619051	1	9.0	5.4047619047619051	0.0	-5.5952380952380949	1	-1
0.6042101383209229	0	-0.30773809523809526	-3.6089285714285713	-0.30773809523809526	-3.6089285714285713	0	1	90	7.3478807948841188e-16	6.4047619047619051	1	9.0	5.4047619047619051	0.0	-5.5952380952380949	1	-1
0.6208720207214355	0	-0.30773809523809526	-3.4690476190476192	-0.30773809523809526	-3.4690476190476192	0	1	90	7.3478807948841188e-16	6.4047619047619051	1	9.0	5.4047619047619051	0.0	-5.5952380952380949	1	-1
0.6374509334564209	0	-0.3357142857142857	-3.1613095238095239	-0.33571428571428569	-3.1613095238095239	0	2	90	7.3478807948841188e-16	6.4047619047619051	1	9.0	5.4047619047619051	0.0	-5.5952380952380949	1	-1
0.6540710926055908	0	-0.3357142857142857	-2.8535714285714286	-0.33571428571428569	-2.8535714285714286	0	2	90	7.3478807948841188e-16	6.4047619047619051	1	9.0	5.4047619047619051	0.0	-5.5952380952380949	1	-1
0.6705939769744873	0	-0.3357142857142857	-2.6857142857142855	-0.33571428571428569	-2.6857142857142855	0	2	90	7.3478807948841188e-16	6.4047619047619051	1	9.0	5.4047619047619051	0.0	-5.5952380952380949	1	-1
0.6872191429138184	0	-0.3357142857142857	-2.3500000000000001	-0.33571428571428569	-2.3500000000000001	0	2	90	7.3478807948841188e-16	6.4047619047619051	1	9.0	5.4047619047619051	0.0	-5.5952380952380949	1	-1
0.7037670612335205	0	-0.3357142857142857	-2.1821428571428569	-0.33571428571428569	-2.1821428571428569	0	2	90	7.3478807948841188e-16	6.4047619047619051	1	9.0	5.4047619047619051	0.0	-5.5952380952380949	1	-1
0.7203769683837891	0	-0.3357142857142857	-1.8464285714285715	-0.33571428571428569	-1.8464285714285715	0	2	90	7.3478807948841188e-16	6.4047619047619051	1	9.0	5.4047619047619051	0.0	-5.5952380952380949	1	-1
0.7369880676269531	0	-0.3357142857142857	-1.5107142857142861	-0.33571428571428569	-1.5107142857142857	0	2	90	7.3478807948841188e-16	6.4047619047619051	1	9.0	5.4047619047619051	0.0	-5.5952380952380949	1	-1
0.7537729740142822	0	-0.3357142857142857	-1.1749999999999998	-0.33571428571428569	-1.175	0	2	90	7.3478807948841188e-16	6.4047619047619051	1	9.0	5.4047619047619051	0.0	-5.5952380952380949	1	-1
0.7701690196990967	0	-0.3357142857142857	-1.0071428571428571	-0.33571428571428569	-1.0071428571428571	0	2	90	7.3478807948841188e-16	6.4047619047619051	1	9.0	5.4047619047619051	0.0	-5.5952380952380949	1	-1
0.7867529392242432	0	-0.30773809523809526	-0.67142857142857171	-0.30773809523809526	-0.67142857142857137	0	2	90	7.3478807948841188e-16	6.4047619047619051	1	9.0	5.4047619047619051	0.0	-5.5952380952380949	1	-1
0.8033480644226074	0	-0.27976190476190477	-0.50357142857142811	-0.27976190476190477	-0.50357142857142856	0	2	90	7.3478807948841188e-16	6.4047619047619051	1	9.0	5.4047619047619051	0.0	-5.5952380952380949	1	-1
0.8199939727783203	0	-0.2517857142857143	-0.13988095238095255	-0.25178571428571428	-0.13988095238095238	0	2	90	7.3478807948841188e-16	6.4047619047619051	1	9.0	5.4047619047619051	0.0	-5.5952380952380949	1	-1
0.8365540504455566	0	-0.16785714285714284	0.2238095238095239	-0.16785714285714284	0.22380952380952382	0	2	90	7.3478807948841188e-16	6.4047619047619051	1	9.0	5.4047619047619051	0.0	-5.5952380952380949	1	-1
0.8532660007476807	0	-0.11190476190476191	0.58750000000000036	-0.11190476190476191	0.58750000000000002	0	2	90	7.3478807948841188e-16	6.4047619047619051	1	9.0	5.4047619047619051	0.0	-5.5952380952380949	1	-1
0.8697750568389893	0	-0.11190476190476191	0.78333333333333321	-0.11190476190476191	0.78333333333333333	0	2	90	7.3478807948841188e-16	6.4047619047619051	1	9.0	5.4047619047619051	0.0	-5.5952380952380949	1	-1
0.8863589763641357	0	-0.055952380952380955	1.1470238095238097	-0.055952380952380955	1.1470238095238094	0	2	90	7.3478807948841188e-16	6.4047619047619051	1	9.0	5.4047619047619051	0.0	-5.5952380952380949	1	-1
0.9029250144958496	0	0.0	1.3148809523809524	0.0	1.3148809523809524	0	2	90	7.3478807948841188e-16	6.4047619047619051	1	9.0	5.4047619047619051	0.0	-5.5952380952380949	1	-1
0.9194941520690918	0	0.055952380952380955	1.6785714285714288	0.055952380952380955	1.6785714285714286	0	2	90	7.3478807948841188e-16	6.4047619047619051	1	9.0	5.4047619047619051	0.0	-5.5952380952380949	1	-1
0.936352014541626	0	0.13988095238095238	2.0422619047619044	0.13988095238095238	2.0422619047619048	0	2	90	7.3478807948841188e-16	6.4047619047619051	1	9.0	5.4047619047619051	0.0	-5.5952380952380949	1	-1
0.9529759883880615	0	0.22380952380952382	2.3779761904761907	0.22380952380952382	2.3779761904761907	0	2	90	7.3478807948841188e-16	6.4047619047619051	1	9.0	5.4047619047619051	0.0	-5.5952380952380949	1	-1
0.9696199893951416	0	0.2517857142857143	2.5458333333333343	0.25178571428571428	2.5458333333333334	0	2	90	7.3478807948841188e-16	6.4047619047619051	1	9.0	5.4047619047619051	0.0	-5.5952380952380949	1	-1
0.9861581325531006	0	0.30773809523809526	2.8815476190476197	0.30773809523809526	2.8815476190476192	0	2	90	7.3478807948841188e-16	6.4047619047619051	1	9.0	5.4047619047619051	0.0	-5.5952380952380949	1	-1
1.0027589797973633	0	0.3357142857142857	3.0214285714285722	0.33571428571428569	3.0214285714285714	0	2	90	7.3478807948841188e-16	6.4047619047619051	1	9.0	5.4047619047619051	0.0	-5.5952380952380949	1	-1
1.0194289684295654	0	0.3636904761904762	3.3291666666666657	0.36369047619047618	3.3291666666666666	0	2	90	7.3478807948841188e-16	6.4047619047619051	1	9.0	5.4047619047619051	0.0	-5.5952380952380949	1	-1
1.0359930992126465	0	0.39166666666666666	3.6648809523809529	0.39166666666666666	3.6648809523809525	0	2	90	7.3478807948841188e-16	6.4047619047619051	1	9.0	5.4047619047619051	0.0	-5.5952380952380949	1	-1
1.0525059700012207	0	0.44761904761904764	3.9726190476190482	0.44761904761904764	3.9726190476190477	0	2	90	7.3478807948841188e-16	6.4047619047619051	1	9.0	5.4047619047619051	0.0	-5.5952380952380949	1	-1
1.0692150592803955	0	0.44761904761904764	4.1125000000000007	0.44761904761904764	4.1124999999999998	0	2	90	7.3478807948841188e-16	6.4047619047619051	1	9.0	5.4047619047619051	0.0	-5.5952380952380949	1	-1
1.0857601165771484	0	0.47559523809523807	4.4202380952380942	0.47559523809523807	4.4202380952380951	0	2	90	7.3478807948841188e-16	6.4047619047619051	1	9.0	5.4047619047619051	0.0	-5.5952380952380949	1	-1
1.1020691394805908	0	0.5035714285714286	4.5880952380952387	0.50357142857142856	4.5880952380952378	0	2	90	7.3478807948841188e-16	6.4047619047619051	1	9.0	5.4047619047619051	0.0	-5.5952380952380949	1	-1
1.1186230182647705	0	0.531547619047619	4.8678571428571438	0.53154761904761905	4.8678571428571429	0	2	90	7.3478807948841188e-16	6.4047619047619051	1	9.0	5.4047619047619051	0.0	-5.5952380952380949	1	-1
1.1352300643920898	0	0.5595238095238095	5.1476190476190489	0.55952380952380953	5.147619047619048	0	2	90	7.3478807948841188e-16	6.4047619047619051	1	9.0	5.4047619047619051	0.0	-5.5952380952380949	1	-1
1.1518280506134033	0	0.5875	5.2874999999999996	0.58750000000000002	5.2874999999999996	0	2	90	7.3478807948841188e-16	6.4047619047619051	1	9.0	5.4047619047619051	0.0	-5.5952380952380949	1	-1
1.1684889793395996	0	0.6154761904761905	5.5672619047619047	0.61547619047619051	5.5672619047619047	0	2	90	7.3478807948841188e-16	6.4047619047619051	1	9.0	5.4047619047619051	0.0	-5.5952380952380949	1	-1
1.1850390434265137	0	0.6714285714285714	5.8190476190476197	0.67142857142857137	5.8190476190476188	0	2	90	7.3478807948841188e-16	6.4047619047619051	1	9.0	5.4047619047619051	0.0	-5.5952380952380949	1	-1
1.201611042022705	0	0.6994047619047619	5.9309523809523803	0.69940476190476186	5.9309523809523812	0	2	90	7.3478807948841188e-16	6.4047619047619051	1	9.0	5.4047619047619051	0.0	-5.5952380952380949	1	-1
1.2182440757751465	0	0.7273809523809524	6.1547619047619051	0.72738095238095235	6.1547619047619051	0	2	90	7.3478807948841188e-16	6.4047619047619051	1	9.0	5.4047619047619051	0.0	-5.5952380952380949	1	-1
1.234807014465332	0	0.7833333333333333	6.3785714285714299	0.78333333333333333	6.378571428571429	0	2	90	7.3478807948841188e-16	6.4047619047619051	1	9.0	5.4047619047619051	0.0	-5.5952380952380949	1	-1
1.2516770362854004	0	0.7833333333333333	6.4625000000000004	0.78333333333333333	6.4625000000000004	0	2	90	7.3478807948841188e-16	6.4047619047619051	1	9.0	5.4047619047619051	0.0	-5.5952380952380949	1	-1
1.2683179378509521	0	0.8113095238095238	6.6303571428571431	0.81130952380952381	6.6303571428571431	0	2	90	7.3478807948841188e-16	6.4047619047619051	1	9.0	5.4047619047619051	0.0	-5.5952380952380949	1	-1
1.2848000526428223	0	0.8113095238095238	6.7422619047619037	0.81130952380952381	6.7422619047619046	0	2	90	7.3478807948841188e-16	6.4047619047619051	1	9.0	5.4047619047619051	0.0	-5.5952380952380949	1	-1
1.301419973373413	0	0.8392857142857143	6.7702380952380956	0.8392857142857143	6.7702380952380956	0	2	90	7.3478807948841188e-16	6.4047619047619051	1	9.0	5.4047619047619051	0.0	-5.5952380952380949	1	-1
1.318047046661377	0	0.8392857142857143	6.8261904761904759	0.8392857142857143	6.8261904761904759	0	2	90	7.3478807948841188e-16	6.4047619047619051	1	9.0	5.4047619047619051	0.0	-5.5952380952380949	1	-1
1.3346080780029297	0	0.8392857142857143	6.8541666666666679	0.8392857142857143	6.854166666666667	0	2	90	7.3478807948841188e-16	6.4047619047619051	1	9.0	5.4047619047619051	0.0	-5.5952380952380949	1	-1
1.3512461185455322	0	0.8392857142857143	6.8541666666666679	0.8392857142857143	6.854166666666667	0	2	90	7.3478807948841188e-16	6.4047619047619051	1	9.0	5.4047619047619051	0.0	-5.5952380952380949	1	-1
1.3678920269012451	0	0.8392857142857143	6.8541666666666679	0.8392857142857143	6.854166666666667	0	2	90	7.3478807948841188e-16	6.4047619047619051	1	9.0	5.4047619047619051	0.0	-5.5952380952380949	1	-1
1.3844189643859863	0	0.8392857142857143	6.8541666666666679	0.8392857142857143	6.854166666666667	0	2	90	7.3478807948841188e-16	6.4047619047619051	1	9.0	5.4047619047619051	0.0	-5.5952380952380949	1	-1
1.4010190963745117	0	0.8392857142857143	6.8541666666666679	0.8392857142857143	6.854166666666667	0	2	90	7.3478807948841188e-16	6.4047619047619051	1	9.0	5.4047619047619051	0.0	-5.5952380952380949	1	-1
1.4174039363861084	0	0.8392857142857143	6.8821428571428562	0.8392857142857143	6.8821428571428571	0	2	90	7.3478807948841188e-16	6.4047619047619051	1	9.0	5.4047619047619051	0.0	-5.5952380952380949	1	-1
1.4339361190795898	0	0.8392857142857143	6.8821428571428562	0.8392857142857143	6.8821428571428571	0	2	90	7.3478807948841188e-16	6.4047619047619051	1	9.0	5.4047619047619051	0.0	-5.5952380952380949	1	-1
1.4505081176757812	0	0.8392857142857143	6.8821428571428562	0.8392857142857143	6.8821428571428571	0	2	90	7.3478807948841188e-16	6.4047619047619051	1	9.0	5.4047619047619051	0.0	-5.5952380952380949	1	-1
1.4672069549560547	0	0.8392857142857143	6.8541666666666679	0.8392857142857143	6.854166666666667	0	2	90	7.3478807948841188e-16	6.4047619047619051	1	9.0	5.4047619047619051	0.0	-5.5952380952380949	1	-1
1.4837450981140137	0	0.8392857142857143	6.8541666666666679	0.8392857142857143	6.854166666666667	0	2	90	7.3478807948841188e-16	6.4047619047619051	1	9.0	5.4047619047619051	0.0	-5.5952380952380949	1	-1
1.500317096710205	0	0.8392857142857143	6.8541666666666679	0.8392857142857143	6.854166666666667	0	2	90	7.3478807948841188e-16	6.4047619047619051	1	9.0	5.4047619047619051	0.0	-5.5952380952380949	1	-1
1.5169110298156738	0	0.8392857142857143	6.8541666666666679	0.8392857142857143	6.854166666666667	0	2	90	7.3478807948841188e-16	6.4047619047619051	1	9.0	5.4047619047619051	0.0	-5.5952380952380949	1	-1
1.5334899425506592	0	0.8392857142857143	6.8541666666666679	0.8392857142857143	6.854166666666667	0	2	90	7.3478807948841188e-16	6.4047619047619051	1	9.0	5.4047619047619051	0.0	-5.5952380952380949	1	-1
1.5501251220703125	0	0.8392857142857143	6.8541666666666679	0.8392857142857143	6.854166666666667	0	2	90	7.3478807948841188e-16	6.4047619047619051	1	9.0	5.4047619047619051	0.0	-5.5952380952380949	1	-1
1.5667150020599365	0	0.8392857142857143	6.8541666666666679	0.8392857142857143	6.854166666666667	0	2	90	7.3478807948841188e-16	6.4047619047619051	1	9.0	5.4047619047619051	0.0	-5.5952380952380949	1	-1
1.583578109741211	0	0.8392857142857143	6.8541666666666679	0.8392857142857143	6.854166666666667	0	2	90	7.3478807948841188e-16	6.4047619047619051	1	9.0	5.4047619047619051	0.0	-5.5952380952380949	1	-1
1.6001341342926025	0	0.8392857142857143	6.8541666666666679	0.8392857142857143	6.854166666666667	0	2	90	7.3478807948841188e-16	6.4047619047619051	1	9.0	5.4047619047619051	0.0	-5.5952380952380949	1	-1
1.6167480945587158	0	0.8392857142857143	6.8541666666666679	0.8392857142857143	6.854166666666667	0	2	90	7.3478807948841188e-16	6.4047619047619051	1	9.0	5.4047619047619051	0.0	-5.5952380952380949	1	-1
1.6332850456237793	0	0.8392857142857143	6.8541666666666679	0.8392857142857143	6.854166666666667	0	2	90	7.3478807948841188e-16	6.4047619047619051	1	9.0	5.4047619047619051	0.0	-5.5952380952380949	1	-1
1.6499440670013428	0	0.8392857142857143	6.8541666666666679	0.8392857142857143	6.854166666666667	0	2	90	7.3478807948841188e-16	6.4047619047619051	1	9.0	5.4047619047619051	0.0	-5.5952380952380949	1	-1
1.6665561199188232	0	0.8392857142857143	6.8541666666666679	0.8392857142857143	6.854166666666667	0	2	90	7.3478807948841188e-16	6.4047619047619051	1	9.0	5.4047619047619051	0.0	-5.5952380952380949	1	-1
1.6831650733947754	0	0.8392857142857143	6.8541666666666679	0.8392857142857143	6.854166666666667	0	2	90	7.3478807948841188e-16	6.4047619047619051	1	9.0	5.4047619047619051	0.0	-5.5952380952380949	1	-1
1.6997261047363281	0	0.8392857142857143	6.8541666666666679	0.8392857142857143	6.854166666666667	0	2	90	7.3478807948841188e-16	6.4047619047619051	1	9.0	5.4047619047619051	0.0	-5.5952380952380949	1	-1
1.7163081169128418	0	0.8392857142857143	6.8541666666666679	0.8392857142857143	6.854166666666667	0	2	90	7.3478807948841188e-16	6.4047619047619051	1	9.0	5.4047619047619051	0.0	-5.5952380952380949	1	-1
1.7329120635986328	0	0.8392857142857143	6.8541666666666679	0.8392857142857143	6.854166666666667	0	2	90	7.3478807948841188e-16	6.4047619047619051	1	9.0	5.4047619047619051	0.0	-5.5952380952380949	1	-1
1.7492499351501465	0	0.8392857142857143	6.8541666666666679	0.8392857142857143	6.854166666666667	0	2	90	7.3478807948841188e-16	6.4047619047619051	1	9.0	5.4047619047619051	0.0	-5.5952380952380949	1	-1
1.7658450603485107	0	0.8392857142857143	6.8541666666666679	0.8392857142857143	6.854166666666667	0	2	90	7.3478807948841188e-16	6.4047619047619051	1	9.0	5.4047619047619051	0.0	-5.5952380952380949	1	-1
1.7824151515960693	0	0.8392857142857143	6.8541666666666679	0.8392857142857143	6.854166666666667	0	2	90	7.3478807948841188e-16	6.4047619047619051	1	9.0	5.4047619047619051	0.0	-5.5952380952380949	1	-1
1.7990100383758545	0	0.8392857142857143	6.8541666666666679	0.8392857142857143	6.854166666666667	0	2	90	7.3478807948841188e-16	6.4047619047619051	1	9.0	5.4047619047619051	0.0	-5.5952380952380949	1	-1
1.8156509399414062	0	0.8392857142857143	6.8541666666666679	0.8392857142857143	6.854166666666667	0	2	90	7.3478807948841188e-16	6.4047619047619051	1	9.0	5.4047619047619051	0.0	-5.5952380952380949	1	-1
1.8322269916534424	0	0.8392857142857143	6.8541666666666679	0.8392857142857143	6.854166666666667	0	2	90	7.3478807948841188e-16	6.4047619047619051	1	9.0	5.4047619047619051	0.0	-5.5952380952380949	1	-1
1.8487651348114014	0	0.8392857142857143	6.8541666666666679	0.8392857142857143	6.854166666666667	0	2	90	7.3478807948841188e-16	6.4047619047619051	1	9.0	5.4047619047619051	0.0	-5.5952380952380949	1	-1
1.8653769493103027	0	0.8392857142857143	6.8541666666666679	0.8392857142857143	6.854166666666667	0	2	90	7.3478807948841188e-16	6.4047619047619051	1	9.0	5.4047619047619051	0.0	-5.5952380952380949	1	-1
1.8820159435272217	0	0.8392857142857143	6.8541666666666679	0.8392857142857143	6.854166666666667	0	3	90	7.3478807948841188e-16	6.4047619047619051	1	9.0	5.4047619047619051	0.0	-5.5952380952380949	1	-1
1.8988380432128906	0	0.8392857142857143	6.8541666666666679	0.8392857142857143	6.854166666666667	0	4	90	7.3478807948841188e-16	6.4047619047619051	1	9.0	5.4047619047619051	0.0	-5.5952380952380949	1	-1
1.9154410362243652	0	0.8392857142857143	6.8541666666666679	0.8392857142857143	6.854166666666667	0	4	90	7.3478807948841188e-16	6.4047619047619051	1	9.0	5.4047619047619051	0.0	-5.5952380952380949	1	-1
1.93202805519104	0	0.8392857142857143	6.8541666666666679	0.8392857142857143	6.854166666666667	0	4	90	7.3478807948841188e-16	6.4047619047619051	1	9.0	5.4047619047619051	0.0	-5.5952380952380949	1	-1
1.9486260414123535	0	0.8392857142857143	6.8541666666666679	0.8392857142857143	6.854166666666667	0	4	90	7.3478807948841188e-16	6.4047619047619051	1	9.0	5.4047619047619051	0.0	-5.5952380952380949	1	-1
1.9651529788970947	0	0.8392857142857143	6.8541666666666679	0.8392857142857143	6.854166666666667	0	4	90	7.3478807948841188e-16	6.4047619047619051	1	9.0	5.4047619047619051	0.0	-5.5952380952380949	1	-1
1.9818780422210693	0	0.8392857142857143	6.8541666666666679	0.8392857142857143	6.854166666666667	0	4	90	7.3478807948841188e-16	6.4047619047619051	1	9.0	5.4047619047619051	0.0	-5.5952380952380949	1	-1
1.998378038406372	0	0.8392857142857143	6.8541666666666679	0.8392857142857143	6.854166666666667	0	4	90	7.3478807948841188e-16	6.4047619047619051	1	9.0	5.4047619047619051	0.0	-5.5952380952380949	1	-1
2.015048027038574	0	0.8392857142857143	6.8541666666666679	0.8392857142857143	6.854166666666667	0	4	90	7.3478807948841188e-16	6.4047619047619051	1	9.0	5.4047619047619051	0.0	-5.5952380952380949	1	-1
2.0316030979156494	0	0.8392857142857143	6.8541666666666679	0.8392857142857143	6.854166666666667	0	4	90	7.3478807948841188e-16	6.4047619047619051	1	9.0	5.4047619047619051	0.0	-5.5952380952380949	1	-1
2.0481770038604736	0	0.8392857142857143	6.8541666666666679	0.8392857142857143	6.854166666666667	0	4	90	7.3478807948841188e-16	6.4047619047619051	1	9.0	5.4047619047619051	0.0	-5.5952380952380949	1	-1
2.0645041465759277	0	0.8392857142857143	6.8541666666666679	0.8392857142857143	6.854166666666667	0	4	90	7.3478807948841188e-16	6.4047619047619051	1	9.0	5.4047619047619051	0.0	-5.5952380952380949	1	-1
2.081179141998291	0	0.8392857142857143	6.8541666666666679	0.8392857142857143	6.854166666666667	0	4	90	7.3478807948841188e-16	6.4047619047619051	1	9.0	5.4047619047619051	0.0	-5.5952380952380949	1	-1
2.0977089405059814	0	0.8392857142857143	6.8541666666666679	0.8392857142857143	6.854166666666667	0	4	90	7.3478807948841188e-16	6.4047619047619051	1	9.0	5.4047619047619051	0.0	-5.5952380952380949	1	-1
2.114280939102173	0	0.8392857142857143	6.8541666666666679	0.8392857142857143	6.854166666666667	0	4	90	7.3478807948841188e-16	6.4047619047619051	1	9.0	5.4047619047619051	0.0	-5.5952380952380949	1	-1
2.1308529376983643	0	0.8392857142857143	6.8541666666666679	0.8392857142857143	6.854166666666667	0	4	90	7.3478807948841188e-16	6.4047619047619051	1	9.0	5.4047619047619051	0.0	-5.5952380952380949	1	-1
2.1475160121917725	0	0.8392857142857143	6.8541666666666679	0.8392857142857143	6.854166666666667	0	4	90	7.3478807948841188e-16	6.4047619047619051	1	9.0	5.4047619047619051	0.0	-5.5952380952380949	1	-1
2.1640679836273193	0	0.8392857142857143	6.8541666666666679	0.8392857142857143	6.854166666666667	0	4	90	7.3478807948841188e-16	6.4047619047619051	1	9.0	5.4047619047619051	0.0	-5.5952380952380949	1	-1
2.1805410385131836	0	0.89523809523809528	6.8541666666666679	0.89523809523809528	6.854166666666667	0	4	90	7.3478807948841188e-16	6.4047619047619051	1	9.0	5.4047619047619051	0.0	-5.5952380952380949	1	-1
2.197066068649292	0	0.97916666666666663	6.8541666666666679	0.97916666666666663	6.8261904761904759	0	4	90	7.3478807948841188e-16	6.4047619047619051	1	9.0	5.4047619047619051	0.0	-5.5952380952380949	1	-1
2.213675022125244	0	1.0630952380952381	6.8541666666666679	1.0630952380952381	6.8261904761904759	0	4	90	7.3478807948841188e-16	6.4047619047619051	1	9.0	5.4047619047619051	0.0	-5.5952380952380949	1	-1
2.2304530143737793	0	1.230952380952381	6.8541666666666679	1.230952380952381	6.7982142857142858	0	4	90	7.3478807948841188e-16	6.4047619047619051	1	9.0	5.4047619047619051	0.0	-5.5952380952380949	1	-1
2.2471280097961426	0	1.4827380952380953	6.8541666666666679	1.4827380952380953	6.7702380952380956	0	4	90	7.3478807948841188e-16	6.4047619047619051	1	9.0	5.4047619047619051	0.0	-5.5952380952380949	1	-1
2.2637219429016113	0	1.6226190476190476	6.8541666666666679	1.6226190476190476	6.7702380952380956	0	4	90	7.3478807948841188e-16	6.4047619047619051	1	9.0	5.4047619047619051	0.0	-5.5952380952380949	1	-1
2.280367136001587	0	1.9583333333333333	6.8541666666666679	1.9583333333333333	6.7702380952380956	0	4	90	7.3478807948841188e-16	6.4047619047619051	1	9.0	5.4047619047619051	0.0	-5.5952380952380949	1	-1
2.296905040740967	0	2.4339285714285714	6.8541666666666679	2.4339285714285714	6.7702380952380956	0	4	90	7.3478807948841188e-16	6.4047619047619051	1	9.0	5.4047619047619051	0.0	-5.5952380952380949	1	-1
2.3135130405426025	0	2.7136904761904761	6.8541666666666679	2.7136904761904761	6.7702380952380956	0	4	90	7.3478807948841188e-16	6.4047619047619051	1	9.0	5.4047619047619051	0.0	-5.5952380952380949	1	-1
2.330070972442627	0	3.3571428571428572	6.8541666666666679	3.3571428571428572	6.7982142857142858	0	4	90	7.3478807948841188e-16	6.4047619047619051	1	9.0	5.4047619047619051	0.0	-5.5952380952380949	1	-1
2.34673810005188	0	4.1124999999999998	6.8541666666666679	4.1124999999999998	6.8261904761904759	0	4	90	7.3478807948841188e-16	6.4047619047619051	1	9.0	5.4047619047619051	0.0	-5.5952380952380949	1	-1
2.363309144973755	0	4.5321428571428575	6.8541666666666679	4.5321428571428575	6.854166666666667	0	4	90	7.3478807948841188e-16	6.4047619047619051	1	9.0	5.4047619047619051	0.0	-5.5952380952380949	1	-1
2.3799610137939453	0	5.399404761904762	6.8541666666666679	5.399404761904762	6.854166666666667	0	4	90	7.3478807948841188e-16	6.4047619047619051	1	9.0	5.4047619047619051	0.0	-5.5952380952380949	1	-1
2.3962810039520264	0	6.3226190476190478	6.8541666666666679	6.3226190476190478	6.854166666666667	0	4	90	7.3478807948841188e-16	6.4047619047619051	1	9.0	5.4047619047619051	0.0	-5.5952380952380949	1	-1
2.4128971099853516	0	6.7982142857142858	6.8541666666666679	6.7982142857142858	6.8261904761904759	0	4	90	7.3478807948841188e-16	6.4047619047619051	1	9.0	5.4047619047619051	0.0	-5.5952380952380949	1	-1
2.4294590950012207	0	7.8053571428571429	6.8541666666666679	7.8053571428571429	6.7702380952380956	0	4	90	7.3478807948841188e-16	6.4047619047619051	1	9.0	5.4047619047619051	0.0	-5.5952380952380949	1	-1
2.4459950923919678	0	8.7565476190476197	6.8541666666666679	8.7565476190476197	6.6303571428571431	0	4	90	7.3478807948841188e-16	6.4047619047619051	1	9.0	5.4047619047619051	0.0	-5.5952380952380949	1	-1
2.4627130031585693	0	9.2041666666666675	6.8541666666666679	9.2041666666666675	6.5464285714285717	0	4	90	7.3478807948841188e-16	6.4047619047619051	1	9.0	5.4047619047619051	0.0	-5.5952380952380949	1	-1
2.479346990585327	0	10.071428571428571	6.8541666666666679	10.071428571428571	6.350595238095238	0	4	90	7.3478807948841188e-16	6.4047619047619051	1	9.0	5.4047619047619051	0.0	-5.5952380952380949	1	-1
2.4959869384765625	0	10.463095238095239	6.2386904761904773	10.463095238095239	6.2386904761904765	0	4	90	7.3478807948841188e-16	6.4047619047619051	1	9.0	5.4047619047619051	0.0	-5.5952380952380949	1	-1
2.5125629901885986	0	11.13452380952381	5.9589285714285722	11.134523809523809	5.9589285714285714	0	4	90	7.3478807948841188e-16	6.4047619047619051	1	9.0	5.4047619047619051	0.0	-5.5952380952380949	1	-1
2.5291600227355957	0	11.638095238095238	5.6232142857142868	11.638095238095238	5.6232142857142859	0	4	90	7.3478807948841188e-16	6.4047619047619051	1	9.0	5.4047619047619051	0.0	-5.5952380952380949	1	-1
2.5460140705108643	0	11.973809523809523	5.2874999999999996	11.973809523809523	5.2874999999999996	0	4	90	7.3478807948841188e-16	6.4047619047619051	1	9.0	5.4047619047619051	0.0	-5.5952380952380949	1	-1
2.5625219345092773	0	12.057738095238095	5.0916666666666668	12.057738095238095	5.0916666666666668	0	5	90	7.3478807948841188e-16	6.4047619047619051	1	9.0	5.4047619047619051	0.0	-5.5952380952380949	1	-1
2.579184055328369	0	12.085714285714285	4.6720238095238091	12.085714285714285	4.6720238095238091	0	5	90	7.3478807948841188e-16	6.4047619047619051	1	9.0	5.4047619047619051	0.0	-5.5952380952380949	1	-1
2.5958430767059326	0	12.057738095238095	4.4202380952380942	12.057738095238095	4.4202380952380951	0	5	90	7.3478807948841188e-16	6.4047619047619051	1	9.0	5.4047619047619051	0.0	-5.5952380952380949	1	-1
2.6124279499053955	0	11.77797619047619	3.9166666666666661	11.77797619047619	3.9166666666666665	0	5	90	7.3478807948841188e-16	6.4047619047619051	1	9.0	5.4047619047619051	0.0	-5.5952380952380949	1	-1
2.62888503074646	0	11.358333333333333	3.3011904761904756	11.358333333333333	3.301190476190476	0	5	90	7.3478807948841188e-16	6.4047619047619051	1	9.0	5.4047619047619051	0.0	-5.5952380952380949	1	-1
2.645576000213623	0	10.742857142857142	2.6297619047619047	10.742857142857142	2.6297619047619047	0	5	90	7.3478807948841188e-16	6.4047619047619051	1	9.0	5.4047619047619051	0.0	-5.5952380952380949	1	-1
2.6621460914611816	0	10.379166666666666	2.2660714285714292	10.379166666666666	2.2660714285714287	0	5	90	7.3478807948841188e-16	6.4047619047619051	1	9.0	5.4047619047619051	0.0	-5.5952380952380949	1	-1
2.678774118423462	0	9.567857142857143	1.5386904761904763	9.5678571428571431	1.5386904761904763	0	5	90	7.3478807948841188e-16	6.4047619047619051	1	9.0	5.4047619047619051	0.0	-5.5952380952380949	1	-1
2.695410966873169	0	9.148214285714285	1.1749999999999998	9.1482142857142854	1.175	0	5	90	7.3478807948841188e-16	6.4047619047619051	1	9.0	5.4047619047619051	0.0	-5.5952380952380949	1	-1
2.7116539478302	0	8.225	0.41964285714285676	8.2249999999999996	0.41964285714285715	0	5	90	7.3478807948841188e-16	6.4047619047619051	1	9.0	5.4047619047619051	0.0	-5.5952380952380949	1	-1
2.7282660007476807	0	7.329761904761905	-0.33571428571428541	7.3297619047619049	-0.33571428571428569	0	5	90	7.3478807948841188e-16	6.4047619047619051	1	9.0	5.4047619047619051	0.0	-5.5952380952380949	1	-1
2.744905948638916	0	6.4904761904761905	-1.0630952380952383	6.4904761904761905	-1.0630952380952381	0	5	90	7.3478807948841188e-16	6.4047619047619051	1	9.0	5.4047619047619051	0.0	-5.5952380952380949	1	-1
2.761486053466797	0	6.070833333333334	-1.4267857142857139	6.0708333333333337	-1.4267857142857143	0	5	90	7.3478807948841188e-16	6.4047619047619051	1	9.0	5.4047619047619051	0.0	-5.5952380952380949	1	-1
2.778049945831299	0	5.2875	-2.1261904761904762	5.2874999999999996	-2.1261904761904762	0	5	90	7.3478807948841188e-16	6.4047619047619051	1	9.0	5.4047619047619051	0.0	-5.5952380952380949	1	-1
2.79467511177063	0	4.895833333333333	-2.461904761904762	4.895833333333333	-2.461904761904762	0	5	90	7.3478807948841188e-16	6.4047619047619051	1	9.0	5.4047619047619051	0.0	-5.5952380952380949	1	-1
2.8112449645996094	0	4.140476190476191	-3.1053571428571427	4.1404761904761909	-3.1053571428571427	0	5	90	7.3478807948841188e-16	6.4047619047619051	1	9.0	5.4047619047619051	0.0	-5.5952380952380949	1	-1
2.8278260231018066	0	3.413095238095238	-3.6928571428571431	3.413095238095238	-3.6928571428571431	0	5	90	7.3478807948841188e-16	6.4047619047619051	1	9.0	5.4047619047619051	0.0	-5.5952380952380949	1	-1
2.8444509506225586	0	3.1053571428571427	-3.9726190476190477	3.1053571428571427	-3.9726190476190477	0	5	90	7.3478807948841188e-16	6.4047619047619051	1	9.0	5.4047619047619051	0.0	-5.5952380952380949	1	-1
2.8610329627990723	0	2.489880952380952	-4.4761904761904763	2.4898809523809522	-4.4761904761904763	0	5	90	7.3478807948841188e-16	6.4047619047619051	1	9.0	5.4047619047619051	0.0	-5.5952380952380949	1	-1
2.8778700828552246	0	1.9863095238095239	-4.895833333333333	1.9863095238095239	-4.895833333333333	0	5	90	7.3478807948841188e-16	6.4047619047619051	1	9.0	5.4047619047619051	0.0	-5.5952380952380949	1	-1
2.894505023956299	0	1.7345238095238096	-5.0916666666666668	1.7345238095238096	-5.0916666666666668	0	5	90	7.3478807948841188e-16	6.4047619047619051	1	9.0	5.4047619047619051	0.0	-5.5952380952380949	1	-1
2.9110569953918457	0	1.3428571428571427	-5.4553571428571432	1.3428571428571427	-5.4553571428571432	0	5	90	7.3478807948841188e-16	6.4047619047619051	1	9.0	5.4047619047619051	0.0	-5.5952380952380949	1	-1
2.927680015563965	0	1.1470238095238094	-5.6232142857142859	1.1470238095238094	-5.6232142857142859	0	5	90	7.3478807948841188e-16	6.4047619047619051	1	9.0	5.4047619047619051	0.0	-5.5952380952380949	1	-1
2.9442710876464844	0	0.8392857142857143	-5.9029761904761902	0.8392857142857143	-5.9029761904761902	0	5	90	7.3478807948841188e-16	6.4047619047619051	1	9.0	5.4047619047619051	0.0	-5.5952380952380949	1	-1
2.960754156112671	0	0.5875	-6.1267857142857141	0.58750000000000002	-6.1267857142857141	0	5	90	7.3478807948841188e-16	6.4047619047619051	1	9.0	5.4047619047619051	0.0	-5.5952380952380949	1	-1
2.9774489402770996	0	0.41964285714285715	-6.2946428571428568	0.41964285714285715	-6.2946428571428568	0	5	90	7.3478807948841188e-16	6.4047619047619051	1	9.0	5.4047619047619051	0.0	-5.5952380952380949	1	-1
2.9940741062164307	0	0.3357142857142857	-6.378571428571429	0.33571428571428569	-6.378571428571429	0	5	90	7.3478807948841188e-16	6.4047619047619051	1	9.0	5.4047619047619051	0.0	-5.5952380952380949	1	-1
3.010650157928467	0	0.2517857142857143	-6.4904761904761905	0.25178571428571428	-6.4904761904761905	0	5	90	7.3478807948841188e-16	6.4047619047619051	1	9.0	5.4047619047619051	0.0	-5.5952380952380949	1	-1
3.0272581577301025	0	0.19583333333333333	-6.5464285714285717	0.19583333333333333	-6.5464285714285717	0	5	90	7.3478807948841188e-16	6.4047619047619051	1	9.0	5.4047619047619051	0.0	-5.5952380952380949	1	-1
3.043527126312256	0	0.13988095238095238	-6.6583333333333332	0.13988095238095238	-6.6583333333333332	0	5	90	7.3478807948841188e-16	6.4047619047619051	1	9.0	5.4047619047619051	0.0	-5.5952380952380949	1	-1
3.060141086578369	0	0.11190476190476191	-6.7142857142857144	0.11190476190476191	-6.7142857142857144	0	5	90	7.3478807948841188e-16	6.4047619047619051	1	9.0	5.4047619047619051	0.0	-5.5952380952380949	1	-1
3.076759099960327	0	0.08392857142857142	-6.7982142857142858	0.083928571428571422	-6.7982142857142858	0	5	90	7.3478807948841188e-16	6.4047619047619051	1	9.0	5.4047619047619051	0.0	-5.5952380952380949	1	-1
3.0934131145477295	0	0.055952380952380955	-6.8261904761904759	0.055952380952380955	-6.8261904761904759	0	5	90	7.3478807948841188e-16	6.4047619047619051	1	9.0	5.4047619047619051	0.0	-5.5952380952380949	1	-1
3.109924077987671	0	0.055952380952380955	-6.854166666666667	0.055952380952380955	-6.854166666666667	0	5	90	7.3478807948841188e-16	6.4047619047619051	1	9.0	5.4047619047619051	0.0	-5.5952380952380949	1	-1
3.1264841556549072	0	0.027976190476190477	-6.8821428571428571	0.027976190476190477	-6.8821428571428571	0	5	90	7.3478807948841188e-16	6.4047619047619051	1	9.0	5.4047619047619051	0.0	-5.5952380952380949	1	-1
3.1431570053100586	0	0.027976190476190477	-6.8821428571428571	0.027976190476190477	-6.8821428571428571	0	5	90	7.3478807948841188e-16	6.4047619047619051	1	9.0	5.4047619047619051	0.0	-5.5952380952380949	1	-1
3.159698009490967	0	0.027976190476190477	-6.9101190476190473	0.027976190476190477	-6.9101190476190473	0	5	90	7.3478807948841188e-16	6.4047619047619051	1	9.0	5.4047619047619051	0.0	-5.5952380952380949	1	-1
3.1762940883636475	0	0.027976190476190477	-6.9101190476190473	0.027976190476190477	-6.9101190476190473	0	5	90	7.3478807948841188e-16	6.4047619047619051	1	9.0	5.4047619047619051	0.0	-5.5952380952380949	1	-1
3.1932790279388428	0	0.027976190476190477	-6.9101190476190473	0.027976190476190477	-6.9101190476190473	0	5	90	7.3478807948841188e-16	6.4047619047619051	1	9.0	5.4047619047619051	0.0	-5.5952380952380949	1	-1
3.2097930908203125	0	0.027976190476190477	-6.9101190476190473	0.027976190476190477	-6.9101190476190473	0	5	90	7.3478807948841188e-16	6.4047619047619051	1	9.0	5.4047619047619051	0.0	-5.5952380952380949	1	-1
3.226325035095215	0	0.027976190476190477	-6.8821428571428571	0.027976190476190477	-6.8821428571428571	0	5	90	7.3478807948841188e-16	6.4047619047619051	1	9.0	5.4047619047619051	0.0	-5.5952380952380949	1	-1
3.2429370880126953	0	0.027976190476190477	-6.8821428571428571	0.027976190476190477	-6.8821428571428571	0	5	90	7.3478807948841188e-16	6.4047619047619051	1	9.0	5.4047619047619051	0.0	-5.5952380952380949	1	-1
3.2595479488372803	0	0.0	-6.8261904761904759	0.0	-6.8261904761904759	0	5	90	7.3478807948841188e-16	6.4047619047619051	1	9.0	5.4047619047619051	0.0	-5.5952380952380949	1	-1
3.2761659622192383	0	-0.027976190476190477	-6.7422619047619046	-0.027976190476190477	-6.7422619047619046	0	5	90	7.3478807948841188e-16	6.4047619047619051	1	9.0	5.4047619047619051	0.0	-5.5952380952380949	1	-1
3.2927210330963135	0	-0.055952380952380955	-6.6863095238095234	-0.055952380952380955	-6.6863095238095234	0	5	90	7.3478807948841188e-16	6.4047619047619051	1	9.0	5.4047619047619051	0.0	-5.5952380952380949	1	-1
3.3093559741973877	0	-0.08392857142857142	-6.5744047619047619	-0.083928571428571422	-6.5744047619047619	0	5	90	7.3478807948841188e-16	6.4047619047619051	1	9.0	5.4047619047619051	0.0	-5.5952380952380949	1	-1
3.3259339332580566	0	-0.08392857142857142	-6.5184523809523807	-0.083928571428571422	-6.5184523809523807	0	5	90	7.3478807948841188e-16	6.4047619047619051	1	9.0	5.4047619047619051	0.0	-5.5952380952380949	1	-1
3.342529058456421	0	-0.08392857142857142	-6.4345238095238093	-0.083928571428571422	-6.4345238095238093	0	5	90	7.3478807948841188e-16	6.4047619047619051	1	9.0	5.4047619047619051	0.0	-5.5952380952380949	1	-1
3.358811140060425	0	-0.055952380952380955	-6.3226190476190478	-0.055952380952380955	-6.3226190476190478	0	5	90	7.3478807948841188e-16	6.4047619047619051	1	9.0	5.4047619047619051	0.0	-5.5952380952380949	1	-1
3.375434160232544	0	-0.055952380952380955	-6.2666666666666666	-0.055952380952380955	-6.2666666666666666	0	5	90	7.3478807948841188e-16	6.4047619047619051	1	9.0	5.4047619047619051	0.0	-5.5952380952380949	1	-1
3.392029047012329	0	-0.027976190476190477	-6.2107142857142854	-0.027976190476190477	-6.2107142857142854	0	5	90	7.3478807948841188e-16	6.4047619047619051	1	9.0	5.4047619047619051	0.0	-5.5952380952380949	1	-1
3.4086861610412598	0	-0.027976190476190477	-6.1267857142857141	-0.027976190476190477	-6.1267857142857141	0	5	90	7.3478807948841188e-16	6.4047619047619051	1	9.0	5.4047619047619051	0.0	-5.5952380952380949	1	-1
