time	trial	cursorx	cursory	hand_x	hand_Y	rotation	step	targetangle	targetposx	targetposy	garagelocation	garageposx	garageposy	homex	homey	group	trial_type
9.5367431640625e-07	1	0.44734994623096974	-5.6596909738885639	0.41964285714285715	-5.4273809523809522	30	5	105	-3.1058285412302502	5.9958718202307253	1	5.8941714587697493	4.9958718202307253	0.0	-5.5952380952380949	1	1
0.026211023330688477	1	-0.21055662723604474	-5.3444566810050746	-0.30773809523809526	-5.4833333333333334	30	1	105	-3.1058285412302502	5.9958718202307253	1	5.8941714587697493	4.9958718202307253	0.0	-5.5952380952380949	1	1
0.04279804229736328	1	-0.5777261008611404	-5.1970795309787281	-0.69940476190476186	-5.5392857142857146	30	1	105	-3.1058285412302502	5.9958718202307253	1	5.8941714587697493	4.9958718202307253	0.0	-5.5952380952380949	1	1
0.05935311317443848	1	-0.8582232042876611	-5.0674385750131732	-1.0071428571428571	-5.5672619047619047	30	1	105	-3.1058285412302502	5.9958718202307253	1	5.8941714587697493	4.9958718202307253	0.0	-5.5952380952380949	1	1
0.07604813575744629	1	-0.9551355709016339	-5.0114861940607929	-1.1190476190476191	-5.5672619047619047	30	1	105	-3.1058285412302502	5.9958718202307253	1	5.8941714587697493	4.9958718202307253	0.0	-5.5952380952380949	1	1
0.09262609481811523	1	-1.0902641244071951	-4.9657738095238093	-1.2589285714285714	-5.5952380952380949	30	1	105	-3.1058285412302502	5.9958718202307253	1	5.8941714587697493	4.9958718202307253	0.0	-5.5952380952380949	1	1
0.10918211936950684	1	-1.1144922160606885	-4.9517857142857142	-1.286904761904762	-5.5952380952380949	30	1	105	-3.1058285412302502	5.9958718202307253	1	5.8941714587697493	4.9958718202307253	0.0	-5.5952380952380949	1	1
0.12578511238098145	1	-1.1144922160606885	-4.9517857142857142	-1.286904761904762	-5.5952380952380949	30	1	105	-3.1058285412302502	5.9958718202307253	1	5.8941714587697493	4.9958718202307253	0.0	-5.5952380952380949	1	1
0.1423940658569336	1	-1.1042522196452906	-4.9900019011773029	-1.2589285714285714	-5.6232142857142859	30	1	105	-3.1058285412302502	5.9958718202307253	1	5.8941714587697493	4.9958718202307253	0.0	-5.5952380952380949	1	1
0.15894412994384766	1	-1.0697841315763992	-5.0422061833069867	-1.2029761904761904	-5.6511904761904761	30	1	105	-3.1058285412302502	5.9958718202307253	1	5.8941714587697493	4.9958718202307253	0.0	-5.5952380952380949	1	1
0.17552495002746582	1	-1.0353160435075077	-5.0944104654366695	-1.1470238095238094	-5.6791666666666663	30	1	105	-3.1058285412302502	5.9958718202307253	1	5.8941714587697493	4.9958718202307253	0.0	-5.5952380952380949	1	1
0.19216609001159668	1	-0.9039355888246441	-5.2025671285187354	-0.97916666666666663	-5.7071428571428573	30	1	105	-3.1058285412302502	5.9958718202307253	1	5.8941714587697493	4.9958718202307253	0.0	-5.5952380952380949	1	1
0.20877313613891602	1	-0.7623151377263822	-5.3489399784923881	-0.78333333333333333	-5.7630952380952385	30	1	105	-3.1058285412302502	5.9958718202307253	1	5.8941714587697493	4.9958718202307253	0.0	-5.5952380952380949	1	1
0.2253580093383789	1	-0.6896308627659024	-5.3909042642066742	-0.69940476190476186	-5.7630952380952385	30	1	105	-3.1058285412302502	5.9958718202307253	1	5.8941714587697493	4.9958718202307253	0.0	-5.5952380952380949	1	1
0.24203014373779297	1	-0.6067065913900246	-5.4710847368125481	-0.58750000000000002	-5.7910714285714286	30	1	105	-3.1058285412302502	5.9958718202307253	1	5.8941714587697493	4.9958718202307253	0.0	-5.5952380952380949	1	1
0.2585279941558838	1	-0.5824784997365313	-5.4850728320506432	-0.55952380952380953	-5.7910714285714286	30	1	105	-3.1058285412302502	5.9958718202307253	1	5.8941714587697493	4.9958718202307253	0.0	-5.5952380952380949	1	1
0.2751331329345703	1	-0.5824784997365313	-5.4850728320506432	-0.55952380952380953	-5.7910714285714286	30	1	105	-3.1058285412302502	5.9958718202307253	1	5.8941714587697493	4.9958718202307253	0.0	-5.5952380952380949	1	1
0.2917599678039551	1	-0.5582504080830382	-5.4990609272887383	-0.53154761904761905	-5.7910714285714286	30	1	105	-3.1058285412302502	5.9958718202307253	1	5.8941714587697493	4.9958718202307253	0.0	-5.5952380952380949	1	1
0.3083219528198242	1	-0.5582504080830382	-5.4990609272887383	-0.53154761904761905	-5.7910714285714286	30	1	105	-3.1058285412302502	5.9958718202307253	1	5.8941714587697493	4.9958718202307253	0.0	-5.5952380952380949	1	1
0.32488512992858887	1	-0.5582504080830382	-5.4990609272887383	-0.53154761904761905	-5.7910714285714286	30	1	105	-3.1058285412302502	5.9958718202307253	1	5.8941714587697493	4.9958718202307253	0.0	-5.5952380952380949	1	1
0.34148406982421875	1	-0.5442623128449431	-5.4748328356352456	-0.53154761904761905	-5.7630952380952385	30	1	105	-3.1058285412302502	5.9958718202307253	1	5.8941714587697493	4.9958718202307253	0.0	-5.5952380952380949	1	1
0.3580789566040039	1	-0.5302742176068476	-5.450604743981752	-0.53154761904761905	-5.7351190476190474	30	1	105	-3.1058285412302502	5.9958718202307253	1	5.8941714587697493	4.9958718202307253	0.0	-5.5952380952380949	1	1
0.3746969699859619	1	-0.5162861223687525	-5.4263766523282584	-0.53154761904761905	-5.7071428571428573	30	1	105	-3.1058285412302502	5.9958718202307253	1	5.8941714587697493	4.9958718202307253	0.0	-5.5952380952380949	1	1
0.39130711555480957	1	-0.5162861223687525	-5.4263766523282584	-0.53154761904761905	-5.7071428571428573	30	1	105	-3.1058285412302502	5.9958718202307253	1	5.8941714587697493	4.9958718202307253	0.0	-5.5952380952380949	1	1
0.4075591564178467	1	-0.5162861223687525	-5.4263766523282584	-0.53154761904761905	-5.7071428571428573	30	1	105	-3.1058285412302502	5.9958718202307253	1	5.8941714587697493	4.9958718202307253	0.0	-5.5952380952380949	1	1
0.42415308952331543	1	-0.5162861223687525	-5.4263766523282584	-0.53154761904761905	-5.7071428571428573	30	1	105	-3.1058285412302502	5.9958718202307253	1	5.8941714587697493	4.9958718202307253	0.0	-5.5952380952380949	1	1
0.4408409595489502	1	-0.5162861223687525	-5.4263766523282584	-0.53154761904761905	-5.7071428571428573	30	1	105	-3.1058285412302502	5.9958718202307253	1	5.8941714587697493	4.9958718202307253	0.0	-5.5952380952380949	1	1
0.4573690891265869	1	-0.5162861223687525	-5.4263766523282584	-0.53154761904761905	-5.7071428571428573	30	1	105	-3.1058285412302502	5.9958718202307253	1	5.8941714587697493	4.9958718202307253	0.0	-5.5952380952380949	1	1
0.4739649295806885	1	-0.5162861223687525	-5.4263766523282584	-0.53154761904761905	-5.7071428571428573	30	1	105	-3.1058285412302502	5.9958718202307253	1	5.8941714587697493	4.9958718202307253	0.0	-5.5952380952380949	1	1
0.4906151294708252	1	-0.5162861223687525	-5.4263766523282584	-0.53154761904761905	-5.7071428571428573	30	1	105	-3.1058285412302502	5.9958718202307253	1	5.8941714587697493	4.9958718202307253	0.0	-5.5952380952380949	1	1
0.507194995880127	1	-0.5162861223687525	-5.4263766523282584	-0.53154761904761905	-5.7071428571428573	30	1	105	-3.1058285412302502	5.9958718202307253	1	5.8941714587697493	4.9958718202307253	0.0	-5.5952380952380949	1	1
0.5237569808959961	1	-0.5162861223687525	-5.4263766523282584	-0.53154761904761905	-5.7071428571428573	30	1	105	-3.1058285412302502	5.9958718202307253	1	5.8941714587697493	4.9958718202307253	0.0	-5.5952380952380949	1	1
0.540302038192749	1	-0.5162861223687525	-5.4263766523282584	-0.53154761904761905	-5.7071428571428573	30	1	105	-3.1058285412302502	5.9958718202307253	1	5.8941714587697493	4.9958718202307253	0.0	-5.5952380952380949	1	1
0.557218074798584	1	-0.5162861223687525	-5.4263766523282584	-0.53154761904761905	-5.7071428571428573	30	1	105	-3.1058285412302502	5.9958718202307253	1	5.8941714587697493	4.9958718202307253	0.0	-5.5952380952380949	1	1
0.5738310813903809	1	-0.5162861223687525	-5.4263766523282584	-0.53154761904761905	-5.7071428571428573	30	1	105	-3.1058285412302502	5.9958718202307253	1	5.8941714587697493	4.9958718202307253	0.0	-5.5952380952380949	1	1
0.5904450416564941	1	-0.47806993547716375	-5.4161366559128599	-0.50357142857142856	-5.6791666666666663	30	1	105	-3.1058285412302502	5.9958718202307253	1	5.8941714587697493	4.9958718202307253	0.0	-5.5952380952380949	1	1
0.6069281101226807	1	-0.4398537485855754	-5.4058966594974622	-0.47559523809523807	-5.6511904761904761	30	1	105	-3.1058285412302502	5.9958718202307253	1	5.8941714587697493	4.9958718202307253	0.0	-5.5952380952380949	1	1
0.6235899925231934	1	-0.3634213748023984	-5.3854166666666661	-0.41964285714285715	-5.5952380952380949	30	1	105	-3.1058285412302502	5.9958718202307253	1	5.8941714587697493	4.9958718202307253	0.0	-5.5952380952380949	1	1
0.6402161121368408	1	-0.23478471888953795	-5.3304685857669796	-0.33571428571428569	-5.4833333333333334	30	1	105	-3.1058285412302502	5.9958718202307253	1	5.8941714587697493	4.9958718202307253	0.0	-5.5952380952380949	1	1
0.6568000316619873	1	-0.18258043675985414	-5.2960004976980883	-0.30773809523809526	-5.4273809523809522	30	1	105	-3.1058285412302502	5.9958718202307253	1	5.8941714587697493	4.9958718202307253	0.0	-5.5952380952380949	1	1
0.6734120845794678	1	-0.011979495132708073	-5.1683681418379219	-0.22380952380952382	-5.2315476190476193	30	1	105	-3.1058285412302502	5.9958718202307253	1	5.8941714587697493	4.9958718202307253	0.0	-5.5952380952380949	1	1
0.6900229454040527	1	0.16236954531713585	-4.9782915074326723	-0.16785714285714284	-4.9797619047619044	30	1	105	-3.1058285412302502	5.9958718202307253	1	5.8941714587697493	4.9958718202307253	0.0	-5.5952380952380949	1	1
0.7064800262451172	1	0.2565381131611049	-4.8711391444033021	-0.13988095238095238	-4.8398809523809527	30	1	105	-3.1058285412302502	5.9958718202307253	1	5.8941714587697493	4.9958718202307253	0.0	-5.5952380952380949	1	1
0.7229039669036865	1	0.47285143932523443	-4.6083782350375735	-0.083928571428571422	-4.5041666666666664	30	1	105	-3.1058285412302502	5.9958718202307253	1	5.8941714587697493	4.9958718202307253	0.0	-5.5952380952380949	1	1
0.7394890785217285	1	0.5707681059919009	-4.438781593463121	-0.083928571428571422	-4.3083333333333336	30	1	105	-3.1058285412302502	5.9958718202307253	1	5.8941714587697493	4.9958718202307253	0.0	-5.5952380952380949	1	1
0.7560780048370361	1	0.8048176262168227	-4.0893483138988183	-0.055952380952380955	-3.8886904761904764	30	1	105	-3.1058285412302502	5.9958718202307253	1	5.8941714587697493	4.9958718202307253	0.0	-5.5952380952380949	1	1
0.7726571559906006	1	1.0426152452644417	-3.6774707557894333	-0.055952380952380955	-3.413095238095238	30	1	105	-3.1058285412302502	5.9958718202307253	1	5.8941714587697493	4.9958718202307253	0.0	-5.5952380952380949	1	1
0.7894260883331299	1	1.2701728678966628	-3.2273770107884596	-0.083928571428571422	-2.9095238095238094	30	1	105	-3.1058285412302502	5.9958718202307253	1	5.8941714587697493	4.9958718202307253	0.0	-5.5952380952380949	1	1
0.805880069732666	1	1.3820776298014248	-3.0335522775605139	-0.083928571428571422	-2.6857142857142855	30	2	105	-3.1058285412302502	5.9958718202307253	1	5.8941714587697493	4.9958718202307253	0.0	-5.5952380952380949	1	1
0.822458028793335	1	1.577910963134758	-2.6943589944116089	-0.083928571428571422	-2.2940476190476189	30	2	105	-3.1058285412302502	5.9958718202307253	1	5.8941714587697493	4.9958718202307253	0.0	-5.5952380952380949	1	1
0.8391051292419434	1	1.6758276298014247	-2.5247623528371563	-0.083928571428571422	-2.0982142857142856	30	2	105	-3.1058285412302502	5.9958718202307253	1	5.8941714587697493	4.9958718202307253	0.0	-5.5952380952380949	1	1
0.8556480407714844	1	1.871660963134758	-2.1855690696882513	-0.083928571428571422	-1.706547619047619	30	2	105	-3.1058285412302502	5.9958718202307253	1	5.8941714587697493	4.9958718202307253	0.0	-5.5952380952380949	1	1
0.8722190856933594	1	2.0814823917061864	-1.822147694885853	-0.083928571428571422	-1.286904761904762	30	2	105	-3.1058285412302502	5.9958718202307253	1	5.8941714587697493	4.9958718202307253	0.0	-5.5952380952380949	1	1
0.889117956161499	1	2.1933871536109484	-1.6283229616579074	-0.083928571428571422	-1.0630952380952381	30	2	105	-3.1058285412302502	5.9958718202307253	1	5.8941714587697493	4.9958718202307253	0.0	-5.5952380952380949	1	1
0.9057400226593018	1	2.3789804905288836	-1.2509134916174132	-0.11190476190476191	-0.643452380952381	30	2	105	-3.1058285412302502	5.9958718202307253	1	5.8941714587697493	4.9958718202307253	0.0	-5.5952380952380949	1	1
0.9222710132598877	1	2.5263576405552306	-0.88374401799231794	-0.16785714285714284	-0.25178571428571428	30	2	105	-3.1058285412302502	5.9958718202307253	1	5.8941714587697493	4.9958718202307253	0.0	-5.5952380952380949	1	1
0.9388389587402344	1	2.600046215568404	-0.70015928117977033	-0.19583333333333333	-0.055952380952380955	30	2	105	-3.1058285412302502	5.9958718202307253	1	5.8941714587697493	4.9958718202307253	0.0	-5.5952380952380949	1	1
0.9554381370544434	1	2.709207178703162	-0.34322980397007186	-0.27976190476190477	0.30773809523809526	30	2	105	-3.1058285412302502	5.9958718202307253	1	5.8941714587697493	4.9958718202307253	0.0	-5.5952380952380949	1	1
0.9720780849456787	1	2.766163859708237	-0.020768414829266391	-0.39166666666666666	0.61547619047619051	30	2	105	-3.1058285412302502	5.9958718202307253	1	5.8941714587697493	4.9958718202307253	0.0	-5.5952380952380949	1	1
0.9886269569396973	1	2.7634200609382336	0.14233632915248595	-0.47559523809523807	0.75535714285714284	30	2	105	-3.1058285412302502	5.9958718202307253	1	5.8941714587697493	4.9958718202307253	0.0	-5.5952380952380949	1	1
1.0052809715270996	1	2.743944368160131	0.44431772546249615	-0.643452380952381	1.0071428571428571	30	2	105	-3.1058285412302502	5.9958718202307253	1	5.8941714587697493	4.9958718202307253	0.0	-5.5952380952380949	1	1
1.0218510627746582	1	2.6862524884904406	0.73605912535710871	-0.8392857142857143	1.230952380952381	30	2	105	-3.1058285412302502	5.9958718202307253	1	5.8941714587697493	4.9958718202307253	0.0	-5.5952380952380949	1	1
1.0384831428527832	1	2.6452925028288488	0.88892387292346253	-0.95119047619047614	1.3428571428571427	30	2	105	-3.1058285412302502	5.9958718202307253	1	5.8941714587697493	4.9958718202307253	0.0	-5.5952380952380949	1	1
1.0547680854797363	1	2.525156344614077	1.1844133716407725	-1.2029761904761904	1.5386904761904763	30	2	105	-3.1058285412302502	5.9958718202307253	1	5.8941714587697493	4.9958718202307253	0.0	-5.5952380952380949	1	1
1.0713450908660889	1	2.3668039995077157	1.4696628739426849	-1.4827380952380953	1.706547619047619	30	2	105	-3.1058285412302502	5.9958718202307253	1	5.8941714587697493	4.9958718202307253	0.0	-5.5952380952380949	1	1
1.0879640579223633	1	2.2391716436475484	1.6402638155698304	-1.6785714285714286	1.7904761904761906	30	2	105	-3.1058285412302502	5.9958718202307253	1	5.8941714587697493	4.9958718202307253	0.0	-5.5952380952380949	1	1
1.1045880317687988	1	1.9839069319272147	1.981465698824123	-2.0702380952380954	1.9583333333333333	30	2	105	-3.1058285412302502	5.9958718202307253	1	5.8941714587697493	4.9958718202307253	0.0	-5.5952380952380949	1	1
1.1211371421813965	1	1.6419698500083064	2.3404037761392082	-2.5458333333333334	2.0982142857142856	30	2	105	-3.1058285412302502	5.9958718202307253	1	5.8941714587697493	4.9958718202307253	0.0	-5.5952380952380949	1	1
1.1377179622650146	1	1.4276651239495646	2.5287409118271462	-2.825595238095238	2.1541666666666668	30	2	105	-3.1058285412302502	5.9958718202307253	1	5.8941714587697493	4.9958718202307253	0.0	-5.5952380952380949	1	1
1.1543500423431396	1	0.9990556718320813	2.9054151832030257	-3.3851190476190478	2.2660714285714287	30	2	105	-3.1058285412302502	5.9958718202307253	1	5.8941714587697493	4.9958718202307253	0.0	-5.5952380952380949	1	1
1.1709849834442139	1	0.546218128061104	3.2960775498169976	-3.9726190476190477	2.3779761904761907	30	2	105	-3.1058285412302502	5.9958718202307253	1	5.8941714587697493	4.9958718202307253	0.0	-5.5952380952380949	1	1
1.187528133392334	1	0.3319134020023622	3.4844146855049374	-4.2523809523809524	2.4339285714285714	30	2	105	-3.1058285412302502	5.9958718202307253	1	5.8941714587697493	4.9958718202307253	0.0	-5.5952380952380949	1	1
1.2044270038604736	1	-0.09669605011512061	3.8610889568808151	-4.8119047619047617	2.5458333333333334	30	2	105	-3.1058285412302502	5.9958718202307253	1	5.8941714587697493	4.9958718202307253	0.0	-5.5952380952380949	1	1
1.2209789752960205	1	-0.5392935974707003	4.2135351366031983	-5.371428571428571	2.6297619047619047	30	2	105	-3.1058285412302502	5.9958718202307253	1	5.8941714587697493	4.9958718202307253	0.0	-5.5952380952380949	1	1
1.2376251220703125	1	-0.7293702318759498	4.3878841770530421	-5.6232142857142859	2.6857142857142855	30	2	105	-3.1058285412302502	5.9958718202307253	1	5.8941714587697493	4.9958718202307253	0.0	-5.5952380952380949	1	1
1.2541871070861816	1	-1.147739687578035	4.7263422615373312	-6.1547619047619051	2.7696428571428573	30	2	105	-3.1058285412302502	5.9958718202307253	1	5.8941714587697493	4.9958718202307253	0.0	-5.5952380952380949	1	1
1.2707340717315674	1	-1.5418810516266275	5.0508122507835242	-6.6583333333333332	2.8535714285714286	30	2	105	-3.1058285412302502	5.9958718202307253	1	5.8941714587697493	4.9958718202307253	0.0	-5.5952380952380949	1	1
1.28731107711792	1	-1.7319576860318753	5.2251612912333698	-6.9101190476190473	2.9095238095238094	30	2	105	-3.1058285412302502	5.9958718202307253	1	5.8941714587697493	4.9958718202307253	0.0	-5.5952380952380949	1	1
1.3039820194244385	1	-2.015198588228399	5.5179069911806753	-7.3017857142857139	3.0214285714285714	30	2	105	-3.1058285412302502	5.9958718202307253	1	5.8941714587697493	4.9958718202307253	0.0	-5.5952380952380949	1	1
1.3205320835113525	1	-2.1708071345647566	5.6400517495008344	-7.4976190476190476	3.049404761904762	30	2	105	-3.1058285412302502	5.9958718202307253	1	5.8941714587697493	4.9958718202307253	0.0	-5.5952380952380949	1	1
1.3371460437774658	1	-2.3813637618008014	5.8908331637338556	-7.8053571428571429	3.1613095238095239	30	2	105	-3.1058285412302502	5.9958718202307253	1	5.8941714587697493	4.9958718202307253	0.0	-5.5952380952380949	1	1
1.3537530899047852	1	-2.5816803926214478	6.103398391075288	-8.0851190476190471	3.2452380952380953	30	2	105	-3.1058285412302502	5.9958718202307253	1	5.8941714587697493	4.9958718202307253	0.0	-5.5952380952380949	1	1
1.370089054107666	1	-2.709312748481616	6.2739993327024326	-8.2809523809523817	3.3291666666666666	30	2	105	-3.1058285412302502	5.9958718202307253	1	5.8941714587697493	4.9958718202307253	0.0	-5.5952380952380949	1	1
1.3866510391235352	1	-2.768008928203999	6.3401917100702114	-8.3648809523809522	3.3571428571428572	30	2	105	-3.1058285412302502	5.9958718202307253	1	5.8941714587697493	4.9958718202307253	0.0	-5.5952380952380949	1	1
1.4033050537109375	1	-2.8509331995798775	6.4203721826760862	-8.4767857142857146	3.3851190476190478	30	2	105	-3.1058285412302502	5.9958718202307253	1	5.8941714587697493	4.9958718202307253	0.0	-5.5952380952380949	1	1
1.4197981357574463	1	-2.87516129123337	6.4343602779141822	-8.5047619047619047	3.3851190476190478	30	2	105	-3.1058285412302502	5.9958718202307253	1	5.8941714587697493	4.9958718202307253	0.0	-5.5952380952380949	1	1
1.43641996383667	1	-2.885401287648768	6.4725764648057691	-8.5327380952380949	3.413095238095238	30	2	105	-3.1058285412302502	5.9958718202307253	1	5.8941714587697493	4.9958718202307253	0.0	-5.5952380952380949	1	1
1.4530010223388672	1	-2.885401287648768	6.4725764648057691	-8.5327380952380949	3.413095238095238	30	2	105	-3.1058285412302502	5.9958718202307253	1	5.8941714587697493	4.9958718202307253	0.0	-5.5952380952380949	1	1
1.4695961475372314	1	-2.885401287648768	6.4725764648057691	-8.5327380952380949	3.413095238095238	30	2	105	-3.1058285412302502	5.9958718202307253	1	5.8941714587697493	4.9958718202307253	0.0	-5.5952380952380949	1	1
1.4862229824066162	1	-2.885401287648768	6.4725764648057691	-8.5327380952380949	3.413095238095238	30	2	105	-3.1058285412302502	5.9958718202307253	1	5.8941714587697493	4.9958718202307253	0.0	-5.5952380952380949	1	1
1.5028879642486572	1	-2.885401287648768	6.4725764648057691	-8.5327380952380949	3.413095238095238	30	2	105	-3.1058285412302502	5.9958718202307253	1	5.8941714587697493	4.9958718202307253	0.0	-5.5952380952380949	1	1
1.519360065460205	1	-2.899389382886863	6.4483483731522782	-8.5327380952380949	3.3851190476190478	30	2	105	-3.1058285412302502	5.9958718202307253	1	5.8941714587697493	4.9958718202307253	0.0	-5.5952380952380949	1	1
1.536236047744751	1	-2.899389382886863	6.4483483731522782	-8.5327380952380949	3.3851190476190478	30	2	105	-3.1058285412302502	5.9958718202307253	1	5.8941714587697493	4.9958718202307253	0.0	-5.5952380952380949	1	1
1.5528669357299805	1	-2.899389382886863	6.4483483731522782	-8.5327380952380949	3.3851190476190478	30	2	105	-3.1058285412302502	5.9958718202307253	1	5.8941714587697493	4.9958718202307253	0.0	-5.5952380952380949	1	1
1.5695090293884277	1	-2.899389382886863	6.4483483731522782	-8.5327380952380949	3.3851190476190478	30	2	105	-3.1058285412302502	5.9958718202307253	1	5.8941714587697493	4.9958718202307253	0.0	-5.5952380952380949	1	1
1.5860850811004639	1	-2.899389382886863	6.4483483731522782	-8.5327380952380949	3.3851190476190478	30	2	105	-3.1058285412302502	5.9958718202307253	1	5.8941714587697493	4.9958718202307253	0.0	-5.5952380952380949	1	1
1.6026921272277832	1	-2.913377478124958	6.4241202814987837	-8.5327380952380949	3.3571428571428572	30	2	105	-3.1058285412302502	5.9958718202307253	1	5.8941714587697493	4.9958718202307253	0.0	-5.5952380952380949	1	1
1.6191511154174805	1	-2.9655817602546426	6.3896521934298924	-8.5607142857142851	3.301190476190476	30	2	105	-3.1058285412302502	5.9958718202307253	1	5.8941714587697493	4.9958718202307253	0.0	-5.5952380952380949	1	1
1.6358489990234375	1	-3.0737384233367084	6.2582717387470286	-8.588690476190477	3.1333333333333333	30	2	105	-3.1058285412302502	5.9958718202307253	1	5.8941714587697493	4.9958718202307253	0.0	-5.5952380952380949	1	1
1.6524100303649902	1	-3.1539188959425815	6.1753474673711519	-8.6166666666666671	3.0214285714285714	30	2	105	-3.1058285412302502	5.9958718202307253	1	5.8941714587697493	4.9958718202307253	0.0	-5.5952380952380949	1	1
1.6689951419830322	1	-3.1958831816568676	6.1026631924106702	-8.6166666666666671	2.9375	30	2	105	-3.1058285412302502	5.9958718202307253	1	5.8941714587697493	4.9958718202307253	0.0	-5.5952380952380949	1	1
1.6853539943695068	1	-3.2238593721330577	6.0542070091036848	-8.6166666666666671	2.8815476190476192	30	2	105	-3.1058285412302502	5.9958718202307253	1	5.8941714587697493	4.9958718202307253	0.0	-5.5952380952380949	1	1
1.7019519805908203	1	-3.2378474673711537	6.0299789174501903	-8.6166666666666671	2.8535714285714286	30	2	105	-3.1058285412302502	5.9958718202307253	1	5.8941714587697493	4.9958718202307253	0.0	-5.5952380952380949	1	1
1.7185609340667725	1	-3.2378474673711537	6.0299789174501903	-8.6166666666666671	2.8535714285714286	30	2	105	-3.1058285412302502	5.9958718202307253	1	5.8941714587697493	4.9958718202307253	0.0	-5.5952380952380949	1	1
1.7351329326629639	1	-3.2378474673711537	6.0299789174501903	-8.6166666666666671	2.8535714285714286	30	2	105	-3.1058285412302502	5.9958718202307253	1	5.8941714587697493	4.9958718202307253	0.0	-5.5952380952380949	1	1
1.7516770362854004	1	-3.2378474673711537	6.0299789174501903	-8.6166666666666671	2.8535714285714286	30	2	105	-3.1058285412302502	5.9958718202307253	1	5.8941714587697493	4.9958718202307253	0.0	-5.5952380952380949	1	1
1.7683041095733643	1	-3.2378474673711537	6.0299789174501903	-8.6166666666666671	2.8535714285714286	30	2	105	-3.1058285412302502	5.9958718202307253	1	5.8941714587697493	4.9958718202307253	0.0	-5.5952380952380949	1	1
1.7849149703979492	1	-3.2378474673711537	6.0299789174501903	-8.6166666666666671	2.8535714285714286	30	2	105	-3.1058285412302502	5.9958718202307253	1	5.8941714587697493	4.9958718202307253	0.0	-5.5952380952380949	1	1
1.8014960289001465	1	-3.2378474673711537	6.0299789174501903	-8.6166666666666671	2.8535714285714286	30	2	105	-3.1058285412302502	5.9958718202307253	1	5.8941714587697493	4.9958718202307253	0.0	-5.5952380952380949	1	1
1.818166971206665	1	-3.2378474673711537	6.0299789174501903	-8.6166666666666671	2.8535714285714286	30	2	105	-3.1058285412302502	5.9958718202307253	1	5.8941714587697493	4.9958718202307253	0.0	-5.5952380952380949	1	1
1.8347251415252686	1	-3.2378474673711537	6.0299789174501903	-8.6166666666666671	2.8535714285714286	30	2	105	-3.1058285412302502	5.9958718202307253	1	5.8941714587697493	4.9958718202307253	0.0	-5.5952380952380949	1	1
1.8512561321258545	1	-3.2378474673711537	6.0299789174501903	-8.6166666666666671	2.8535714285714286	30	2	105	-3.1058285412302502	5.9958718202307253	1	5.8941714587697493	4.9958718202307253	0.0	-5.5952380952380949	1	1
1.8678619861602783	1	-3.2378474673711537	6.0299789174501903	-8.6166666666666671	2.8535714285714286	30	2	105	-3.1058285412302502	5.9958718202307253	1	5.8941714587697493	4.9958718202307253	0.0	-5.5952380952380949	1	1
1.884408950805664	1	-3.2378474673711537	6.0299789174501903	-8.6166666666666671	2.8535714285714286	30	2	105	-3.1058285412302502	5.9958718202307253	1	5.8941714587697493	4.9958718202307253	0.0	-5.5952380952380949	1	1
1.9010300636291504	1	-3.2378474673711537	6.0299789174501903	-8.6166666666666671	2.8535714285714286	30	2	105	-3.1058285412302502	5.9958718202307253	1	5.8941714587697493	4.9958718202307253	0.0	-5.5952380952380949	1	1
1.9177279472351074	1	-3.2378474673711537	6.0299789174501903	-8.6166666666666671	2.8535714285714286	30	2	105	-3.1058285412302502	5.9958718202307253	1	5.8941714587697493	4.9958718202307253	0.0	-5.5952380952380949	1	1
1.9342529773712158	1	-3.213619375717661	6.0159908222120961	-8.588690476190477	2.8535714285714286	30	2	105	-3.1058285412302502	5.9958718202307253	1	5.8941714587697493	4.9958718202307253	0.0	-5.5952380952380949	1	1
1.9508280754089355	1	-3.213619375717661	6.0159908222120961	-8.588690476190477	2.8535714285714286	30	2	105	-3.1058285412302502	5.9958718202307253	1	5.8941714587697493	4.9958718202307253	0.0	-5.5952380952380949	1	1
1.9674580097198486	1	-3.213619375717661	6.0159908222120961	-8.588690476190477	2.8535714285714286	30	2	105	-3.1058285412302502	5.9958718202307253	1	5.8941714587697493	4.9958718202307253	0.0	-5.5952380952380949	1	1
1.9839999675750732	1	-3.213619375717661	6.0159908222120961	-8.588690476190477	2.8535714285714286	30	2	105	-3.1058285412302502	5.9958718202307253	1	5.8941714587697493	4.9958718202307253	0.0	-5.5952380952380949	1	1
2.0006260871887207	1	-3.213619375717661	6.0159908222120961	-8.588690476190477	2.8535714285714286	30	2	105	-3.1058285412302502	5.9958718202307253	1	5.8941714587697493	4.9958718202307253	0.0	-5.5952380952380949	1	1
2.0172641277313232	1	-3.213619375717661	6.0159908222120961	-8.588690476190477	2.8535714285714286	30	2	105	-3.1058285412302502	5.9958718202307253	1	5.8941714587697493	4.9958718202307253	0.0	-5.5952380952380949	1	1
2.0338611602783203	1	-3.213619375717661	6.0159908222120961	-8.588690476190477	2.8535714285714286	30	2	105	-3.1058285412302502	5.9958718202307253	1	5.8941714587697493	4.9958718202307253	0.0	-5.5952380952380949	1	1
2.0504181385040283	1	-3.213619375717661	6.0159908222120961	-8.588690476190477	2.8535714285714286	30	2	105	-3.1058285412302502	5.9958718202307253	1	5.8941714587697493	4.9958718202307253	0.0	-5.5952380952380949	1	1
2.067005157470703	1	-3.213619375717661	6.0159908222120961	-8.588690476190477	2.8535714285714286	30	2	105	-3.1058285412302502	5.9958718202307253	1	5.8941714587697493	4.9958718202307253	0.0	-5.5952380952380949	1	1
2.0835859775543213	1	-3.213619375717661	6.0159908222120961	-8.588690476190477	2.8535714285714286	30	2	105	-3.1058285412302502	5.9958718202307253	1	5.8941714587697493	4.9958718202307253	0.0	-5.5952380952380949	1	1
2.100208044052124	1	-3.213619375717661	6.0159908222120961	-8.588690476190477	2.8535714285714286	30	2	105	-3.1058285412302502	5.9958718202307253	1	5.8941714587697493	4.9958718202307253	0.0	-5.5952380952380949	1	1
2.1168501377105713	1	-3.213619375717661	6.0159908222120961	-8.588690476190477	2.8535714285714286	30	2	105	-3.1058285412302502	5.9958718202307253	1	5.8941714587697493	4.9958718202307253	0.0	-5.5952380952380949	1	1
2.133413076400757	1	-3.213619375717661	6.0159908222120961	-8.588690476190477	2.8535714285714286	30	2	105	-3.1058285412302502	5.9958718202307253	1	5.8941714587697493	4.9958718202307253	0.0	-5.5952380952380949	1	1
2.1499669551849365	1	-3.213619375717661	6.0159908222120961	-8.588690476190477	2.8535714285714286	30	2	105	-3.1058285412302502	5.9958718202307253	1	5.8941714587697493	4.9958718202307253	0.0	-5.5952380952380949	1	1
2.1665921211242676	1	-3.213619375717661	6.0159908222120961	-8.588690476190477	2.8535714285714286	30	2	105	-3.1058285412302502	5.9958718202307253	1	5.8941714587697493	4.9958718202307253	0.0	-5.5952380952380949	1	1
2.1833600997924805	1	-3.213619375717661	6.0159908222120961	-8.588690476190477	2.8535714285714286	30	2	105	-3.1058285412302502	5.9958718202307253	1	5.8941714587697493	4.9958718202307253	0.0	-5.5952380952380949	1	1
2.200015068054199	1	-3.213619375717661	6.0159908222120961	-8.588690476190477	2.8535714285714286	30	2	105	-3.1058285412302502	5.9958718202307253	1	5.8941714587697493	4.9958718202307253	0.0	-5.5952380952380949	1	1
2.2166731357574463	1	-3.213619375717661	6.0159908222120961	-8.588690476190477	2.8535714285714286	30	2	105	-3.1058285412302502	5.9958718202307253	1	5.8941714587697493	4.9958718202307253	0.0	-5.5952380952380949	1	1
2.2332370281219482	1	-3.213619375717661	6.0159908222120961	-8.588690476190477	2.8535714285714286	30	2	105	-3.1058285412302502	5.9958718202307253	1	5.8941714587697493	4.9958718202307253	0.0	-5.5952380952380949	1	1
2.2498281002044678	1	-3.213619375717661	6.0159908222120961	-8.588690476190477	2.8535714285714286	30	2	105	-3.1058285412302502	5.9958718202307253	1	5.8941714587697493	4.9958718202307253	0.0	-5.5952380952380949	1	1
2.2664339542388916	1	-3.213619375717661	6.0159908222120961	-8.588690476190477	2.8535714285714286	30	2	105	-3.1058285412302502	5.9958718202307253	1	5.8941714587697493	4.9958718202307253	0.0	-5.5952380952380949	1	1
2.282961130142212	1	-3.213619375717661	6.0159908222120961	-8.588690476190477	2.8535714285714286	30	2	105	-3.1058285412302502	5.9958718202307253	1	5.8941714587697493	4.9958718202307253	0.0	-5.5952380952380949	1	1
2.2996010780334473	1	-3.213619375717661	6.0159908222120961	-8.588690476190477	2.8535714285714286	30	2	105	-3.1058285412302502	5.9958718202307253	1	5.8941714587697493	4.9958718202307253	0.0	-5.5952380952380949	1	1
2.3162920475006104	1	-3.213619375717661	6.0159908222120961	-8.588690476190477	2.8535714285714286	30	2	105	-3.1058285412302502	5.9958718202307253	1	5.8941714587697493	4.9958718202307253	0.0	-5.5952380952380949	1	1
2.332472085952759	1	-3.213619375717661	6.0159908222120961	-8.588690476190477	2.8535714285714286	30	2	105	-3.1058285412302502	5.9958718202307253	1	5.8941714587697493	4.9958718202307253	0.0	-5.5952380952380949	1	1
2.3490819931030273	1	-3.213619375717661	6.0159908222120961	-8.588690476190477	2.8535714285714286	30	2	105	-3.1058285412302502	5.9958718202307253	1	5.8941714587697493	4.9958718202307253	0.0	-5.5952380952380949	1	1
2.365783929824829	1	-3.213619375717661	6.0159908222120961	-8.588690476190477	2.8535714285714286	30	2	105	-3.1058285412302502	5.9958718202307253	1	5.8941714587697493	4.9958718202307253	0.0	-5.5952380952380949	1	1
2.3823001384735107	1	-3.213619375717661	6.0159908222120961	-8.588690476190477	2.8535714285714286	30	2	105	-3.1058285412302502	5.9958718202307253	1	5.8941714587697493	4.9958718202307253	0.0	-5.5952380952380949	1	1
2.398937940597534	1	-3.213619375717661	6.0159908222120961	-8.588690476190477	2.8535714285714286	30	2	105	-3.1058285412302502	5.9958718202307253	1	5.8941714587697493	4.9958718202307253	0.0	-5.5952380952380949	1	1
2.415518045425415	1	-3.213619375717661	6.0159908222120961	-8.588690476190477	2.8535714285714286	30	2	105	-3.1058285412302502	5.9958718202307253	1	5.8941714587697493	4.9958718202307253	0.0	-5.5952380952380949	1	1
2.432055950164795	1	-3.213619375717661	6.0159908222120961	-8.588690476190477	2.8535714285714286	30	2	105	-3.1058285412302502	5.9958718202307253	1	5.8941714587697493	4.9958718202307253	0.0	-5.5952380952380949	1	1
2.448639154434204	1	-3.213619375717661	6.0159908222120961	-8.588690476190477	2.8535714285714286	30	2	105	-3.1058285412302502	5.9958718202307253	1	5.8941714587697493	4.9958718202307253	0.0	-5.5952380952380949	1	1
2.465252161026001	1	-3.213619375717661	6.0159908222120961	-8.588690476190477	2.8535714285714286	30	2	105	-3.1058285412302502	5.9958718202307253	1	5.8941714587697493	4.9958718202307253	0.0	-5.5952380952380949	1	1
2.481826066970825	1	-3.213619375717661	6.0159908222120961	-8.588690476190477	2.8535714285714286	30	3	105	-3.1058285412302502	5.9958718202307253	1	5.8941714587697493	4.9958718202307253	0.0	-5.5952380952380949	1	1
2.4987311363220215	1	-3.213619375717661	6.0159908222120961	-8.588690476190477	2.8535714285714286	30	4	105	-3.1058285412302502	5.9958718202307253	1	5.8941714587697493	4.9958718202307253	0.0	-5.5952380952380949	1	1
2.5153050422668457	1	-3.213619375717661	6.0159908222120961	-8.588690476190477	2.8535714285714286	30	4	105	-3.1058285412302502	5.9958718202307253	1	5.8941714587697493	4.9958718202307253	0.0	-5.5952380952380949	1	1
2.53192400932312	1	-3.213619375717661	6.0159908222120961	-8.588690476190477	2.8535714285714286	30	4	105	-3.1058285412302502	5.9958718202307253	1	5.8941714587697493	4.9958718202307253	0.0	-5.5952380952380949	1	1
2.5484960079193115	1	-3.213619375717661	6.0159908222120961	-8.588690476190477	2.8535714285714286	30	4	105	-3.1058285412302502	5.9958718202307253	1	5.8941714587697493	4.9958718202307253	0.0	-5.5952380952380949	1	1
2.5651021003723145	1	-3.213619375717661	6.0159908222120961	-8.588690476190477	2.8535714285714286	30	4	105	-3.1058285412302502	5.9958718202307253	1	5.8941714587697493	4.9958718202307253	0.0	-5.5952380952380949	1	1
2.581714153289795	1	-3.213619375717661	6.0159908222120961	-8.588690476190477	2.8535714285714286	30	4	105	-3.1058285412302502	5.9958718202307253	1	5.8941714587697493	4.9958718202307253	0.0	-5.5952380952380949	1	1
2.5982980728149414	1	-3.213619375717661	6.0159908222120961	-8.588690476190477	2.8535714285714286	30	4	105	-3.1058285412302502	5.9958718202307253	1	5.8941714587697493	4.9958718202307253	0.0	-5.5952380952380949	1	1
2.6148481369018555	1	-3.1576669947652789	6.0159908222120961	-8.5327380952380949	2.8535714285714286	30	4	105	-3.1058285412302502	5.9958718202307253	1	5.8941714587697493	4.9958718202307253	0.0	-5.5952380952380949	1	1
2.6315369606018066	1	-3.1576669947652789	6.0159908222120961	-8.5327380952380949	2.825595238095238	30	4	105	-3.1058285412302502	5.9958718202307253	1	5.8941714587697493	4.9958718202307253	0.0	-5.5952380952380949	1	1
2.648118019104004	1	-3.1017146138128986	6.0159908222120961	-8.4767857142857146	2.825595238095238	30	4	105	-3.1058285412302502	5.9958718202307253	1	5.8941714587697493	4.9958718202307253	0.0	-5.5952380952380949	1	1
2.664355993270874	1	-3.0737384233367084	6.0159908222120961	-8.4488095238095244	2.825595238095238	30	4	105	-3.1058285412302502	5.9958718202307253	1	5.8941714587697493	4.9958718202307253	0.0	-5.5952380952380949	1	1
2.680989980697632	1	-3.0457622328605165	6.0159908222120961	-8.4208333333333325	2.825595238095238	30	4	105	-3.1058285412302502	5.9958718202307253	1	5.8941714587697493	4.9958718202307253	0.0	-5.5952380952380949	1	1
2.697641134262085	1	-3.0177860423843264	6.0159908222120961	-8.3928571428571423	2.825595238095238	30	4	105	-3.1058285412302502	5.9958718202307253	1	5.8941714587697493	4.9958718202307253	0.0	-5.5952380952380949	1	1
2.7141590118408203	1	-2.9898098519081362	6.0159908222120961	-8.3648809523809522	2.825595238095238	30	4	105	-3.1058285412302502	5.9958718202307253	1	5.8941714587697493	4.9958718202307253	0.0	-5.5952380952380949	1	1
2.730776071548462	1	-2.961833661431946	6.0159908222120961	-8.336904761904762	2.825595238095238	30	4	105	-3.1058285412302502	5.9958718202307253	1	5.8941714587697493	4.9958718202307253	0.0	-5.5952380952380949	1	1
2.74733304977417	1	-2.9338574709557559	6.0159908222120961	-8.3089285714285719	2.7976190476190474	30	4	105	-3.1058285412302502	5.9958718202307253	1	5.8941714587697493	4.9958718202307253	0.0	-5.5952380952380949	1	1
2.764004945755005	1	-2.8499288995271836	6.0159908222120961	-8.2249999999999996	2.7976190476190474	30	4	105	-3.1058285412302502	5.9958718202307253	1	5.8941714587697493	4.9958718202307253	0.0	-5.5952380952380949	1	1
2.7805240154266357	1	-2.7939765185748033	6.0159908222120961	-8.1690476190476193	2.7976190476190474	30	4	105	-3.1058285412302502	5.9958718202307253	1	5.8941714587697493	4.9958718202307253	0.0	-5.5952380952380949	1	1
2.797136068344116	1	-2.6820717566700409	6.0159908222120961	-8.0571428571428569	2.825595238095238	30	4	105	-3.1058285412302502	5.9958718202307253	1	5.8941714587697493	4.9958718202307253	0.0	-5.5952380952380949	1	1
2.8137271404266357	1	-2.5142146138128982	6.0159908222120961	-7.8892857142857142	2.825595238095238	30	4	105	-3.1058285412302502	5.9958718202307253	1	5.8941714587697493	4.9958718202307253	0.0	-5.5952380952380949	1	1
2.8306469917297363	1	-2.4023098519081367	6.0159908222120961	-7.7773809523809527	2.825595238095238	30	4	105	-3.1058285412302502	5.9958718202307253	1	5.8941714587697493	4.9958718202307253	0.0	-5.5952380952380949	1	1
2.84712815284729	1	-2.0665955661938504	6.0159908222120961	-7.4416666666666664	2.8815476190476192	30	4	105	-3.1058285412302502	5.9958718202307253	1	5.8941714587697493	4.9958718202307253	0.0	-5.5952380952380949	1	1
2.8637659549713135	1	-1.5630241376224223	6.0159908222120961	-6.9380952380952383	2.9375	30	4	105	-3.1058285412302502	5.9958718202307253	1	5.8941714587697493	4.9958718202307253	0.0	-5.5952380952380949	1	1
2.880357027053833	1	-1.2552860423843271	6.0159908222120961	-6.6303571428571431	2.9934523809523808	30	4	105	-3.1058285412302502	5.9958718202307253	1	5.8941714587697493	4.9958718202307253	0.0	-5.5952380952380949	1	1
2.8970160484313965	1	-0.499928899527184	6.0159908222120961	-5.875	3.0773809523809526	30	4	105	-3.1058285412302502	5.9958718202307253	1	5.8941714587697493	4.9958718202307253	0.0	-5.5952380952380949	1	1
2.913573980331421	1	0.36733300523472057	6.0159908222120961	-5.0077380952380954	3.1892857142857145	30	4	105	-3.1058285412302502	5.9958718202307253	1	5.8941714587697493	4.9958718202307253	0.0	-5.5952380952380949	1	1
2.930238962173462	1	0.87090443380614957	6.0159908222120961	-4.5041666666666664	3.2452380952380953	30	4	105	-3.1058285412302502	5.9958718202307253	1	5.8941714587697493	4.9958718202307253	0.0	-5.5952380952380949	1	1
2.9467380046844482	1	1.9060234814251968	6.0159908222120961	-3.4690476190476192	3.3851190476190478	30	4	105	-3.1058285412302502	5.9958718202307253	1	5.8941714587697493	4.9958718202307253	0.0	-5.5952380952380949	1	1
2.963376998901367	1	2.9691187195204352	6.0159908222120961	-2.4059523809523808	3.4690476190476192	30	4	105	-3.1058285412302502	5.9958718202307253	1	5.8941714587697493	4.9958718202307253	0.0	-5.5952380952380949	1	1
2.979645013809204	1	3.5286425290442445	6.0159908222120961	-1.8464285714285715	3.4970238095238093	30	4	105	-3.1058285412302502	5.9958718202307253	1	5.8941714587697493	4.9958718202307253	0.0	-5.5952380952380949	1	1
2.9962191581726074	1	4.5637615766632926	6.0159908222120961	-0.81130952380952381	3.5529761904761905	30	4	105	-3.1058285412302502	5.9958718202307253	1	5.8941714587697493	4.9958718202307253	0.0	-5.5952380952380949	1	1
3.012824058532715	1	4.695247601124608	2.2574073992637134	0.13988095238095238	3.5529761904761905	30	4	105	-3.1058285412302502	5.9958718202307253	1	5.8941714587697493	4.9958718202307253	0.0	-5.5952380952380949	1	1
3.0295140743255615	1	5.068908972342404	2.0093697838006968	0.58750000000000002	3.5249999999999999	30	4	105	-3.1058285412302502	5.9958718202307253	1	5.8941714587697493	4.9958718202307253	0.0	-5.5952380952380949	1	1
3.0460619926452637	1	5.743547439817517	1.555258838588947	1.3988095238095237	3.4690476190476192	30	4	105	-3.1058285412302502	5.9958718202307253	1	5.8941714587697493	4.9958718202307253	0.0	-5.5952380952380949	1	1
3.0626490116119385	1	6.006308349183246	1.3389455124248189	1.7345238095238096	3.413095238095238	30	4	105	-3.1058285412302502	5.9958718202307253	1	5.8941714587697493	4.9958718202307253	0.0	-5.5952380952380949	1	1
3.0792391300201416	1	6.434917801300728	0.96227124104894024	2.2940476190476189	3.301190476190476	30	5	105	-3.1058285412302502	5.9958718202307253	1	5.8941714587697493	4.9958718202307253	0.0	-5.5952380952380949	1	1
3.095876932144165	1	6.6939306118437605	0.68351363633973072	2.6577380952380953	3.1892857142857145	30	5	105	-3.1058285412302502	5.9958718202307253	1	5.8941714587697493	4.9958718202307253	0.0	-5.5952380952380949	1	1
3.11242413520813	1	6.779598681989642	0.44022841975210536	2.8535714285714286	3.0214285714285714	30	5	105	-3.1058285412302502	5.9958718202307253	1	5.8941714587697493	4.9958718202307253	0.0	-5.5952380952380949	1	1
3.129204034805298	1	6.747874392690754	0.32932795790003588	2.8815476190476192	2.9095238095238094	30	5	105	-3.1058285412302502	5.9958718202307253	1	5.8941714587697493	4.9958718202307253	0.0	-5.5952380952380949	1	1
3.1459009647369385	1	6.535309165349322	0.12901132707938956	2.7976190476190474	2.6297619047619047	30	5	105	-3.1058285412302502	5.9958718202307253	1	5.8941714587697493	4.9958718202307253	0.0	-5.5952380952380949	1	1
3.1625211238861084	1	6.330240135653284	0.053583253348906901	2.6577380952380953	2.461904761904762	30	5	105	-3.1058285412302502	5.9958718202307253	1	5.8941714587697493	4.9958718202307253	0.0	-5.5952380952380949	1	1
3.1790101528167725	1	5.809201614409141	-0.065548604813171707	2.2660714285714287	2.0982142857142856	30	5	105	-3.1058285412302502	5.9958718202307253	1	5.8941714587697493	4.9958718202307253	0.0	-5.5952380952380949	1	1
3.195655107498169	1	5.090590261114355	-0.13521997961557108	1.6785714285714286	1.6785714285714286	30	5	105	-3.1058285412302502	5.9958718202307253	1	5.8941714587697493	4.9958718202307253	0.0	-5.5952380952380949	1	1
3.212252140045166	1	4.6739603041295785	-0.18541566163986722	1.3428571428571427	1.4267857142857143	30	5	105	-3.1058285412302502	5.9958718202307253	1	5.8941714587697493	4.9958718202307253	0.0	-5.5952380952380949	1	1
3.2288379669189453	1	3.7297999283079593	-0.25408273638957191	0.55952380952380953	0.89523809523809528	30	5	105	-3.1058285412302502	5.9958718202307253	1	5.8941714587697493	4.9958718202307253	0.0	-5.5952380952380949	1	1
3.2454490661621094	1	2.7231952739412573	-0.31900171231657914	-0.27976190476190477	0.33571428571428569	30	5	105	-3.1058285412302502	5.9958718202307253	1	5.8941714587697493	4.9958718202307253	0.0	-5.5952380952380949	1	1
3.2620670795440674	1	2.2441210384114	-0.36544929551817784	-0.67142857142857137	0.055952380952380955	30	5	105	-3.1058285412302502	5.9958718202307253	1	5.8941714587697493	4.9958718202307253	0.0	-5.5952380952380949	1	1
3.278630018234253	1	1.3102006590051785	-0.4723325571594712	-1.4267857142857143	-0.50357142857142856	30	5	105	-3.1058285412302502	5.9958718202307253	1	5.8941714587697493	4.9958718202307253	0.0	-5.5952380952380949	1	1
3.2952229976654053	1	0.4974207378664224	-0.64915629499124083	-2.0422619047619048	-1.0630952380952381	30	5	105	-3.1058285412302502	5.9958718202307253	1	5.8941714587697493	4.9958718202307253	0.0	-5.5952380952380949	1	1
3.31182599067688	1	0.12924696418863313	-0.72732816749172713	-2.3220238095238095	-1.3148809523809524	30	5	105	-3.1058285412302502	5.9958718202307253	1	5.8941714587697493	4.9958718202307253	0.0	-5.5952380952380949	1	1
3.3284640312194824	1	-0.5968605867515475	-0.92188809938428928	-2.8535714285714286	-1.8464285714285715	30	5	105	-3.1058285412302502	5.9958718202307253	1	5.8941714587697493	4.9958718202307253	0.0	-5.5952380952380949	1	1
3.3450710773468018	1	-1.2362957674931532	-1.1341842253376431	-3.301190476190476	-2.3500000000000001	30	5	105	-3.1058285412302502	5.9958718202307253	1	5.8941714587697493	4.9958718202307253	0.0	-5.5952380952380949	1	1
3.361644983291626	1	-1.5317852662104627	-1.2543203835524155	-3.4970238095238093	-2.6017857142857141	30	5	105	-3.1058285412302502	5.9958718202307253	1	5.8941714587697493	4.9958718202307253	0.0	-5.5952380952380949	1	1
3.3782401084899902	1	-2.0603199851000005	-1.4983407988046578	-3.8327380952380952	-3.0773809523809526	30	5	105	-3.1058285412302502	5.9958718202307253	1	5.8941714587697493	4.9958718202307253	0.0	-5.5952380952380949	1	1
3.3948020935058594	1	-2.5021823337909637	-1.7600974081176921	-4.0845238095238097	-3.5249999999999999	30	5	105	-3.1058285412302502	5.9958718202307253	1	5.8941714587697493	4.9958718202307253	0.0	-5.5952380952380949	1	1
3.411355972290039	1	-2.67278327541811	-1.887729763977859	-4.168452380952381	-3.7208333333333332	30	5	105	-3.1058285412302502	5.9958718202307253	1	5.8941714587697493	4.9958718202307253	0.0	-5.5952380952380949	1	1
3.4280080795288086	1	-2.965528975365416	-2.1709706661743833	-4.2803571428571425	-4.1124999999999998	30	5	105	-3.1058285412302502	5.9958718202307253	1	5.8941714587697493	4.9958718202307253	0.0	-5.5952380952380949	1	1
3.4446229934692383	1	-3.143626114637957	-2.4234915791247129	-4.3083333333333336	-4.4202380952380951	30	5	105	-3.1058285412302502	5.9958718202307253	1	5.8941714587697493	4.9958718202307253	0.0	-5.5952380952380949	1	1
3.461184024810791	1	-3.2275546860665285	-2.5688601290456723	-4.3083333333333336	-4.5880952380952378	30	5	105	-3.1058285412302502	5.9958718202307253	1	5.8941714587697493	4.9958718202307253	0.0	-5.5952380952380949	1	1
3.4777779579162598	1	-3.294751363487001	-2.8531053312948904	-4.2244047619047622	-4.8678571428571429	30	5	105	-3.1058285412302502	5.9958718202307253	1	5.8941714587697493	4.9958718202307253	0.0	-5.5952380952380949	1	1
3.4944100379943848	1	-3.3479599456693787	-3.1131224418906154	-4.1404761904761909	-5.1196428571428569	30	5	105	-3.1058285412302502	5.9958718202307253	1	5.8941714587697493	4.9958718202307253	0.0	-5.5952380952380949	1	1
3.5108580589294434	1	-3.317239956423184	-3.227771002565381	-4.0565476190476186	-5.2035714285714283	30	5	105	-3.1058285412302502	5.9958718202307253	1	5.8941714587697493	4.9958718202307253	0.0	-5.5952380952380949	1	1
3.527543067932129	1	-3.294016164822385	-3.4673081203303098	-3.9166666666666665	-5.399404761904762	30	5	105	-3.1058285412302502	5.9958718202307253	1	5.8941714587697493	4.9958718202307253	0.0	-5.5952380952380949	1	1
3.544206142425537	1	-3.2250799886846027	-3.5717166845896773	-3.8047619047619046	-5.4553571428571432	30	5	105	-3.1058285412302502	5.9958718202307253	1	5.8941714587697493	4.9958718202307253	0.0	-5.5952380952380949	1	1
3.560810089111328	1	-3.111435728062531	-3.7665457178703168	-3.6089285714285713	-5.5672619047619047	30	5	105	-3.1058285412302502	5.9958718202307253	1	5.8941714587697493	4.9958718202307253	0.0	-5.5952380952380949	1	1
3.5773370265960693	1	-2.983803372202364	-3.9371466594974631	-3.413095238095238	-5.6511904761904761	30	5	105	-3.1058285412302502	5.9958718202307253	1	5.8941714587697493	4.9958718202307253	0.0	-5.5952380952380949	1	1
3.593945026397705	1	-2.8524229175194997	-4.0453033225795272	-3.2452380952380953	-5.6791666666666663	30	5	105	-3.1058285412302502	5.9958718202307253	1	5.8941714587697493	4.9958718202307253	0.0	-5.5952380952380949	1	1
3.610530138015747	1	-2.7937267377971158	-4.1114956999473069	-3.1613095238095239	-5.7071428571428573	30	5	105	-3.1058285412302502	5.9958718202307253	1	5.8941714587697493	4.9958718202307253	0.0	-5.5952380952380949	1	1
3.6270880699157715	1	-2.6725862795296496	-4.1814361761377832	-3.0214285714285714	-5.7071428571428573	30	5	105	-3.1058285412302502	5.9958718202307253	1	5.8941714587697493	4.9958718202307253	0.0	-5.5952380952380949	1	1
3.6438159942626953	1	-2.6241300962226632	-4.2094123666139733	-2.9654761904761906	-5.7071428571428573	30	5	105	-3.1058285412302502	5.9958718202307253	1	5.8941714587697493	4.9958718202307253	0.0	-5.5952380952380949	1	1
3.660323143005371	1	-2.561685817677581	-4.2131604654366699	-2.9095238095238094	-5.6791666666666663	30	5	105	-3.1058285412302502	5.9958718202307253	1	5.8941714587697493	4.9958718202307253	0.0	-5.5952380952380949	1	1
3.676877021789551	1	-2.5132296343705947	-4.2411366559128609	-2.8535714285714286	-5.6791666666666663	30	5	105	-3.1058285412302502	5.9958718202307253	1	5.8941714587697493	4.9958718202307253	0.0	-5.5952380952380949	1	1
3.6935391426086426	1	-2.4890015427171015	-4.255124751150956	-2.825595238095238	-5.6791666666666663	30	5	105	-3.1058285412302502	5.9958718202307253	1	5.8941714587697493	4.9958718202307253	0.0	-5.5952380952380949	1	1
3.7101399898529053	1	-2.4890015427171015	-4.255124751150956	-2.825595238095238	-5.6791666666666663	30	5	105	-3.1058285412302502	5.9958718202307253	1	5.8941714587697493	4.9958718202307253	0.0	-5.5952380952380949	1	1
3.726686954498291	1	-2.4890015427171015	-4.255124751150956	-2.825595238095238	-5.6791666666666663	30	5	105	-3.1058285412302502	5.9958718202307253	1	5.8941714587697493	4.9958718202307253	0.0	-5.5952380952380949	1	1
3.743342161178589	1	-2.4890015427171015	-4.255124751150956	-2.825595238095238	-5.6791666666666663	30	5	105	-3.1058285412302502	5.9958718202307253	1	5.8941714587697493	4.9958718202307253	0.0	-5.5952380952380949	1	1
3.759902000427246	1	-2.4890015427171015	-4.255124751150956	-2.825595238095238	-5.6791666666666663	30	5	105	-3.1058285412302502	5.9958718202307253	1	5.8941714587697493	4.9958718202307253	0.0	-5.5952380952380949	1	1
3.7764739990234375	1	-2.4890015427171015	-4.255124751150956	-2.825595238095238	-5.6791666666666663	30	5	105	-3.1058285412302502	5.9958718202307253	1	5.8941714587697493	4.9958718202307253	0.0	-5.5952380952380949	1	1
3.7927820682525635	1	-2.4890015427171015	-4.255124751150956	-2.825595238095238	-5.6791666666666663	30	5	105	-3.1058285412302502	5.9958718202307253	1	5.8941714587697493	4.9958718202307253	0.0	-5.5952380952380949	1	1
3.8093719482421875	1	-2.4787615463017034	-4.2933409380425447	-2.7976190476190474	-5.7071428571428573	30	5	105	-3.1058285412302502	5.9958718202307253	1	5.8941714587697493	4.9958718202307253	0.0	-5.5952380952380949	1	1
3.8259871006011963	1	-2.4480415570555096	-4.4079894987173098	-2.7136904761904761	-5.7910714285714286	30	5	105	-3.1058285412302502	5.9958718202307253	1	5.8941714587697493	4.9958718202307253	0.0	-5.5952380952380949	1	1
3.842637062072754	1	-2.441549659462809	-4.5086499641539799	-2.6577380952380953	-5.875	30	5	105	-3.1058285412302502	5.9958718202307253	1	5.8941714587697493	4.9958718202307253	0.0	-5.5952380952380949	1	1
3.859179973602295	1	-2.442553959515503	-4.7341989866808136	-2.5458333333333334	-6.0708333333333337	30	5	105	-3.1058285412302502	5.9958718202307253	1	5.8941714587697493	4.9958718202307253	0.0	-5.5952380952380949	1	1
3.875746965408325	1	-2.481774446459785	-4.969988005623045	-2.461904761904762	-6.2946428571428568	30	5	105	-3.1058285412302502	5.9958718202307253	1	5.8941714587697493	4.9958718202307253	0.0	-5.5952380952380949	1	1
3.8923470973968506	1	-2.54522302505756	-5.1917889293271813	-2.4059523809523808	-6.5184523809523807	30	5	105	-3.1058285412302502	5.9958718202307253	1	5.8941714587697493	4.9958718202307253	0.0	-5.5952380952380949	1	1
3.908949136734009	1	-2.552719222702955	-5.3166774864173449	-2.3500000000000001	-6.6303571428571431	30	5	105	-3.1058285412302502	5.9958718202307253	1	5.8941714587697493	4.9958718202307253	0.0	-5.5952380952380949	1	1
3.9255380630493164	1	-2.6403958929542237	-5.5244903148833862	-2.3220238095238095	-6.854166666666667	30	5	105	-3.1058285412302502	5.9958718202307253	1	5.8941714587697493	4.9958718202307253	0.0	-5.5952380952380949	1	1
3.9421980381011963	1	-2.658132087015016	-5.6111626850819611	-2.2940476190476189	-6.9380952380952383	30	5	105	-3.1058285412302502	5.9958718202307253	1	5.8941714587697493	4.9958718202307253	0.0	-5.5952380952380949	1	1
3.9588780403137207	1	-2.689856376313904	-5.7220631469340288	-2.2660714285714287	-7.0499999999999998	30	5	105	-3.1058285412302502	5.9958718202307253	1	5.8941714587697493	4.9958718202307253	0.0	-5.5952380952380949	1	1
3.9755420684814453	1	-2.6796163798985058	-5.7602793338256175	-2.2380952380952381	-7.0779761904761909	30	5	105	-3.1058285412302502	5.9958718202307253	1	5.8941714587697493	4.9958718202307253	0.0	-5.5952380952380949	1	1
3.9921820163726807	1	-2.6796163798985058	-5.7602793338256175	-2.2380952380952381	-7.0779761904761909	30	5	105	-3.1058285412302502	5.9958718202307253	1	5.8941714587697493	4.9958718202307253	0.0	-5.5952380952380949	1	1
4.008769989013672	1	-2.651640189422315	-5.7118231505186312	-2.2380952380952381	-7.0220238095238097	30	5	105	-3.1058285412302502	5.9958718202307253	1	5.8941714587697493	4.9958718202307253	0.0	-5.5952380952380949	1	1
4.0253541469573975	1	-2.581699713231839	-5.590682692251165	-2.2380952380952381	-6.8821428571428571	30	5	105	-3.1058285412302502	5.9958718202307253	1	5.8941714587697493	4.9958718202307253	0.0	-5.5952380952380949	1	1
4.042034149169922	1	-2.4875311453878695	-5.4835303292217938	-2.2101190476190475	-6.7422619047619046	30	5	105	-3.1058285412302502	5.9958718202307253	1	5.8941714587697493	4.9958718202307253	0.0	-5.5952380952380949	1	1
4.058570146560669	1	-2.3094340061153287	-5.2310094162714638	-2.1821428571428569	-6.4345238095238093	30	5	105	-3.1058285412302502	5.9958718202307253	1	5.8941714587697493	4.9958718202307253	0.0	-5.5952380952380949	1	1
4.075159072875977	1	-2.2255054346867573	-5.0856408663505039	-2.1821428571428569	-6.2666666666666666	30	5	105	-3.1058285412302502	5.9958718202307253	1	5.8941714587697493	4.9958718202307253	0.0	-5.5952380952380949	1	1
4.091789960861206	1	-1.9672278228083426	-4.7501956820242963	-2.1261904761904762	-5.8470238095238098	30	5	105	-3.1058285412302502	5.9958718202307253	1	5.8941714587697493	4.9958718202307253	0.0	-5.5952380952380949	1	1
4.10834813117981	1	-1.6744821228610365	-4.4669547798277724	-2.0142857142857142	-5.4553571428571432	30	5	105	-3.1058285412302502	5.9958718202307253	1	5.8941714587697493	4.9958718202307253	0.0	-5.5952380952380949	1	1
4.124942064285278	1	-1.385484521736427	-4.2461581561763291	-1.8744047619047619	-5.1196428571428569	30	5	105	-3.1058285412302502	5.9958718202307253	1	5.8941714587697493	4.9958718202307253	0.0	-5.5952380952380949	1	1
4.141523122787476	1	-1.256847865823567	-4.1912100752766426	-1.7904761904761906	-5.0077380952380954	30	5	105	-3.1058285412302502	5.9958718202307253	1	5.8941714587697493	4.9958718202307253	0.0	-5.5952380952380949	1	1
4.158156156539917	1	-0.9995745539978453	-4.0813139134772678	-1.6226190476190476	-4.7839285714285715	30	5	105	-3.1058285412302502	5.9958718202307253	1	5.8941714587697493	4.9958718202307253	0.0	-5.5952380952380949	1	1
4.174592971801758	1	-0.8467098064314913	-4.0403539278156755	-1.5107142857142857	-4.6720238095238091	30	5	105	-3.1058285412302502	5.9958718202307253	1	5.8941714587697493	4.9958718202307253	0.0	-5.5952380952380949	1	1
4.191257953643799	1	-0.5791964981903724	-3.9686739529078903	-1.3148809523809524	-4.4761904761904763	30	5	105	-3.1058285412302502	5.9958718202307253	1	5.8941714587697493	4.9958718202307253	0.0	-5.5952380952380949	1	1
4.2079010009765625	1	-0.36013937325623935	-3.8690177875239131	-1.175	-4.2803571428571425	30	5	105	-3.1058285412302502	5.9958718202307253	1	5.8941714587697493	4.9958718202307253	0.0	-5.5952380952380949	1	1
4.224513053894043	1	-0.2035265268671883	-3.7656135233172399	-1.0910714285714285	-4.1124999999999998	30	5	105	-3.1058285412302502	5.9958718202307253	1	5.8941714587697493	4.9958718202307253	0.0	-5.5952380952380949	1	1
4.241109132766724	1	-0.15132224473750455	-3.7311454352483482	-1.0630952380952381	-4.0565476190476186	30	5	105	-3.1058285412302502	5.9958718202307253	1	5.8941714587697493	4.9958718202307253	0.0	-5.5952380952380949	1	1
4.257727146148682	1	-0.08512986736972594	-3.6724492555259642	-1.0351190476190477	-3.9726190476190477	30	5	105	-3.1058285412302502	5.9958718202307253	1	5.8941714587697493	4.9958718202307253	0.0	-5.5952380952380949	1	1
4.274302959442139	1	-0.08512986736972594	-3.6724492555259642	-1.0351190476190477	-3.9726190476190477	30	5	105	-3.1058285412302502	5.9958718202307253	1	5.8941714587697493	4.9958718202307253	0.0	-5.5952380952380949	1	1
4.290894031524658	1	-0.07114177213163064	-3.6482211638724711	-1.0351190476190477	-3.9446428571428571	30	5	105	-3.1058285412302502	5.9958718202307253	1	5.8941714587697493	4.9958718202307253	0.0	-5.5952380952380949	1	1
4.30740213394165	1	-0.08512986736972594	-3.6724492555259642	-1.0351190476190477	-3.9726190476190477	30	5	105	-3.1058285412302502	5.9958718202307253	1	5.8941714587697493	4.9958718202307253	0.0	-5.5952380952380949	1	1
4.324070930480957	1	-0.08512986736972594	-3.6724492555259642	-1.0351190476190477	-3.9726190476190477	30	5	105	-3.1058285412302502	5.9958718202307253	1	5.8941714587697493	4.9958718202307253	0.0	-5.5952380952380949	1	1
4.340610027313232	1	-0.10286606143051813	-3.7591216257245388	-1.0071428571428571	-4.0565476190476186	30	5	105	-3.1058285412302502	5.9958718202307253	1	5.8941714587697493	4.9958718202307253	0.0	-5.5952380952380949	1	1
4.357277154922485	1	-0.16256654120559666	-3.9184782708835941	-0.97916666666666663	-4.2244047619047622	30	5	105	-3.1058285412302502	5.9958718202307253	1	5.8941714587697493	4.9958718202307253	0.0	-5.5952380952380949	1	1
4.373840093612671	1	-0.2185189221579774	-4.0153906374975668	-0.97916666666666663	-4.3363095238095237	30	5	105	-3.1058285412302502	5.9958718202307253	1	5.8941714587697493	4.9958718202307253	0.0	-5.5952380952380949	1	1
4.390462160110474	1	-0.33042368406273936	-4.2092153707255129	-0.97916666666666663	-4.5601190476190476	30	5	105	-3.1058285412302502	5.9958718202307253	1	5.8941714587697493	4.9958718202307253	0.0	-5.5952380952380949	1	1
4.407019138336182	1	-0.43208844955210307	-4.4412562908450468	-0.95119047619047614	-4.8119047619047617	30	5	105	-3.1058285412302502	5.9958718202307253	1	5.8941714587697493	4.9958718202307253	0.0	-5.5952380952380949	1	1
4.423661947250366	1	-0.4638127388509911	-4.5521567526971154	-0.92321428571428577	-4.9238095238095241	30	5	105	-3.1058285412302502	5.9958718202307253	1	5.8941714587697493	4.9958718202307253	0.0	-5.5952380952380949	1	1
4.4402360916137695	1	-0.5235132186260694	-4.7115133978561694	-0.89523809523809528	-5.0916666666666668	30	5	105	-3.1058285412302502	5.9958718202307253	1	5.8941714587697493	4.9958718202307253	0.0	-5.5952380952380949	1	1
4.45686411857605	1	-0.5552375079249567	-4.8224138597082371	-0.86726190476190479	-5.2035714285714283	30	5	105	-3.1058285412302502	5.9958718202307253	1	5.8941714587697493	4.9958718202307253	0.0	-5.5952380952380949	1	1
4.473435163497925	1	-0.5589856067476541	-4.8848581382533194	-0.8392857142857143	-5.2595238095238095	30	5	105	-3.1058285412302502	5.9958718202307253	1	5.8941714587697493	4.9958718202307253	0.0	-5.5952380952380949	1	1
4.490049123764038	1	-0.5869617972238447	-4.9333143215603057	-0.8392857142857143	-5.3154761904761907	30	5	105	-3.1058285412302502	5.9958718202307253	1	5.8941714587697493	4.9958718202307253	0.0	-5.5952380952380949	1	1
4.50643515586853	1	-0.5907098960465416	-4.9957586001053871	-0.81130952380952381	-5.371428571428571	30	5	105	-3.1058285412302502	5.9958718202307253	1	5.8941714587697493	4.9958718202307253	0.0	-5.5952380952380949	1	1
4.523179054260254	1	-0.6046979912846371	-5.0199866917588807	-0.81130952380952381	-5.399404761904762	30	5	105	-3.1058285412302502	5.9958718202307253	1	5.8941714587697493	4.9958718202307253	0.0	-5.5952380952380949	1	1
4.539791107177734	1	-0.6186860865227322	-5.0442147834123734	-0.81130952380952381	-5.4273809523809522	30	5	105	-3.1058285412302502	5.9958718202307253	1	5.8941714587697493	4.9958718202307253	0.0	-5.5952380952380949	1	1
4.556430101394653	1	-0.6084460901073345	-5.082430970303963	-0.78333333333333333	-5.4553571428571432	30	5	105	-3.1058285412302502	5.9958718202307253	1	5.8941714587697493	4.9958718202307253	0.0	-5.5952380952380949	1	1
4.572953939437866	1	-0.6224341853454296	-5.1066590619574557	-0.78333333333333333	-5.4833333333333334	30	5	105	-3.1058285412302502	5.9958718202307253	1	5.8941714587697493	4.9958718202307253	0.0	-5.5952380952380949	1	1
4.589576005935669	1	-0.6224341853454296	-5.1066590619574557	-0.78333333333333333	-5.4833333333333334	30	5	105	-3.1058285412302502	5.9958718202307253	1	5.8941714587697493	4.9958718202307253	0.0	-5.5952380952380949	1	1
4.606164932250977	1	-0.6224341853454296	-5.1066590619574557	-0.78333333333333333	-5.4833333333333334	30	5	105	-3.1058285412302502	5.9958718202307253	1	5.8941714587697493	4.9958718202307253	0.0	-5.5952380952380949	1	1
4.622782945632935	1	-0.6224341853454296	-5.1066590619574557	-0.78333333333333333	-5.4833333333333334	30	5	105	-3.1058285412302502	5.9958718202307253	1	5.8941714587697493	4.9958718202307253	0.0	-5.5952380952380949	1	1
4.6392951011657715	1	-0.6121941889300314	-5.1448752488490435	-0.75535714285714284	-5.5113095238095235	30	5	105	-3.1058285412302502	5.9958718202307253	1	5.8941714587697493	4.9958718202307253	0.0	-5.5952380952380949	1	1
4.65599799156189	1	-0.6121941889300314	-5.1448752488490435	-0.75535714285714284	-5.5113095238095235	30	5	105	-3.1058285412302502	5.9958718202307253	1	5.8941714587697493	4.9958718202307253	0.0	-5.5952380952380949	1	1
4.672538995742798	1	-0.6261822841681269	-5.1691033405025379	-0.75535714285714284	-5.5392857142857146	30	5	105	-3.1058285412302502	5.9958718202307253	1	5.8941714587697493	4.9958718202307253	0.0	-5.5952380952380949	1	1
4.689115047454834	1	-0.5777261008611404	-5.1970795309787281	-0.69940476190476186	-5.5392857142857146	30	5	105	-3.1058285412302502	5.9958718202307253	1	5.8941714587697493	4.9958718202307253	0.0	-5.5952380952380949	1	1
4.70572304725647	1	-0.5292699175541541	-5.2250557214549183	-0.643452380952381	-5.5392857142857146	30	5	105	-3.1058285412302502	5.9958718202307253	1	5.8941714587697493	4.9958718202307253	0.0	-5.5952380952380949	1	1
4.722326993942261	1	-0.5190299211387559	-5.2632719083465069	-0.61547619047619051	-5.5672619047619047	30	5	105	-3.1058285412302502	5.9958718202307253	1	5.8941714587697493	4.9958718202307253	0.0	-5.5952380952380949	1	1
4.7389140129089355	1	-0.4463456461782762	-5.3052361940607922	-0.53154761904761905	-5.5672619047619047	30	5	105	-3.1058285412302502	5.9958718202307253	1	5.8941714587697493	4.9958718202307253	0.0	-5.5952380952380949	1	1
