time	trial	cursorx	cursory	hand_x	hand_Y	rotation	step	targetangle	targetposx	targetposy	garagelocation	garageposx	garageposy	homex	homey	group	trial_type
9.5367431640625e-07	4	-0.5035714285714286	-5.4273809523809522	-0.50357142857142856	-5.4273809523809522	0	5	105	-3.1058285412302502	5.9958718202307253	-1	-12.105828541230251	4.9958718202307253	0.0	-5.5952380952380949	1	1
0.028527021408081055	4	-0.41964285714285715	-5.4553571428571432	-0.41964285714285715	-5.4553571428571432	0	1	105	-3.1058285412302502	5.9958718202307253	-1	-12.105828541230251	4.9958718202307253	0.0	-5.5952380952380949	1	1
0.04510498046875	4	-0.39166666666666666	-5.4553571428571432	-0.39166666666666666	-5.4553571428571432	0	1	105	-3.1058285412302502	5.9958718202307253	-1	-12.105828541230251	4.9958718202307253	0.0	-5.5952380952380949	1	1
0.061798095703125	4	-0.39166666666666666	-5.4833333333333334	-0.39166666666666666	-5.4833333333333334	0	1	105	-3.1058285412302502	5.9958718202307253	-1	-12.105828541230251	4.9958718202307253	0.0	-5.5952380952380949	1	1
0.07832098007202148	4	-0.3636904761904762	-5.4833333333333334	-0.36369047619047618	-5.4833333333333334	0	1	105	-3.1058285412302502	5.9958718202307253	-1	-12.105828541230251	4.9958718202307253	0.0	-5.5952380952380949	1	1
0.09490203857421875	4	-0.3636904761904762	-5.4833333333333334	-0.36369047619047618	-5.4833333333333334	0	1	105	-3.1058285412302502	5.9958718202307253	-1	-12.105828541230251	4.9958718202307253	0.0	-5.5952380952380949	1	1
0.11175417900085449	4	-0.3636904761904762	-5.4833333333333334	-0.36369047619047618	-5.4833333333333334	0	1	105	-3.1058285412302502	5.9958718202307253	-1	-12.105828541230251	4.9958718202307253	0.0	-5.5952380952380949	1	1
0.12837004661560059	4	-0.3636904761904762	-5.4833333333333334	-0.36369047619047618	-5.4833333333333334	0	1	105	-3.1058285412302502	5.9958718202307253	-1	-12.105828541230251	4.9958718202307253	0.0	-5.5952380952380949	1	1
0.1449730396270752	4	-0.3636904761904762	-5.4553571428571432	-0.36369047619047618	-5.4553571428571432	0	1	105	-3.1058285412302502	5.9958718202307253	-1	-12.105828541230251	4.9958718202307253	0.0	-5.5952380952380949	1	1
0.16165399551391602	4	-0.3357142857142857	-5.4553571428571432	-0.33571428571428569	-5.4553571428571432	0	1	105	-3.1058285412302502	5.9958718202307253	-1	-12.105828541230251	4.9958718202307253	0.0	-5.5952380952380949	1	1
0.17806410789489746	4	-0.2517857142857143	-5.4273809523809522	-0.25178571428571428	-5.4273809523809522	0	1	105	-3.1058285412302502	5.9958718202307253	-1	-12.105828541230251	4.9958718202307253	0.0	-5.5952380952380949	1	1
0.19469213485717773	4	-0.22380952380952382	-5.399404761904762	-0.22380952380952382	-5.399404761904762	0	1	105	-3.1058285412302502	5.9958718202307253	-1	-12.105828541230251	4.9958718202307253	0.0	-5.5952380952380949	1	1
0.21132802963256836	4	-0.16785714285714284	-5.371428571428571	-0.16785714285714284	-5.371428571428571	0	1	105	-3.1058285412302502	5.9958718202307253	-1	-12.105828541230251	4.9958718202307253	0.0	-5.5952380952380949	1	1
0.22791600227355957	4	-0.16785714285714284	-5.371428571428571	-0.16785714285714284	-5.371428571428571	0	1	105	-3.1058285412302502	5.9958718202307253	-1	-12.105828541230251	4.9958718202307253	0.0	-5.5952380952380949	1	1
0.2445230484008789	4	-0.16785714285714284	-5.371428571428571	-0.16785714285714284	-5.371428571428571	0	1	105	-3.1058285412302502	5.9958718202307253	-1	-12.105828541230251	4.9958718202307253	0.0	-5.5952380952380949	1	1
0.2611420154571533	4	-0.16785714285714284	-5.371428571428571	-0.16785714285714284	-5.371428571428571	0	1	105	-3.1058285412302502	5.9958718202307253	-1	-12.105828541230251	4.9958718202307253	0.0	-5.5952380952380949	1	1
0.27748703956604004	4	-0.16785714285714284	-5.371428571428571	-0.16785714285714284	-5.371428571428571	0	1	105	-3.1058285412302502	5.9958718202307253	-1	-12.105828541230251	4.9958718202307253	0.0	-5.5952380952380949	1	1
0.2940530776977539	4	-0.16785714285714284	-5.3434523809523808	-0.16785714285714284	-5.3434523809523808	0	1	105	-3.1058285412302502	5.9958718202307253	-1	-12.105828541230251	4.9958718202307253	0.0	-5.5952380952380949	1	1
0.3106660842895508	4	-0.16785714285714284	-5.3434523809523808	-0.16785714285714284	-5.3434523809523808	0	1	105	-3.1058285412302502	5.9958718202307253	-1	-12.105828541230251	4.9958718202307253	0.0	-5.5952380952380949	1	1
0.3272111415863037	4	-0.13988095238095238	-5.2874999999999996	-0.13988095238095238	-5.2874999999999996	0	1	105	-3.1058285412302502	5.9958718202307253	-1	-12.105828541230251	4.9958718202307253	0.0	-5.5952380952380949	1	1
0.3437991142272949	4	-0.13988095238095238	-5.2035714285714283	-0.13988095238095238	-5.2035714285714283	0	1	105	-3.1058285412302502	5.9958718202307253	-1	-12.105828541230251	4.9958718202307253	0.0	-5.5952380952380949	1	1
0.36037302017211914	4	-0.11190476190476191	-5.0357142857142856	-0.11190476190476191	-5.0357142857142856	0	1	105	-3.1058285412302502	5.9958718202307253	-1	-12.105828541230251	4.9958718202307253	0.0	-5.5952380952380949	1	1
0.37702012062072754	4	-0.11190476190476191	-4.9517857142857142	-0.11190476190476191	-4.9517857142857142	0	1	105	-3.1058285412302502	5.9958718202307253	-1	-12.105828541230251	4.9958718202307253	0.0	-5.5952380952380949	1	1
0.3936190605163574	4	-0.11190476190476191	-4.7559523809523814	-0.11190476190476191	-4.7559523809523814	0	1	105	-3.1058285412302502	5.9958718202307253	-1	-12.105828541230251	4.9958718202307253	0.0	-5.5952380952380949	1	1
0.4102010726928711	4	-0.13988095238095238	-4.5041666666666664	-0.13988095238095238	-4.5041666666666664	0	1	105	-3.1058285412302502	5.9958718202307253	-1	-12.105828541230251	4.9958718202307253	0.0	-5.5952380952380949	1	1
0.4268040657043457	4	-0.16785714285714284	-4.3642857142857139	-0.16785714285714284	-4.3642857142857139	0	1	105	-3.1058285412302502	5.9958718202307253	-1	-12.105828541230251	4.9958718202307253	0.0	-5.5952380952380949	1	1
0.443619966506958	4	-0.22380952380952382	-4.0845238095238097	-0.22380952380952382	-4.0845238095238097	0	1	105	-3.1058285412302502	5.9958718202307253	-1	-12.105828541230251	4.9958718202307253	0.0	-5.5952380952380949	1	1
0.46021413803100586	4	-0.27976190476190477	-3.9166666666666665	-0.27976190476190477	-3.9166666666666665	0	1	105	-3.1058285412302502	5.9958718202307253	-1	-12.105828541230251	4.9958718202307253	0.0	-5.5952380952380949	1	1
0.47687315940856934	4	-0.3636904761904762	-3.5809523809523811	-0.36369047619047618	-3.5809523809523811	0	1	105	-3.1058285412302502	5.9958718202307253	-1	-12.105828541230251	4.9958718202307253	0.0	-5.5952380952380949	1	1
0.49346494674682617	4	-0.5035714285714286	-3.2452380952380953	-0.50357142857142856	-3.2452380952380953	0	1	105	-3.1058285412302502	5.9958718202307253	-1	-12.105828541230251	4.9958718202307253	0.0	-5.5952380952380949	1	1
0.5100991725921631	4	-0.643452380952381	-2.8815476190476192	-0.643452380952381	-2.8815476190476192	0	2	105	-3.1058285412302502	5.9958718202307253	-1	-12.105828541230251	4.9958718202307253	0.0	-5.5952380952380949	1	1
0.5265519618988037	4	-0.6994047619047619	-2.6857142857142855	-0.69940476190476186	-2.6857142857142855	0	2	105	-3.1058285412302502	5.9958718202307253	-1	-12.105828541230251	4.9958718202307253	0.0	-5.5952380952380949	1	1
0.5432281494140625	4	-0.8672619047619048	-2.2940476190476189	-0.86726190476190479	-2.2940476190476189	0	2	105	-3.1058285412302502	5.9958718202307253	-1	-12.105828541230251	4.9958718202307253	0.0	-5.5952380952380949	1	1
0.5598030090332031	4	-0.9511904761904761	-2.0982142857142856	-0.95119047619047614	-2.0982142857142856	0	2	105	-3.1058285412302502	5.9958718202307253	-1	-12.105828541230251	4.9958718202307253	0.0	-5.5952380952380949	1	1
0.5764651298522949	4	-1.119047619047619	-1.706547619047619	-1.1190476190476191	-1.706547619047619	0	2	105	-3.1058285412302502	5.9958718202307253	-1	-12.105828541230251	4.9958718202307253	0.0	-5.5952380952380949	1	1
0.5930230617523193	4	-1.3428571428571427	-1.3148809523809524	-1.3428571428571427	-1.3148809523809524	0	2	105	-3.1058285412302502	5.9958718202307253	-1	-12.105828541230251	4.9958718202307253	0.0	-5.5952380952380949	1	1
0.6093151569366455	4	-1.4267857142857143	-1.1190476190476186	-1.4267857142857143	-1.1190476190476191	0	2	105	-3.1058285412302502	5.9958718202307253	-1	-12.105828541230251	4.9958718202307253	0.0	-5.5952380952380949	1	1
0.6259191036224365	4	-1.650595238095238	-0.75535714285714306	-1.650595238095238	-0.75535714285714284	0	2	105	-3.1058285412302502	5.9958718202307253	-1	-12.105828541230251	4.9958718202307253	0.0	-5.5952380952380949	1	1
0.6425580978393555	4	-1.818452380952381	-0.36369047619047645	-1.8184523809523809	-0.36369047619047618	0	2	105	-3.1058285412302502	5.9958718202307253	-1	-12.105828541230251	4.9958718202307253	0.0	-5.5952380952380949	1	1
0.6591241359710693	4	-1.874404761904762	-0.1678571428571427	-1.8744047619047619	-0.16785714285714284	0	2	105	-3.1058285412302502	5.9958718202307253	-1	-12.105828541230251	4.9958718202307253	0.0	-5.5952380952380949	1	1
0.6757700443267822	4	-2.0142857142857142	0.19583333333333375	-2.0142857142857142	0.19583333333333333	0	2	105	-3.1058285412302502	5.9958718202307253	-1	-12.105828541230251	4.9958718202307253	0.0	-5.5952380952380949	1	1
0.6922571659088135	4	-2.182142857142857	0.55952380952380931	-2.1821428571428569	0.55952380952380953	0	2	105	-3.1058285412302502	5.9958718202307253	-1	-12.105828541230251	4.9958718202307253	0.0	-5.5952380952380949	1	1
0.7088990211486816	4	-2.238095238095238	0.72738095238095202	-2.2380952380952381	0.72738095238095235	0	2	105	-3.1058285412302502	5.9958718202307253	-1	-12.105828541230251	4.9958718202307253	0.0	-5.5952380952380949	1	1
0.7254559993743896	4	-2.3779761904761907	1.0910714285714285	-2.3779761904761907	1.0910714285714285	0	2	105	-3.1058285412302502	5.9958718202307253	-1	-12.105828541230251	4.9958718202307253	0.0	-5.5952380952380949	1	1
0.742077112197876	4	-2.489880952380952	1.4267857142857139	-2.4898809523809522	1.4267857142857143	0	2	105	-3.1058285412302502	5.9958718202307253	-1	-12.105828541230251	4.9958718202307253	0.0	-5.5952380952380949	1	1
0.7589471340179443	4	-2.5458333333333334	1.5946428571428575	-2.5458333333333334	1.5946428571428573	0	2	105	-3.1058285412302502	5.9958718202307253	-1	-12.105828541230251	4.9958718202307253	0.0	-5.5952380952380949	1	1
0.7756040096282959	4	-2.6297619047619047	1.9303571428571429	-2.6297619047619047	1.9303571428571429	0	2	105	-3.1058285412302502	5.9958718202307253	-1	-12.105828541230251	4.9958718202307253	0.0	-5.5952380952380949	1	1
0.7920911312103271	4	-2.6857142857142855	2.2380952380952381	-2.6857142857142855	2.2380952380952381	0	2	105	-3.1058285412302502	5.9958718202307253	-1	-12.105828541230251	4.9958718202307253	0.0	-5.5952380952380949	1	1
0.8086819648742676	4	-2.713690476190476	2.3779761904761907	-2.7136904761904761	2.3779761904761907	0	2	105	-3.1058285412302502	5.9958718202307253	-1	-12.105828541230251	4.9958718202307253	0.0	-5.5952380952380949	1	1
0.8252840042114258	4	-2.7976190476190474	2.6857142857142851	-2.7976190476190474	2.6857142857142855	0	2	105	-3.1058285412302502	5.9958718202307253	-1	-12.105828541230251	4.9958718202307253	0.0	-5.5952380952380949	1	1
0.8419160842895508	4	-2.8535714285714286	2.9375	-2.8535714285714286	2.9375	0	2	105	-3.1058285412302502	5.9958718202307253	-1	-12.105828541230251	4.9958718202307253	0.0	-5.5952380952380949	1	1
0.8583650588989258	4	-2.8815476190476192	3.0494047619047624	-2.8815476190476192	3.049404761904762	0	2	105	-3.1058285412302502	5.9958718202307253	-1	-12.105828541230251	4.9958718202307253	0.0	-5.5952380952380949	1	1
0.8752031326293945	4	-2.9375	3.3011904761904756	-2.9375	3.301190476190476	0	2	105	-3.1058285412302502	5.9958718202307253	-1	-12.105828541230251	4.9958718202307253	0.0	-5.5952380952380949	1	1
0.891700029373169	4	-2.9654761904761906	3.5529761904761905	-2.9654761904761906	3.5529761904761905	0	2	105	-3.1058285412302502	5.9958718202307253	-1	-12.105828541230251	4.9958718202307253	0.0	-5.5952380952380949	1	1
0.9082460403442383	4	-2.9934523809523808	3.6648809523809529	-2.9934523809523808	3.6648809523809525	0	2	105	-3.1058285412302502	5.9958718202307253	-1	-12.105828541230251	4.9958718202307253	0.0	-5.5952380952380949	1	1
0.924597978591919	4	-3.049404761904762	3.8607142857142858	-3.049404761904762	3.8607142857142858	0	2	105	-3.1058285412302502	5.9958718202307253	-1	-12.105828541230251	4.9958718202307253	0.0	-5.5952380952380949	1	1
0.9411799907684326	4	-3.049404761904762	3.9726190476190482	-3.049404761904762	3.9726190476190477	0	2	105	-3.1058285412302502	5.9958718202307253	-1	-12.105828541230251	4.9958718202307253	0.0	-5.5952380952380949	1	1
0.9577920436859131	4	-3.1053571428571427	4.168452380952381	-3.1053571428571427	4.168452380952381	0	2	105	-3.1058285412302502	5.9958718202307253	-1	-12.105828541230251	4.9958718202307253	0.0	-5.5952380952380949	1	1
0.9744420051574707	4	-3.161309523809524	4.3363095238095237	-3.1613095238095239	4.3363095238095237	0	2	105	-3.1058285412302502	5.9958718202307253	-1	-12.105828541230251	4.9958718202307253	0.0	-5.5952380952380949	1	1
0.9910271167755127	4	-3.1892857142857145	4.5321428571428584	-3.1892857142857145	4.5321428571428575	0	2	105	-3.1058285412302502	5.9958718202307253	-1	-12.105828541230251	4.9958718202307253	0.0	-5.5952380952380949	1	1
1.0075819492340088	4	-3.1892857142857145	4.6160714285714288	-3.1892857142857145	4.6160714285714288	0	2	105	-3.1058285412302502	5.9958718202307253	-1	-12.105828541230251	4.9958718202307253	0.0	-5.5952380952380949	1	1
1.02413010597229	4	-3.2172619047619047	4.7839285714285715	-3.2172619047619047	4.7839285714285715	0	2	105	-3.1058285412302502	5.9958718202307253	-1	-12.105828541230251	4.9958718202307253	0.0	-5.5952380952380949	1	1
1.0407600402832031	4	-3.2172619047619047	4.8398809523809518	-3.2172619047619047	4.8398809523809527	0	2	105	-3.1058285412302502	5.9958718202307253	-1	-12.105828541230251	4.9958718202307253	0.0	-5.5952380952380949	1	1
1.0573220252990723	4	-3.2452380952380953	4.9517857142857142	-3.2452380952380953	4.9517857142857142	0	2	105	-3.1058285412302502	5.9958718202307253	-1	-12.105828541230251	4.9958718202307253	0.0	-5.5952380952380949	1	1
1.07395601272583	4	-3.273214285714286	5.0636904761904766	-3.2732142857142859	5.0636904761904766	0	2	105	-3.1058285412302502	5.9958718202307253	-1	-12.105828541230251	4.9958718202307253	0.0	-5.5952380952380949	1	1
1.0908591747283936	4	-3.301190476190476	5.1755952380952372	-3.301190476190476	5.1755952380952381	0	2	105	-3.1058285412302502	5.9958718202307253	-1	-12.105828541230251	4.9958718202307253	0.0	-5.5952380952380949	1	1
1.107485055923462	4	-3.301190476190476	5.2315476190476193	-3.301190476190476	5.2315476190476193	0	2	105	-3.1058285412302502	5.9958718202307253	-1	-12.105828541230251	4.9958718202307253	0.0	-5.5952380952380949	1	1
1.123979091644287	4	-3.301190476190476	5.3154761904761898	-3.301190476190476	5.3154761904761907	0	2	105	-3.1058285412302502	5.9958718202307253	-1	-12.105828541230251	4.9958718202307253	0.0	-5.5952380952380949	1	1
1.1406021118164062	4	-3.301190476190476	5.3714285714285701	-3.301190476190476	5.371428571428571	0	2	105	-3.1058285412302502	5.9958718202307253	-1	-12.105828541230251	4.9958718202307253	0.0	-5.5952380952380949	1	1
1.1571929454803467	4	-3.301190476190476	5.4553571428571423	-3.301190476190476	5.4553571428571432	0	2	105	-3.1058285412302502	5.9958718202307253	-1	-12.105828541230251	4.9958718202307253	0.0	-5.5952380952380949	1	1
1.1738109588623047	4	-3.301190476190476	5.5392857142857146	-3.301190476190476	5.5392857142857146	0	2	105	-3.1058285412302502	5.9958718202307253	-1	-12.105828541230251	4.9958718202307253	0.0	-5.5952380952380949	1	1
1.1904520988464355	4	-3.273214285714286	5.6232142857142868	-3.2732142857142859	5.6232142857142859	0	2	105	-3.1058285412302502	5.9958718202307253	-1	-12.105828541230251	4.9958718202307253	0.0	-5.5952380952380949	1	1
1.2069761753082275	4	-3.273214285714286	5.6511904761904752	-3.2732142857142859	5.6511904761904761	0	2	105	-3.1058285412302502	5.9958718202307253	-1	-12.105828541230251	4.9958718202307253	0.0	-5.5952380952380949	1	1
1.2235901355743408	4	-3.273214285714286	5.7351190476190474	-3.2732142857142859	5.7351190476190474	0	2	105	-3.1058285412302502	5.9958718202307253	-1	-12.105828541230251	4.9958718202307253	0.0	-5.5952380952380949	1	1
1.2401840686798096	4	-3.2452380952380953	5.7630952380952394	-3.2452380952380953	5.7630952380952385	0	2	105	-3.1058285412302502	5.9958718202307253	-1	-12.105828541230251	4.9958718202307253	0.0	-5.5952380952380949	1	1
1.2565100193023682	4	-3.2452380952380953	5.8470238095238098	-3.2452380952380953	5.8470238095238098	0	2	105	-3.1058285412302502	5.9958718202307253	-1	-12.105828541230251	4.9958718202307253	0.0	-5.5952380952380949	1	1
1.2730679512023926	4	-3.2452380952380953	5.9029761904761902	-3.2452380952380953	5.9029761904761902	0	2	105	-3.1058285412302502	5.9958718202307253	-1	-12.105828541230251	4.9958718202307253	0.0	-5.5952380952380949	1	1
1.2897350788116455	4	-3.2452380952380953	5.9309523809523803	-3.2452380952380953	5.9309523809523812	0	2	105	-3.1058285412302502	5.9958718202307253	-1	-12.105828541230251	4.9958718202307253	0.0	-5.5952380952380949	1	1
1.3063240051269531	4	-3.2452380952380953	5.9869047619047606	-3.2452380952380953	5.9869047619047615	0	2	105	-3.1058285412302502	5.9958718202307253	-1	-12.105828541230251	4.9958718202307253	0.0	-5.5952380952380949	1	1
1.3228750228881836	4	-3.2452380952380953	6.0428571428571427	-3.2452380952380953	6.0428571428571427	0	2	105	-3.1058285412302502	5.9958718202307253	-1	-12.105828541230251	4.9958718202307253	0.0	-5.5952380952380949	1	1
1.3394429683685303	4	-3.2452380952380953	6.0428571428571427	-3.2452380952380953	6.0428571428571427	0	2	105	-3.1058285412302502	5.9958718202307253	-1	-12.105828541230251	4.9958718202307253	0.0	-5.5952380952380949	1	1
1.3559980392456055	4	-3.2172619047619047	6.0708333333333329	-3.2172619047619047	6.0708333333333337	0	2	105	-3.1058285412302502	5.9958718202307253	-1	-12.105828541230251	4.9958718202307253	0.0	-5.5952380952380949	1	1
1.372636079788208	4	-3.2172619047619047	6.0988095238095248	-3.2172619047619047	6.0988095238095239	0	2	105	-3.1058285412302502	5.9958718202307253	-1	-12.105828541230251	4.9958718202307253	0.0	-5.5952380952380949	1	1
1.3892560005187988	4	-3.2172619047619047	6.0988095238095248	-3.2172619047619047	6.0988095238095239	0	2	105	-3.1058285412302502	5.9958718202307253	-1	-12.105828541230251	4.9958718202307253	0.0	-5.5952380952380949	1	1
1.4061429500579834	4	-3.2172619047619047	6.0988095238095248	-3.2172619047619047	6.0988095238095239	0	2	105	-3.1058285412302502	5.9958718202307253	-1	-12.105828541230251	4.9958718202307253	0.0	-5.5952380952380949	1	1
1.422701120376587	4	-3.2172619047619047	6.0988095238095248	-3.2172619047619047	6.0988095238095239	0	2	105	-3.1058285412302502	5.9958718202307253	-1	-12.105828541230251	4.9958718202307253	0.0	-5.5952380952380949	1	1
1.4393410682678223	4	-3.2172619047619047	6.0988095238095248	-3.2172619047619047	6.0988095238095239	0	2	105	-3.1058285412302502	5.9958718202307253	-1	-12.105828541230251	4.9958718202307253	0.0	-5.5952380952380949	1	1
1.4558680057525635	4	-3.2172619047619047	6.0988095238095248	-3.2172619047619047	6.0988095238095239	0	2	105	-3.1058285412302502	5.9958718202307253	-1	-12.105828541230251	4.9958718202307253	0.0	-5.5952380952380949	1	1
1.4724631309509277	4	-3.2172619047619047	6.0988095238095248	-3.2172619047619047	6.0988095238095239	0	2	105	-3.1058285412302502	5.9958718202307253	-1	-12.105828541230251	4.9958718202307253	0.0	-5.5952380952380949	1	1
1.489109992980957	4	-3.2172619047619047	6.0988095238095248	-3.2172619047619047	6.0988095238095239	0	2	105	-3.1058285412302502	5.9958718202307253	-1	-12.105828541230251	4.9958718202307253	0.0	-5.5952380952380949	1	1
1.5057029724121094	4	-3.2172619047619047	6.0988095238095248	-3.2172619047619047	6.0988095238095239	0	2	105	-3.1058285412302502	5.9958718202307253	-1	-12.105828541230251	4.9958718202307253	0.0	-5.5952380952380949	1	1
1.522273063659668	4	-3.2172619047619047	6.0988095238095248	-3.2172619047619047	6.0988095238095239	0	2	105	-3.1058285412302502	5.9958718202307253	-1	-12.105828541230251	4.9958718202307253	0.0	-5.5952380952380949	1	1
1.538835048675537	4	-3.2172619047619047	6.0988095238095248	-3.2172619047619047	6.0988095238095239	0	2	105	-3.1058285412302502	5.9958718202307253	-1	-12.105828541230251	4.9958718202307253	0.0	-5.5952380952380949	1	1
1.5554370880126953	4	-3.2172619047619047	6.0988095238095248	-3.2172619047619047	6.0988095238095239	0	2	105	-3.1058285412302502	5.9958718202307253	-1	-12.105828541230251	4.9958718202307253	0.0	-5.5952380952380949	1	1
1.5720419883728027	4	-3.2172619047619047	6.0988095238095248	-3.2172619047619047	6.0988095238095239	0	2	105	-3.1058285412302502	5.9958718202307253	-1	-12.105828541230251	4.9958718202307253	0.0	-5.5952380952380949	1	1
1.5887341499328613	4	-3.2172619047619047	6.0988095238095248	-3.2172619047619047	6.0988095238095239	0	2	105	-3.1058285412302502	5.9958718202307253	-1	-12.105828541230251	4.9958718202307253	0.0	-5.5952380952380949	1	1
1.6052300930023193	4	-3.2172619047619047	6.0988095238095248	-3.2172619047619047	6.0988095238095239	0	2	105	-3.1058285412302502	5.9958718202307253	-1	-12.105828541230251	4.9958718202307253	0.0	-5.5952380952380949	1	1
1.6218371391296387	4	-3.2172619047619047	6.0988095238095248	-3.2172619047619047	6.0988095238095239	0	2	105	-3.1058285412302502	5.9958718202307253	-1	-12.105828541230251	4.9958718202307253	0.0	-5.5952380952380949	1	1
1.6384479999542236	4	-3.2172619047619047	6.0988095238095248	-3.2172619047619047	6.0988095238095239	0	2	105	-3.1058285412302502	5.9958718202307253	-1	-12.105828541230251	4.9958718202307253	0.0	-5.5952380952380949	1	1
1.6549880504608154	4	-3.2172619047619047	6.0988095238095248	-3.2172619047619047	6.0988095238095239	0	2	105	-3.1058285412302502	5.9958718202307253	-1	-12.105828541230251	4.9958718202307253	0.0	-5.5952380952380949	1	1
1.6715850830078125	4	-3.2172619047619047	6.0988095238095248	-3.2172619047619047	6.0988095238095239	0	2	105	-3.1058285412302502	5.9958718202307253	-1	-12.105828541230251	4.9958718202307253	0.0	-5.5952380952380949	1	1
1.688183069229126	4	-3.2172619047619047	6.0988095238095248	-3.2172619047619047	6.0988095238095239	0	2	105	-3.1058285412302502	5.9958718202307253	-1	-12.105828541230251	4.9958718202307253	0.0	-5.5952380952380949	1	1
1.7048261165618896	4	-3.2172619047619047	6.0988095238095248	-3.2172619047619047	6.0988095238095239	0	2	105	-3.1058285412302502	5.9958718202307253	-1	-12.105828541230251	4.9958718202307253	0.0	-5.5952380952380949	1	1
1.721411943435669	4	-3.2172619047619047	6.0988095238095248	-3.2172619047619047	6.0988095238095239	0	2	105	-3.1058285412302502	5.9958718202307253	-1	-12.105828541230251	4.9958718202307253	0.0	-5.5952380952380949	1	1
1.7379579544067383	4	-3.2172619047619047	6.0988095238095248	-3.2172619047619047	6.0988095238095239	0	2	105	-3.1058285412302502	5.9958718202307253	-1	-12.105828541230251	4.9958718202307253	0.0	-5.5952380952380949	1	1
1.7541530132293701	4	-3.2452380952380953	6.0988095238095248	-3.2452380952380953	6.0988095238095239	0	2	105	-3.1058285412302502	5.9958718202307253	-1	-12.105828541230251	4.9958718202307253	0.0	-5.5952380952380949	1	1
1.7709980010986328	4	-3.2452380952380953	6.0988095238095248	-3.2452380952380953	6.0988095238095239	0	2	105	-3.1058285412302502	5.9958718202307253	-1	-12.105828541230251	4.9958718202307253	0.0	-5.5952380952380949	1	1
1.7875549793243408	4	-3.301190476190476	6.0988095238095248	-3.301190476190476	6.0988095238095239	0	2	105	-3.1058285412302502	5.9958718202307253	-1	-12.105828541230251	4.9958718202307253	0.0	-5.5952380952380949	1	1
1.8042051792144775	4	-3.357142857142857	6.0988095238095248	-3.3571428571428572	6.0988095238095239	0	2	105	-3.1058285412302502	5.9958718202307253	-1	-12.105828541230251	4.9958718202307253	0.0	-5.5952380952380949	1	1
1.820770025253296	4	-3.357142857142857	6.0988095238095248	-3.3571428571428572	6.0988095238095239	0	2	105	-3.1058285412302502	5.9958718202307253	-1	-12.105828541230251	4.9958718202307253	0.0	-5.5952380952380949	1	1
1.8374230861663818	4	-3.413095238095238	6.0988095238095248	-3.413095238095238	6.0988095238095239	0	2	105	-3.1058285412302502	5.9958718202307253	-1	-12.105828541230251	4.9958718202307253	0.0	-5.5952380952380949	1	1
1.8538949489593506	4	-3.413095238095238	6.0988095238095248	-3.413095238095238	6.0988095238095239	0	2	105	-3.1058285412302502	5.9958718202307253	-1	-12.105828541230251	4.9958718202307253	0.0	-5.5952380952380949	1	1
1.8705430030822754	4	-3.4410714285714286	6.0988095238095248	-3.4410714285714286	6.0988095238095239	0	2	105	-3.1058285412302502	5.9958718202307253	-1	-12.105828541230251	4.9958718202307253	0.0	-5.5952380952380949	1	1
1.887148141860962	4	-3.4410714285714286	6.0988095238095248	-3.4410714285714286	6.0988095238095239	0	2	105	-3.1058285412302502	5.9958718202307253	-1	-12.105828541230251	4.9958718202307253	0.0	-5.5952380952380949	1	1
1.903465986251831	4	-3.469047619047619	6.0988095238095248	-3.4690476190476192	6.0988095238095239	0	2	105	-3.1058285412302502	5.9958718202307253	-1	-12.105828541230251	4.9958718202307253	0.0	-5.5952380952380949	1	1
1.9199941158294678	4	-3.469047619047619	6.0988095238095248	-3.4690476190476192	6.0988095238095239	0	2	105	-3.1058285412302502	5.9958718202307253	-1	-12.105828541230251	4.9958718202307253	0.0	-5.5952380952380949	1	1
1.936676025390625	4	-3.4970238095238093	6.0988095238095248	-3.4970238095238093	6.0988095238095239	0	2	105	-3.1058285412302502	5.9958718202307253	-1	-12.105828541230251	4.9958718202307253	0.0	-5.5952380952380949	1	1
1.953207015991211	4	-3.4970238095238093	6.0988095238095248	-3.4970238095238093	6.0988095238095239	0	2	105	-3.1058285412302502	5.9958718202307253	-1	-12.105828541230251	4.9958718202307253	0.0	-5.5952380952380949	1	1
1.969994068145752	4	-3.525	6.0988095238095248	-3.5249999999999999	6.0988095238095239	0	2	105	-3.1058285412302502	5.9958718202307253	-1	-12.105828541230251	4.9958718202307253	0.0	-5.5952380952380949	1	1
1.9865660667419434	4	-3.525	6.0988095238095248	-3.5249999999999999	6.0988095238095239	0	2	105	-3.1058285412302502	5.9958718202307253	-1	-12.105828541230251	4.9958718202307253	0.0	-5.5952380952380949	1	1
2.0032920837402344	4	-3.525	6.0988095238095248	-3.5249999999999999	6.0988095238095239	0	2	105	-3.1058285412302502	5.9958718202307253	-1	-12.105828541230251	4.9958718202307253	0.0	-5.5952380952380949	1	1
2.019819974899292	4	-3.525	6.0988095238095248	-3.5249999999999999	6.0988095238095239	0	2	105	-3.1058285412302502	5.9958718202307253	-1	-12.105828541230251	4.9958718202307253	0.0	-5.5952380952380949	1	1
2.0364489555358887	4	-3.525	6.0988095238095248	-3.5249999999999999	6.0988095238095239	0	2	105	-3.1058285412302502	5.9958718202307253	-1	-12.105828541230251	4.9958718202307253	0.0	-5.5952380952380949	1	1
2.053262948989868	4	-3.525	6.0988095238095248	-3.5249999999999999	6.0988095238095239	0	2	105	-3.1058285412302502	5.9958718202307253	-1	-12.105828541230251	4.9958718202307253	0.0	-5.5952380952380949	1	1
2.069880962371826	4	-3.525	6.0988095238095248	-3.5249999999999999	6.0988095238095239	0	2	105	-3.1058285412302502	5.9958718202307253	-1	-12.105828541230251	4.9958718202307253	0.0	-5.5952380952380949	1	1
2.086472988128662	4	-3.525	6.0988095238095248	-3.5249999999999999	6.0988095238095239	0	2	105	-3.1058285412302502	5.9958718202307253	-1	-12.105828541230251	4.9958718202307253	0.0	-5.5952380952380949	1	1
2.1031370162963867	4	-3.525	6.0988095238095248	-3.5249999999999999	6.0988095238095239	0	2	105	-3.1058285412302502	5.9958718202307253	-1	-12.105828541230251	4.9958718202307253	0.0	-5.5952380952380949	1	1
2.119652032852173	4	-3.525	6.0988095238095248	-3.5249999999999999	6.0988095238095239	0	2	105	-3.1058285412302502	5.9958718202307253	-1	-12.105828541230251	4.9958718202307253	0.0	-5.5952380952380949	1	1
2.1362459659576416	4	-3.525	6.0988095238095248	-3.5249999999999999	6.0988095238095239	0	2	105	-3.1058285412302502	5.9958718202307253	-1	-12.105828541230251	4.9958718202307253	0.0	-5.5952380952380949	1	1
2.1528451442718506	4	-3.525	6.0988095238095248	-3.5249999999999999	6.0988095238095239	0	2	105	-3.1058285412302502	5.9958718202307253	-1	-12.105828541230251	4.9958718202307253	0.0	-5.5952380952380949	1	1
2.169466018676758	4	-3.525	6.0988095238095248	-3.5249999999999999	6.0988095238095239	0	2	105	-3.1058285412302502	5.9958718202307253	-1	-12.105828541230251	4.9958718202307253	0.0	-5.5952380952380949	1	1
2.186007022857666	4	-3.4970238095238093	6.0988095238095248	-3.4970238095238093	6.0988095238095239	0	2	105	-3.1058285412302502	5.9958718202307253	-1	-12.105828541230251	4.9958718202307253	0.0	-5.5952380952380949	1	1
2.202677011489868	4	-3.469047619047619	6.0708333333333329	-3.4690476190476192	6.0708333333333337	0	2	105	-3.1058285412302502	5.9958718202307253	-1	-12.105828541230251	4.9958718202307253	0.0	-5.5952380952380949	1	1
2.218973159790039	4	-3.4410714285714286	6.0708333333333329	-3.4410714285714286	6.0708333333333337	0	2	105	-3.1058285412302502	5.9958718202307253	-1	-12.105828541230251	4.9958718202307253	0.0	-5.5952380952380949	1	1
2.2355639934539795	4	-3.385119047619048	6.0708333333333329	-3.3851190476190478	6.0708333333333337	0	2	105	-3.1058285412302502	5.9958718202307253	-1	-12.105828541230251	4.9958718202307253	0.0	-5.5952380952380949	1	1
2.252117156982422	4	-3.357142857142857	6.0708333333333329	-3.3571428571428572	6.0708333333333337	0	2	105	-3.1058285412302502	5.9958718202307253	-1	-12.105828541230251	4.9958718202307253	0.0	-5.5952380952380949	1	1
2.268710136413574	4	-3.3291666666666666	6.0708333333333329	-3.3291666666666666	6.0708333333333337	0	2	105	-3.1058285412302502	5.9958718202307253	-1	-12.105828541230251	4.9958718202307253	0.0	-5.5952380952380949	1	1
2.2852790355682373	4	-3.301190476190476	6.0708333333333329	-3.301190476190476	6.0708333333333337	0	2	105	-3.1058285412302502	5.9958718202307253	-1	-12.105828541230251	4.9958718202307253	0.0	-5.5952380952380949	1	1
2.3019649982452393	4	-3.301190476190476	6.0708333333333329	-3.301190476190476	6.0708333333333337	0	2	105	-3.1058285412302502	5.9958718202307253	-1	-12.105828541230251	4.9958718202307253	0.0	-5.5952380952380949	1	1
2.3185601234436035	4	-3.301190476190476	6.0708333333333329	-3.301190476190476	6.0708333333333337	0	2	105	-3.1058285412302502	5.9958718202307253	-1	-12.105828541230251	4.9958718202307253	0.0	-5.5952380952380949	1	1
2.3350989818573	4	-3.301190476190476	6.0708333333333329	-3.301190476190476	6.0708333333333337	0	2	105	-3.1058285412302502	5.9958718202307253	-1	-12.105828541230251	4.9958718202307253	0.0	-5.5952380952380949	1	1
2.3516759872436523	4	-3.301190476190476	6.0708333333333329	-3.301190476190476	6.0708333333333337	0	2	105	-3.1058285412302502	5.9958718202307253	-1	-12.105828541230251	4.9958718202307253	0.0	-5.5952380952380949	1	1
2.36830997467041	4	-3.301190476190476	6.0708333333333329	-3.301190476190476	6.0708333333333337	0	2	105	-3.1058285412302502	5.9958718202307253	-1	-12.105828541230251	4.9958718202307253	0.0	-5.5952380952380949	1	1
2.385136127471924	4	-3.301190476190476	6.0708333333333329	-3.301190476190476	6.0708333333333337	0	2	105	-3.1058285412302502	5.9958718202307253	-1	-12.105828541230251	4.9958718202307253	0.0	-5.5952380952380949	1	1
2.401819944381714	4	-3.301190476190476	6.0708333333333329	-3.301190476190476	6.0708333333333337	0	2	105	-3.1058285412302502	5.9958718202307253	-1	-12.105828541230251	4.9958718202307253	0.0	-5.5952380952380949	1	1
2.4183621406555176	4	-3.3291666666666666	6.0708333333333329	-3.3291666666666666	6.0708333333333337	0	2	105	-3.1058285412302502	5.9958718202307253	-1	-12.105828541230251	4.9958718202307253	0.0	-5.5952380952380949	1	1
2.43495512008667	4	-3.3291666666666666	6.0708333333333329	-3.3291666666666666	6.0708333333333337	0	2	105	-3.1058285412302502	5.9958718202307253	-1	-12.105828541230251	4.9958718202307253	0.0	-5.5952380952380949	1	1
2.4515371322631836	4	-3.357142857142857	6.0708333333333329	-3.3571428571428572	6.0708333333333337	0	2	105	-3.1058285412302502	5.9958718202307253	-1	-12.105828541230251	4.9958718202307253	0.0	-5.5952380952380949	1	1
2.4681010246276855	4	-3.357142857142857	6.0708333333333329	-3.3571428571428572	6.0708333333333337	0	2	105	-3.1058285412302502	5.9958718202307253	-1	-12.105828541230251	4.9958718202307253	0.0	-5.5952380952380949	1	1
2.484694004058838	4	-3.385119047619048	6.0708333333333329	-3.3851190476190478	6.0708333333333337	0	2	105	-3.1058285412302502	5.9958718202307253	-1	-12.105828541230251	4.9958718202307253	0.0	-5.5952380952380949	1	1
2.5012619495391846	4	-3.385119047619048	6.0708333333333329	-3.3851190476190478	6.0708333333333337	0	2	105	-3.1058285412302502	5.9958718202307253	-1	-12.105828541230251	4.9958718202307253	0.0	-5.5952380952380949	1	1
2.517954111099243	4	-3.385119047619048	6.0708333333333329	-3.3851190476190478	6.0708333333333337	0	2	105	-3.1058285412302502	5.9958718202307253	-1	-12.105828541230251	4.9958718202307253	0.0	-5.5952380952380949	1	1
2.534250020980835	4	-3.413095238095238	6.0708333333333329	-3.413095238095238	6.0708333333333337	0	2	105	-3.1058285412302502	5.9958718202307253	-1	-12.105828541230251	4.9958718202307253	0.0	-5.5952380952380949	1	1
2.5508341789245605	4	-3.4410714285714286	6.0708333333333329	-3.4410714285714286	6.0708333333333337	0	2	105	-3.1058285412302502	5.9958718202307253	-1	-12.105828541230251	4.9958718202307253	0.0	-5.5952380952380949	1	1
2.56746506690979	4	-3.469047619047619	6.0708333333333329	-3.4690476190476192	6.0708333333333337	0	2	105	-3.1058285412302502	5.9958718202307253	-1	-12.105828541230251	4.9958718202307253	0.0	-5.5952380952380949	1	1
2.5839719772338867	4	-3.525	6.0708333333333329	-3.5249999999999999	6.0708333333333337	0	2	105	-3.1058285412302502	5.9958718202307253	-1	-12.105828541230251	4.9958718202307253	0.0	-5.5952380952380949	1	1
2.6005611419677734	4	-3.525	6.0708333333333329	-3.5249999999999999	6.0708333333333337	0	2	105	-3.1058285412302502	5.9958718202307253	-1	-12.105828541230251	4.9958718202307253	0.0	-5.5952380952380949	1	1
2.617197036743164	4	-3.6089285714285713	6.0708333333333329	-3.6089285714285713	6.0708333333333337	0	2	105	-3.1058285412302502	5.9958718202307253	-1	-12.105828541230251	4.9958718202307253	0.0	-5.5952380952380949	1	1
2.633820056915283	4	-3.6648809523809525	6.0708333333333329	-3.6648809523809525	6.0708333333333337	0	2	105	-3.1058285412302502	5.9958718202307253	-1	-12.105828541230251	4.9958718202307253	0.0	-5.5952380952380949	1	1
2.6503939628601074	4	-3.720833333333333	6.0428571428571427	-3.7208333333333332	6.0428571428571427	0	2	105	-3.1058285412302502	5.9958718202307253	-1	-12.105828541230251	4.9958718202307253	0.0	-5.5952380952380949	1	1
2.6669771671295166	4	-3.8047619047619046	6.0428571428571427	-3.8047619047619046	6.0428571428571427	0	2	105	-3.1058285412302502	5.9958718202307253	-1	-12.105828541230251	4.9958718202307253	0.0	-5.5952380952380949	1	1
2.683566093444824	4	-3.8607142857142858	6.0428571428571427	-3.8607142857142858	6.0428571428571427	0	2	105	-3.1058285412302502	5.9958718202307253	-1	-12.105828541230251	4.9958718202307253	0.0	-5.5952380952380949	1	1
2.7001571655273438	4	-3.9166666666666665	6.0428571428571427	-3.9166666666666665	6.0428571428571427	0	2	105	-3.1058285412302502	5.9958718202307253	-1	-12.105828541230251	4.9958718202307253	0.0	-5.5952380952380949	1	1
2.7167701721191406	4	-3.944642857142857	6.0428571428571427	-3.9446428571428571	6.0428571428571427	0	2	105	-3.1058285412302502	5.9958718202307253	-1	-12.105828541230251	4.9958718202307253	0.0	-5.5952380952380949	1	1
2.733361005783081	4	-3.9726190476190477	6.0428571428571427	-3.9726190476190477	6.0428571428571427	0	2	105	-3.1058285412302502	5.9958718202307253	-1	-12.105828541230251	4.9958718202307253	0.0	-5.5952380952380949	1	1
2.7499451637268066	4	-3.9726190476190477	6.0428571428571427	-3.9726190476190477	6.0428571428571427	0	2	105	-3.1058285412302502	5.9958718202307253	-1	-12.105828541230251	4.9958718202307253	0.0	-5.5952380952380949	1	1
2.766603946685791	4	-3.9726190476190477	6.0428571428571427	-3.9726190476190477	6.0428571428571427	0	2	105	-3.1058285412302502	5.9958718202307253	-1	-12.105828541230251	4.9958718202307253	0.0	-5.5952380952380949	1	1
2.7831599712371826	4	-3.9726190476190477	6.0428571428571427	-3.9726190476190477	6.0428571428571427	0	2	105	-3.1058285412302502	5.9958718202307253	-1	-12.105828541230251	4.9958718202307253	0.0	-5.5952380952380949	1	1
2.799729108810425	4	-3.9726190476190477	6.0428571428571427	-3.9726190476190477	6.0428571428571427	0	2	105	-3.1058285412302502	5.9958718202307253	-1	-12.105828541230251	4.9958718202307253	0.0	-5.5952380952380949	1	1
2.8163750171661377	4	-3.9726190476190477	6.0428571428571427	-3.9726190476190477	6.0428571428571427	0	2	105	-3.1058285412302502	5.9958718202307253	-1	-12.105828541230251	4.9958718202307253	0.0	-5.5952380952380949	1	1
2.832954168319702	4	-3.9726190476190477	6.0428571428571427	-3.9726190476190477	6.0428571428571427	0	2	105	-3.1058285412302502	5.9958718202307253	-1	-12.105828541230251	4.9958718202307253	0.0	-5.5952380952380949	1	1
2.8495211601257324	4	-3.944642857142857	6.0428571428571427	-3.9446428571428571	6.0428571428571427	0	2	105	-3.1058285412302502	5.9958718202307253	-1	-12.105828541230251	4.9958718202307253	0.0	-5.5952380952380949	1	1
2.866115093231201	4	-3.8886904761904764	6.0428571428571427	-3.8886904761904764	6.0428571428571427	0	2	105	-3.1058285412302502	5.9958718202307253	-1	-12.105828541230251	4.9958718202307253	0.0	-5.5952380952380949	1	1
2.8826961517333984	4	-3.8607142857142858	6.0428571428571427	-3.8607142857142858	6.0428571428571427	0	2	105	-3.1058285412302502	5.9958718202307253	-1	-12.105828541230251	4.9958718202307253	0.0	-5.5952380952380949	1	1
2.899315118789673	4	-3.748809523809524	6.0428571428571427	-3.7488095238095238	6.0428571428571427	0	2	105	-3.1058285412302502	5.9958718202307253	-1	-12.105828541230251	4.9958718202307253	0.0	-5.5952380952380949	1	1
2.915910005569458	4	-3.636904761904762	6.0708333333333329	-3.6369047619047619	6.0708333333333337	0	2	105	-3.1058285412302502	5.9958718202307253	-1	-12.105828541230251	4.9958718202307253	0.0	-5.5952380952380949	1	1
2.9325029850006104	4	-3.580952380952381	6.0708333333333329	-3.5809523809523811	6.0708333333333337	0	2	105	-3.1058285412302502	5.9958718202307253	-1	-12.105828541230251	4.9958718202307253	0.0	-5.5952380952380949	1	1
2.9490649700164795	4	-3.469047619047619	6.0988095238095248	-3.4690476190476192	6.0988095238095239	0	2	105	-3.1058285412302502	5.9958718202307253	-1	-12.105828541230251	4.9958718202307253	0.0	-5.5952380952380949	1	1
2.9657580852508545	4	-3.413095238095238	6.0988095238095248	-3.413095238095238	6.0988095238095239	0	2	105	-3.1058285412302502	5.9958718202307253	-1	-12.105828541230251	4.9958718202307253	0.0	-5.5952380952380949	1	1
2.982279062271118	4	-3.357142857142857	6.0988095238095248	-3.3571428571428572	6.0988095238095239	0	2	105	-3.1058285412302502	5.9958718202307253	-1	-12.105828541230251	4.9958718202307253	0.0	-5.5952380952380949	1	1
2.9988880157470703	4	-3.301190476190476	6.1267857142857132	-3.301190476190476	6.1267857142857141	0	2	105	-3.1058285412302502	5.9958718202307253	-1	-12.105828541230251	4.9958718202307253	0.0	-5.5952380952380949	1	1
3.0155129432678223	4	-3.1892857142857145	6.1267857142857132	-3.1892857142857145	6.1267857142857141	0	2	105	-3.1058285412302502	5.9958718202307253	-1	-12.105828541230251	4.9958718202307253	0.0	-5.5952380952380949	1	1
3.0323309898376465	4	-3.1333333333333333	6.1267857142857132	-3.1333333333333333	6.1267857142857141	0	2	105	-3.1058285412302502	5.9958718202307253	-1	-12.105828541230251	4.9958718202307253	0.0	-5.5952380952380949	1	1
3.048910140991211	4	-3.049404761904762	6.1267857142857132	-3.049404761904762	6.1267857142857141	0	2	105	-3.1058285412302502	5.9958718202307253	-1	-12.105828541230251	4.9958718202307253	0.0	-5.5952380952380949	1	1
3.065495014190674	4	-2.9934523809523808	6.1267857142857132	-2.9934523809523808	6.1267857142857141	0	2	105	-3.1058285412302502	5.9958718202307253	-1	-12.105828541230251	4.9958718202307253	0.0	-5.5952380952380949	1	1
3.082113027572632	4	-2.9095238095238094	6.1267857142857132	-2.9095238095238094	6.1267857142857141	0	2	105	-3.1058285412302502	5.9958718202307253	-1	-12.105828541230251	4.9958718202307253	0.0	-5.5952380952380949	1	1
3.09873104095459	4	-2.825595238095238	6.1547619047619051	-2.825595238095238	6.1547619047619051	0	2	105	-3.1058285412302502	5.9958718202307253	-1	-12.105828541230251	4.9958718202307253	0.0	-5.5952380952380949	1	1
3.1153271198272705	4	-2.7696428571428573	6.1547619047619051	-2.7696428571428573	6.1547619047619051	0	2	105	-3.1058285412302502	5.9958718202307253	-1	-12.105828541230251	4.9958718202307253	0.0	-5.5952380952380949	1	1
3.13185715675354	4	-2.7416666666666667	6.1547619047619051	-2.7416666666666667	6.1547619047619051	0	2	105	-3.1058285412302502	5.9958718202307253	-1	-12.105828541230251	4.9958718202307253	0.0	-5.5952380952380949	1	1
3.148491144180298	4	-2.6857142857142855	6.1547619047619051	-2.6857142857142855	6.1547619047619051	0	2	105	-3.1058285412302502	5.9958718202307253	-1	-12.105828541230251	4.9958718202307253	0.0	-5.5952380952380949	1	1
3.1651289463043213	4	-2.6577380952380953	6.1547619047619051	-2.6577380952380953	6.1547619047619051	0	2	105	-3.1058285412302502	5.9958718202307253	-1	-12.105828541230251	4.9958718202307253	0.0	-5.5952380952380949	1	1
3.1816771030426025	4	-2.6297619047619047	6.1547619047619051	-2.6297619047619047	6.1547619047619051	0	2	105	-3.1058285412302502	5.9958718202307253	-1	-12.105828541230251	4.9958718202307253	0.0	-5.5952380952380949	1	1
3.1979689598083496	4	-2.6297619047619047	6.1547619047619051	-2.6297619047619047	6.1547619047619051	0	2	105	-3.1058285412302502	5.9958718202307253	-1	-12.105828541230251	4.9958718202307253	0.0	-5.5952380952380949	1	1
3.2147159576416016	4	-2.6297619047619047	6.1547619047619051	-2.6297619047619047	6.1547619047619051	0	2	105	-3.1058285412302502	5.9958718202307253	-1	-12.105828541230251	4.9958718202307253	0.0	-5.5952380952380949	1	1
3.2312541007995605	4	-2.6297619047619047	6.1547619047619051	-2.6297619047619047	6.1547619047619051	0	2	105	-3.1058285412302502	5.9958718202307253	-1	-12.105828541230251	4.9958718202307253	0.0	-5.5952380952380949	1	1
3.2477481365203857	4	-2.6297619047619047	6.1547619047619051	-2.6297619047619047	6.1547619047619051	0	2	105	-3.1058285412302502	5.9958718202307253	-1	-12.105828541230251	4.9958718202307253	0.0	-5.5952380952380949	1	1
3.264364004135132	4	-2.6297619047619047	6.1547619047619051	-2.6297619047619047	6.1547619047619051	0	2	105	-3.1058285412302502	5.9958718202307253	-1	-12.105828541230251	4.9958718202307253	0.0	-5.5952380952380949	1	1
3.280954122543335	4	-2.6297619047619047	6.1547619047619051	-2.6297619047619047	6.1547619047619051	0	2	105	-3.1058285412302502	5.9958718202307253	-1	-12.105828541230251	4.9958718202307253	0.0	-5.5952380952380949	1	1
3.2975730895996094	4	-2.6297619047619047	6.1547619047619051	-2.6297619047619047	6.1547619047619051	0	2	105	-3.1058285412302502	5.9958718202307253	-1	-12.105828541230251	4.9958718202307253	0.0	-5.5952380952380949	1	1
3.3142261505126953	4	-2.6297619047619047	6.1547619047619051	-2.6297619047619047	6.1547619047619051	0	2	105	-3.1058285412302502	5.9958718202307253	-1	-12.105828541230251	4.9958718202307253	0.0	-5.5952380952380949	1	1
3.330764055252075	4	-2.6297619047619047	6.1547619047619051	-2.6297619047619047	6.1547619047619051	0	2	105	-3.1058285412302502	5.9958718202307253	-1	-12.105828541230251	4.9958718202307253	0.0	-5.5952380952380949	1	1
3.347581148147583	4	-2.6297619047619047	6.1547619047619051	-2.6297619047619047	6.1547619047619051	0	2	105	-3.1058285412302502	5.9958718202307253	-1	-12.105828541230251	4.9958718202307253	0.0	-5.5952380952380949	1	1
3.3642051219940186	4	-2.6297619047619047	6.1547619047619051	-2.6297619047619047	6.1547619047619051	0	2	105	-3.1058285412302502	5.9958718202307253	-1	-12.105828541230251	4.9958718202307253	0.0	-5.5952380952380949	1	1
3.3808040618896484	4	-2.6297619047619047	6.1547619047619051	-2.6297619047619047	6.1547619047619051	0	2	105	-3.1058285412302502	5.9958718202307253	-1	-12.105828541230251	4.9958718202307253	0.0	-5.5952380952380949	1	1
3.397402048110962	4	-2.6297619047619047	6.1547619047619051	-2.6297619047619047	6.1547619047619051	0	2	105	-3.1058285412302502	5.9958718202307253	-1	-12.105828541230251	4.9958718202307253	0.0	-5.5952380952380949	1	1
3.4140000343322754	4	-2.6297619047619047	6.1547619047619051	-2.6297619047619047	6.1547619047619051	0	2	105	-3.1058285412302502	5.9958718202307253	-1	-12.105828541230251	4.9958718202307253	0.0	-5.5952380952380949	1	1
3.4306039810180664	4	-2.6297619047619047	6.1547619047619051	-2.6297619047619047	6.1547619047619051	0	2	105	-3.1058285412302502	5.9958718202307253	-1	-12.105828541230251	4.9958718202307253	0.0	-5.5952380952380949	1	1
3.4471120834350586	4	-2.6297619047619047	6.1547619047619051	-2.6297619047619047	6.1547619047619051	0	2	105	-3.1058285412302502	5.9958718202307253	-1	-12.105828541230251	4.9958718202307253	0.0	-5.5952380952380949	1	1
3.4637069702148438	4	-2.6297619047619047	6.1547619047619051	-2.6297619047619047	6.1547619047619051	0	2	105	-3.1058285412302502	5.9958718202307253	-1	-12.105828541230251	4.9958718202307253	0.0	-5.5952380952380949	1	1
3.480332136154175	4	-2.6297619047619047	6.1547619047619051	-2.6297619047619047	6.1547619047619051	0	2	105	-3.1058285412302502	5.9958718202307253	-1	-12.105828541230251	4.9958718202307253	0.0	-5.5952380952380949	1	1
3.4969730377197266	4	-2.6297619047619047	6.1547619047619051	-2.6297619047619047	6.1547619047619051	0	2	105	-3.1058285412302502	5.9958718202307253	-1	-12.105828541230251	4.9958718202307253	0.0	-5.5952380952380949	1	1
3.5132930278778076	4	-2.6297619047619047	6.1547619047619051	-2.6297619047619047	6.1547619047619051	0	2	105	-3.1058285412302502	5.9958718202307253	-1	-12.105828541230251	4.9958718202307253	0.0	-5.5952380952380949	1	1
3.5299651622772217	4	-2.6297619047619047	6.1547619047619051	-2.6297619047619047	6.1547619047619051	0	2	105	-3.1058285412302502	5.9958718202307253	-1	-12.105828541230251	4.9958718202307253	0.0	-5.5952380952380949	1	1
3.546476125717163	4	-2.6297619047619047	6.1547619047619051	-2.6297619047619047	6.1547619047619051	0	2	105	-3.1058285412302502	5.9958718202307253	-1	-12.105828541230251	4.9958718202307253	0.0	-5.5952380952380949	1	1
3.5631210803985596	4	-2.6297619047619047	6.1547619047619051	-2.6297619047619047	6.1547619047619051	0	2	105	-3.1058285412302502	5.9958718202307253	-1	-12.105828541230251	4.9958718202307253	0.0	-5.5952380952380949	1	1
3.5796279907226562	4	-2.6297619047619047	6.1547619047619051	-2.6297619047619047	6.1547619047619051	0	2	105	-3.1058285412302502	5.9958718202307253	-1	-12.105828541230251	4.9958718202307253	0.0	-5.5952380952380949	1	1
3.5962440967559814	4	-2.6297619047619047	6.1547619047619051	-2.6297619047619047	6.1547619047619051	0	2	105	-3.1058285412302502	5.9958718202307253	-1	-12.105828541230251	4.9958718202307253	0.0	-5.5952380952380949	1	1
3.6128361225128174	4	-2.6297619047619047	6.1547619047619051	-2.6297619047619047	6.1547619047619051	0	2	105	-3.1058285412302502	5.9958718202307253	-1	-12.105828541230251	4.9958718202307253	0.0	-5.5952380952380949	1	1
3.6295011043548584	4	-2.6297619047619047	6.1547619047619051	-2.6297619047619047	6.1547619047619051	0	2	105	-3.1058285412302502	5.9958718202307253	-1	-12.105828541230251	4.9958718202307253	0.0	-5.5952380952380949	1	1
3.6460490226745605	4	-2.6297619047619047	6.1547619047619051	-2.6297619047619047	6.1547619047619051	0	2	105	-3.1058285412302502	5.9958718202307253	-1	-12.105828541230251	4.9958718202307253	0.0	-5.5952380952380949	1	1
3.6626241207122803	4	-2.6297619047619047	6.1547619047619051	-2.6297619047619047	6.1547619047619051	0	2	105	-3.1058285412302502	5.9958718202307253	-1	-12.105828541230251	4.9958718202307253	0.0	-5.5952380952380949	1	1
3.679486036300659	4	-2.6297619047619047	6.1547619047619051	-2.6297619047619047	6.1547619047619051	0	2	105	-3.1058285412302502	5.9958718202307253	-1	-12.105828541230251	4.9958718202307253	0.0	-5.5952380952380949	1	1
3.6960551738739014	4	-2.6297619047619047	6.1547619047619051	-2.6297619047619047	6.1547619047619051	0	2	105	-3.1058285412302502	5.9958718202307253	-1	-12.105828541230251	4.9958718202307253	0.0	-5.5952380952380949	1	1
3.712684154510498	4	-2.6297619047619047	6.1547619047619051	-2.6297619047619047	6.1547619047619051	0	2	105	-3.1058285412302502	5.9958718202307253	-1	-12.105828541230251	4.9958718202307253	0.0	-5.5952380952380949	1	1
3.7293310165405273	4	-2.6297619047619047	6.1547619047619051	-2.6297619047619047	6.1547619047619051	0	3	105	-3.1058285412302502	5.9958718202307253	-1	-12.105828541230251	4.9958718202307253	0.0	-5.5952380952380949	1	1
3.7458579540252686	4	-2.6297619047619047	6.1547619047619051	-2.6297619047619047	6.1547619047619051	0	4	105	-3.1058285412302502	5.9958718202307253	-1	-12.105828541230251	4.9958718202307253	0.0	-5.5952380952380949	1	1
3.7624940872192383	4	-2.6297619047619047	6.1547619047619051	-2.6297619047619047	6.1547619047619051	0	4	105	-3.1058285412302502	5.9958718202307253	-1	-12.105828541230251	4.9958718202307253	0.0	-5.5952380952380949	1	1
3.7790281772613525	4	-2.6297619047619047	6.1547619047619051	-2.6297619047619047	6.1547619047619051	0	4	105	-3.1058285412302502	5.9958718202307253	-1	-12.105828541230251	4.9958718202307253	0.0	-5.5952380952380949	1	1
3.795612096786499	4	-2.6297619047619047	6.1547619047619051	-2.6297619047619047	6.1547619047619051	0	4	105	-3.1058285412302502	5.9958718202307253	-1	-12.105828541230251	4.9958718202307253	0.0	-5.5952380952380949	1	1
3.812157154083252	4	-2.6297619047619047	6.1547619047619051	-2.6297619047619047	6.1547619047619051	0	4	105	-3.1058285412302502	5.9958718202307253	-1	-12.105828541230251	4.9958718202307253	0.0	-5.5952380952380949	1	1
3.828925132751465	4	-2.6297619047619047	6.1547619047619051	-2.6297619047619047	6.1547619047619051	0	4	105	-3.1058285412302502	5.9958718202307253	-1	-12.105828541230251	4.9958718202307253	0.0	-5.5952380952380949	1	1
3.8451991081237793	4	-2.6297619047619047	6.1547619047619051	-2.6297619047619047	6.1547619047619051	0	4	105	-3.1058285412302502	5.9958718202307253	-1	-12.105828541230251	4.9958718202307253	0.0	-5.5952380952380949	1	1
3.8617610931396484	4	-2.6297619047619047	6.1547619047619051	-2.6297619047619047	6.1547619047619051	0	4	105	-3.1058285412302502	5.9958718202307253	-1	-12.105828541230251	4.9958718202307253	0.0	-5.5952380952380949	1	1
3.8783531188964844	4	-2.6297619047619047	6.1547619047619051	-2.6297619047619047	6.1547619047619051	0	4	105	-3.1058285412302502	5.9958718202307253	-1	-12.105828541230251	4.9958718202307253	0.0	-5.5952380952380949	1	1
3.8949761390686035	4	-2.6297619047619047	6.1547619047619051	-2.6297619047619047	6.1547619047619051	0	4	105	-3.1058285412302502	5.9958718202307253	-1	-12.105828541230251	4.9958718202307253	0.0	-5.5952380952380949	1	1
3.911494016647339	4	-2.6297619047619047	6.1547619047619051	-2.6297619047619047	6.1547619047619051	0	4	105	-3.1058285412302502	5.9958718202307253	-1	-12.105828541230251	4.9958718202307253	0.0	-5.5952380952380949	1	1
3.9281649589538574	4	-2.6297619047619047	6.1547619047619051	-2.6297619047619047	6.1547619047619051	0	4	105	-3.1058285412302502	5.9958718202307253	-1	-12.105828541230251	4.9958718202307253	0.0	-5.5952380952380949	1	1
3.9447340965270996	4	-2.6297619047619047	6.1547619047619051	-2.6297619047619047	6.1547619047619051	0	4	105	-3.1058285412302502	5.9958718202307253	-1	-12.105828541230251	4.9958718202307253	0.0	-5.5952380952380949	1	1
3.961351156234741	4	-2.6297619047619047	6.1547619047619051	-2.6297619047619047	6.1547619047619051	0	4	105	-3.1058285412302502	5.9958718202307253	-1	-12.105828541230251	4.9958718202307253	0.0	-5.5952380952380949	1	1
3.9779231548309326	4	-2.7136904761904761	6.1547619047619051	-2.7136904761904761	6.1547619047619051	0	4	105	-3.1058285412302502	5.9958718202307253	-1	-12.105828541230251	4.9958718202307253	0.0	-5.5952380952380949	1	1
3.9947781562805176	4	-2.825595238095238	6.1547619047619051	-2.825595238095238	6.1267857142857141	0	4	105	-3.1058285412302502	5.9958718202307253	-1	-12.105828541230251	4.9958718202307253	0.0	-5.5952380952380949	1	1
4.011378049850464	4	-3.1892857142857145	6.1547619047619051	-3.1892857142857145	6.0708333333333337	0	4	105	-3.1058285412302502	5.9958718202307253	-1	-12.105828541230251	4.9958718202307253	0.0	-5.5952380952380949	1	1
4.027996063232422	4	-3.8047619047619046	6.1547619047619051	-3.8047619047619046	5.9869047619047615	0	4	105	-3.1058285412302502	5.9958718202307253	-1	-12.105828541230251	4.9958718202307253	0.0	-5.5952380952380949	1	1
4.0445921421051025	4	-4.1964285714285712	6.1547619047619051	-4.1964285714285712	5.9589285714285714	0	4	105	-3.1058285412302502	5.9958718202307253	-1	-12.105828541230251	4.9958718202307253	0.0	-5.5952380952380949	1	1
4.0611841678619385	4	-5.0357142857142856	6.1547619047619051	-5.0357142857142856	5.8190476190476188	0	4	105	-3.1058285412302502	5.9958718202307253	-1	-12.105828541230251	4.9958718202307253	0.0	-5.5952380952380949	1	1
4.077753067016602	4	-5.5113095238095235	6.1547619047619051	-5.5113095238095235	5.7630952380952385	0	4	105	-3.1058285412302502	5.9958718202307253	-1	-12.105828541230251	4.9958718202307253	0.0	-5.5952380952380949	1	1
4.094388008117676	4	-6.5464285714285717	6.1547619047619051	-6.5464285714285717	5.5952380952380949	0	4	105	-3.1058285412302502	5.9958718202307253	-1	-12.105828541230251	4.9958718202307253	0.0	-5.5952380952380949	1	1
4.11089301109314	4	-7.6375000000000002	6.1547619047619051	-7.6375000000000002	5.4273809523809522	0	4	105	-3.1058285412302502	5.9958718202307253	-1	-12.105828541230251	4.9958718202307253	0.0	-5.5952380952380949	1	1
4.127518177032471	4	-8.7565476190476197	6.1547619047619051	-8.7565476190476197	5.2315476190476193	0	4	105	-3.1058285412302502	5.9958718202307253	-1	-12.105828541230251	4.9958718202307253	0.0	-5.5952380952380949	1	1
4.144163131713867	4	-9.3160714285714281	6.1547619047619051	-9.3160714285714281	5.1196428571428569	0	4	105	-3.1058285412302502	5.9958718202307253	-1	-12.105828541230251	4.9958718202307253	0.0	-5.5952380952380949	1	1
4.160498142242432	4	-10.295238095238096	6.1547619047619051	-10.295238095238096	4.9517857142857142	0	4	105	-3.1058285412302502	5.9958718202307253	-1	-12.105828541230251	4.9958718202307253	0.0	-5.5952380952380949	1	1
4.177057981491089	4	-10.714880952380952	6.1547619047619051	-10.714880952380952	4.8678571428571429	0	4	105	-3.1058285412302502	5.9958718202307253	-1	-12.105828541230251	4.9958718202307253	0.0	-5.5952380952380949	1	1
4.1936399936676025	4	-11.386309523809524	4.6999999999999993	-11.386309523809524	4.7000000000000002	0	4	105	-3.1058285412302502	5.9958718202307253	-1	-12.105828541230251	4.9958718202307253	0.0	-5.5952380952380949	1	1
4.210240125656128	4	-11.833928571428572	4.5880952380952387	-11.833928571428572	4.5880952380952378	0	4	105	-3.1058285412302502	5.9958718202307253	-1	-12.105828541230251	4.9958718202307253	0.0	-5.5952380952380949	1	1
4.226830959320068	4	-12.113690476190476	4.5041666666666664	-12.113690476190476	4.5041666666666664	0	4	105	-3.1058285412302502	5.9958718202307253	-1	-12.105828541230251	4.9958718202307253	0.0	-5.5952380952380949	1	1
4.2434241771698	4	-12.225595238095238	4.4761904761904763	-12.225595238095238	4.4761904761904763	0	4	105	-3.1058285412302502	5.9958718202307253	-1	-12.105828541230251	4.9958718202307253	0.0	-5.5952380952380949	1	1
4.259972095489502	4	-12.30952380952381	4.4202380952380942	-12.30952380952381	4.4202380952380951	0	5	105	-3.1058285412302502	5.9958718202307253	-1	-12.105828541230251	4.9958718202307253	0.0	-5.5952380952380949	1	1
4.276551008224487	4	-12.30952380952381	4.3642857142857139	-12.30952380952381	4.3642857142857139	0	5	105	-3.1058285412302502	5.9958718202307253	-1	-12.105828541230251	4.9958718202307253	0.0	-5.5952380952380949	1	1
4.293236970901489	4	-12.225595238095238	4.2803571428571416	-12.225595238095238	4.2803571428571425	0	5	105	-3.1058285412302502	5.9958718202307253	-1	-12.105828541230251	4.9958718202307253	0.0	-5.5952380952380949	1	1
4.3098039627075195	4	-12.001785714285715	4.1404761904761909	-12.001785714285715	4.1404761904761909	0	5	105	-3.1058285412302502	5.9958718202307253	-1	-12.105828541230251	4.9958718202307253	0.0	-5.5952380952380949	1	1
4.326672077178955	4	-11.610119047619047	3.9446428571428562	-11.610119047619047	3.9446428571428571	0	5	105	-3.1058285412302502	5.9958718202307253	-1	-12.105828541230251	4.9958718202307253	0.0	-5.5952380952380949	1	1
4.3433191776275635	4	-11.386309523809524	3.8327380952380956	-11.386309523809524	3.8327380952380952	0	5	105	-3.1058285412302502	5.9958718202307253	-1	-12.105828541230251	4.9958718202307253	0.0	-5.5952380952380949	1	1
4.359843015670776	4	-10.854761904761904	3.6089285714285708	-10.854761904761904	3.6089285714285713	0	5	105	-3.1058285412302502	5.9958718202307253	-1	-12.105828541230251	4.9958718202307253	0.0	-5.5952380952380949	1	1
4.376451015472412	4	-10.54702380952381	3.4690476190476183	-10.547023809523809	3.4690476190476192	0	5	105	-3.1058285412302502	5.9958718202307253	-1	-12.105828541230251	4.9958718202307253	0.0	-5.5952380952380949	1	1
4.393041133880615	4	-9.903571428571428	3.1333333333333329	-9.9035714285714285	3.1333333333333333	0	5	105	-3.1058285412302502	5.9958718202307253	-1	-12.105828541230251	4.9958718202307253	0.0	-5.5952380952380949	1	1
4.409595012664795	4	-9.176190476190476	2.7976190476190474	-9.1761904761904756	2.7976190476190474	0	5	105	-3.1058285412302502	5.9958718202307253	-1	-12.105828541230251	4.9958718202307253	0.0	-5.5952380952380949	1	1
4.426229000091553	4	-8.420833333333333	2.3779761904761907	-8.4208333333333325	2.3779761904761907	0	5	105	-3.1058285412302502	5.9958718202307253	-1	-12.105828541230251	4.9958718202307253	0.0	-5.5952380952380949	1	1
4.442881107330322	4	-8.029166666666667	2.1541666666666668	-8.0291666666666668	2.1541666666666668	0	5	105	-3.1058285412302502	5.9958718202307253	-1	-12.105828541230251	4.9958718202307253	0.0	-5.5952380952380949	1	1
4.459418058395386	4	-7.245833333333334	1.706547619047619	-7.2458333333333336	1.706547619047619	0	5	105	-3.1058285412302502	5.9958718202307253	-1	-12.105828541230251	4.9958718202307253	0.0	-5.5952380952380949	1	1
4.4759840965271	4	-6.882142857142857	1.4547619047619049	-6.8821428571428571	1.4547619047619047	0	5	105	-3.1058285412302502	5.9958718202307253	-1	-12.105828541230251	4.9958718202307253	0.0	-5.5952380952380949	1	1
4.492347955703735	4	-6.098809523809524	0.97916666666666696	-6.0988095238095239	0.97916666666666663	0	5	105	-3.1058285412302502	5.9958718202307253	-1	-12.105828541230251	4.9958718202307253	0.0	-5.5952380952380949	1	1
4.508913993835449	4	-5.343452380952381	0.53154761904761916	-5.3434523809523808	0.53154761904761905	0	5	105	-3.1058285412302502	5.9958718202307253	-1	-12.105828541230251	4.9958718202307253	0.0	-5.5952380952380949	1	1
4.525519132614136	4	-4.951785714285714	0.2797619047619051	-4.9517857142857142	0.27976190476190477	0	5	105	-3.1058285412302502	5.9958718202307253	-1	-12.105828541230251	4.9958718202307253	0.0	-5.5952380952380949	1	1
4.542232036590576	4	-4.224404761904762	-0.13988095238095255	-4.2244047619047622	-0.13988095238095238	0	5	105	-3.1058285412302502	5.9958718202307253	-1	-12.105828541230251	4.9958718202307253	0.0	-5.5952380952380949	1	1
4.558757066726685	4	-3.525	-0.55952380952380931	-3.5249999999999999	-0.55952380952380953	0	5	105	-3.1058285412302502	5.9958718202307253	-1	-12.105828541230251	4.9958718202307253	0.0	-5.5952380952380949	1	1
4.575310945510864	4	-3.161309523809524	-0.75535714285714306	-3.1613095238095239	-0.75535714285714284	0	5	105	-3.1058285412302502	5.9958718202307253	-1	-12.105828541230251	4.9958718202307253	0.0	-5.5952380952380949	1	1
4.59187912940979	4	-2.517857142857143	-1.1470238095238097	-2.5178571428571428	-1.1470238095238094	0	5	105	-3.1058285412302502	5.9958718202307253	-1	-12.105828541230251	4.9958718202307253	0.0	-5.5952380952380949	1	1
4.608459949493408	4	-1.9303571428571429	-1.5107142857142861	-1.9303571428571429	-1.5107142857142857	0	5	105	-3.1058285412302502	5.9958718202307253	-1	-12.105828541230251	4.9958718202307253	0.0	-5.5952380952380949	1	1
4.625077962875366	4	-1.6785714285714286	-1.6785714285714288	-1.6785714285714286	-1.6785714285714286	0	5	105	-3.1058285412302502	5.9958718202307253	-1	-12.105828541230251	4.9958718202307253	0.0	-5.5952380952380949	1	1
4.64196515083313	4	-1.2029761904761904	-1.9863095238095241	-1.2029761904761904	-1.9863095238095239	0	5	105	-3.1058285412302502	5.9958718202307253	-1	-12.105828541230251	4.9958718202307253	0.0	-5.5952380952380949	1	1
4.658457040786743	4	-0.8392857142857143	-2.2940476190476189	-0.8392857142857143	-2.2940476190476189	0	5	105	-3.1058285412302502	5.9958718202307253	-1	-12.105828541230251	4.9958718202307253	0.0	-5.5952380952380949	1	1
4.675127983093262	4	-0.6714285714285714	-2.4059523809523808	-0.67142857142857137	-2.4059523809523808	0	5	105	-3.1058285412302502	5.9958718202307253	-1	-12.105828541230251	4.9958718202307253	0.0	-5.5952380952380949	1	1
4.691751956939697	4	-0.41964285714285715	-2.6577380952380953	-0.41964285714285715	-2.6577380952380953	0	5	105	-3.1058285412302502	5.9958718202307253	-1	-12.105828541230251	4.9958718202307253	0.0	-5.5952380952380949	1	1
4.708299160003662	4	-0.2517857142857143	-2.8815476190476192	-0.25178571428571428	-2.8815476190476192	0	5	105	-3.1058285412302502	5.9958718202307253	-1	-12.105828541230251	4.9958718202307253	0.0	-5.5952380952380949	1	1
4.724881172180176	4	-0.16785714285714284	-2.9934523809523808	-0.16785714285714284	-2.9934523809523808	0	5	105	-3.1058285412302502	5.9958718202307253	-1	-12.105828541230251	4.9958718202307253	0.0	-5.5952380952380949	1	1
4.741595029830933	4	-0.08392857142857142	-3.1613095238095239	-0.083928571428571422	-3.1613095238095239	0	5	105	-3.1058285412302502	5.9958718202307253	-1	-12.105828541230251	4.9958718202307253	0.0	-5.5952380952380949	1	1
4.75797700881958	4	0.0	-3.3291666666666666	0.0	-3.3291666666666666	0	5	105	-3.1058285412302502	5.9958718202307253	-1	-12.105828541230251	4.9958718202307253	0.0	-5.5952380952380949	1	1
4.774608135223389	4	0.027976190476190477	-3.413095238095238	0.027976190476190477	-3.413095238095238	0	5	105	-3.1058285412302502	5.9958718202307253	-1	-12.105828541230251	4.9958718202307253	0.0	-5.5952380952380949	1	1
4.791296005249023	4	0.11190476190476191	-3.5809523809523811	0.11190476190476191	-3.5809523809523811	0	5	105	-3.1058285412302502	5.9958718202307253	-1	-12.105828541230251	4.9958718202307253	0.0	-5.5952380952380949	1	1
4.807580947875977	4	0.16785714285714284	-3.7208333333333332	0.16785714285714284	-3.7208333333333332	0	5	105	-3.1058285412302502	5.9958718202307253	-1	-12.105828541230251	4.9958718202307253	0.0	-5.5952380952380949	1	1
4.82420015335083	4	0.16785714285714284	-3.7767857142857144	0.16785714285714284	-3.7767857142857144	0	5	105	-3.1058285412302502	5.9958718202307253	-1	-12.105828541230251	4.9958718202307253	0.0	-5.5952380952380949	1	1
4.84087610244751	4	0.22380952380952382	-3.8886904761904764	0.22380952380952382	-3.8886904761904764	0	5	105	-3.1058285412302502	5.9958718202307253	-1	-12.105828541230251	4.9958718202307253	0.0	-5.5952380952380949	1	1
4.857392072677612	4	0.2517857142857143	-3.9446428571428571	0.25178571428571428	-3.9446428571428571	0	5	105	-3.1058285412302502	5.9958718202307253	-1	-12.105828541230251	4.9958718202307253	0.0	-5.5952380952380949	1	1
4.874001979827881	4	0.27976190476190477	-4.0565476190476186	0.27976190476190477	-4.0565476190476186	0	5	105	-3.1058285412302502	5.9958718202307253	-1	-12.105828541230251	4.9958718202307253	0.0	-5.5952380952380949	1	1
4.890628099441528	4	0.3357142857142857	-4.168452380952381	0.33571428571428569	-4.168452380952381	0	5	105	-3.1058285412302502	5.9958718202307253	-1	-12.105828541230251	4.9958718202307253	0.0	-5.5952380952380949	1	1
4.907191038131714	4	0.3636904761904762	-4.2244047619047622	0.36369047619047618	-4.2244047619047622	0	5	105	-3.1058285412302502	5.9958718202307253	-1	-12.105828541230251	4.9958718202307253	0.0	-5.5952380952380949	1	1
4.923777103424072	4	0.39166666666666666	-4.3363095238095237	0.39166666666666666	-4.3363095238095237	0	5	105	-3.1058285412302502	5.9958718202307253	-1	-12.105828541230251	4.9958718202307253	0.0	-5.5952380952380949	1	1
4.940313100814819	4	0.44761904761904764	-4.4482142857142861	0.44761904761904764	-4.4482142857142861	0	5	105	-3.1058285412302502	5.9958718202307253	-1	-12.105828541230251	4.9958718202307253	0.0	-5.5952380952380949	1	1
4.957005023956299	4	0.44761904761904764	-4.5041666666666664	0.44761904761904764	-4.5041666666666664	0	5	105	-3.1058285412302502	5.9958718202307253	-1	-12.105828541230251	4.9958718202307253	0.0	-5.5952380952380949	1	1
4.973860025405884	4	0.47559523809523807	-4.5880952380952378	0.47559523809523807	-4.5880952380952378	0	5	105	-3.1058285412302502	5.9958718202307253	-1	-12.105828541230251	4.9958718202307253	0.0	-5.5952380952380949	1	1
4.990419149398804	4	0.47559523809523807	-4.6720238095238091	0.47559523809523807	-4.6720238095238091	0	5	105	-3.1058285412302502	5.9958718202307253	-1	-12.105828541230251	4.9958718202307253	0.0	-5.5952380952380949	1	1
5.007020950317383	4	0.47559523809523807	-4.7279761904761903	0.47559523809523807	-4.7279761904761903	0	5	105	-3.1058285412302502	5.9958718202307253	-1	-12.105828541230251	4.9958718202307253	0.0	-5.5952380952380949	1	1
5.023606061935425	4	0.47559523809523807	-4.8119047619047617	0.47559523809523807	-4.8119047619047617	0	5	105	-3.1058285412302502	5.9958718202307253	-1	-12.105828541230251	4.9958718202307253	0.0	-5.5952380952380949	1	1
5.040178060531616	4	0.41964285714285715	-4.9238095238095241	0.41964285714285715	-4.9238095238095241	0	5	105	-3.1058285412302502	5.9958718202307253	-1	-12.105828541230251	4.9958718202307253	0.0	-5.5952380952380949	1	1
5.056854963302612	4	0.39166666666666666	-4.9797619047619044	0.39166666666666666	-4.9797619047619044	0	5	105	-3.1058285412302502	5.9958718202307253	-1	-12.105828541230251	4.9958718202307253	0.0	-5.5952380952380949	1	1
5.073405981063843	4	0.30773809523809526	-5.0916666666666668	0.30773809523809526	-5.0916666666666668	0	5	105	-3.1058285412302502	5.9958718202307253	-1	-12.105828541230251	4.9958718202307253	0.0	-5.5952380952380949	1	1
5.090017080307007	4	0.19583333333333333	-5.2315476190476193	0.19583333333333333	-5.2315476190476193	0	5	105	-3.1058285412302502	5.9958718202307253	-1	-12.105828541230251	4.9958718202307253	0.0	-5.5952380952380949	1	1
