time	trial	cursorx	cursory	hand_x	hand_Y	rotation	step	targetangle	targetposx	targetposy	garagelocation	garageposx	garageposy	homex	homey	group	trial_type
9.5367431640625e-07	1	-0.5035714285714286	-5.8190476190476188	-0.50357142857142856	-5.8190476190476188	0	5	90	7.3478807948841188e-16	6.4047619047619051	-1	-9.0	5.4047619047619051	0.0	-5.5952380952380949	1	-1
0.029321908950805664	1	-0.5035714285714286	-5.7910714285714286	-0.50357142857142856	-5.7910714285714286	0	1	90	7.3478807948841188e-16	6.4047619047619051	-1	-9.0	5.4047619047619051	0.0	-5.5952380952380949	1	-1
0.045835018157958984	1	-0.5035714285714286	-5.7910714285714286	-0.50357142857142856	-5.7910714285714286	0	1	90	7.3478807948841188e-16	6.4047619047619051	-1	-9.0	5.4047619047619051	0.0	-5.5952380952380949	1	-1
0.06246495246887207	1	-0.5035714285714286	-5.7910714285714286	-0.50357142857142856	-5.7910714285714286	0	1	90	7.3478807948841188e-16	6.4047619047619051	-1	-9.0	5.4047619047619051	0.0	-5.5952380952380949	1	-1
0.07911896705627441	1	-0.5035714285714286	-5.7910714285714286	-0.50357142857142856	-5.7910714285714286	0	1	90	7.3478807948841188e-16	6.4047619047619051	-1	-9.0	5.4047619047619051	0.0	-5.5952380952380949	1	-1
0.09565186500549316	1	-0.5035714285714286	-5.7630952380952385	-0.50357142857142856	-5.7630952380952385	0	1	90	7.3478807948841188e-16	6.4047619047619051	-1	-9.0	5.4047619047619051	0.0	-5.5952380952380949	1	-1
0.11224794387817383	1	-0.47559523809523807	-5.7630952380952385	-0.47559523809523807	-5.7630952380952385	0	1	90	7.3478807948841188e-16	6.4047619047619051	-1	-9.0	5.4047619047619051	0.0	-5.5952380952380949	1	-1
0.12888693809509277	1	-0.47559523809523807	-5.7351190476190474	-0.47559523809523807	-5.7351190476190474	0	1	90	7.3478807948841188e-16	6.4047619047619051	-1	-9.0	5.4047619047619051	0.0	-5.5952380952380949	1	-1
0.14537787437438965	1	-0.47559523809523807	-5.7351190476190474	-0.47559523809523807	-5.7351190476190474	0	1	90	7.3478807948841188e-16	6.4047619047619051	-1	-9.0	5.4047619047619051	0.0	-5.5952380952380949	1	-1
0.16204094886779785	1	-0.47559523809523807	-5.7071428571428573	-0.47559523809523807	-5.7071428571428573	0	1	90	7.3478807948841188e-16	6.4047619047619051	-1	-9.0	5.4047619047619051	0.0	-5.5952380952380949	1	-1
0.17862987518310547	1	-0.44761904761904764	-5.7071428571428573	-0.44761904761904764	-5.7071428571428573	0	1	90	7.3478807948841188e-16	6.4047619047619051	-1	-9.0	5.4047619047619051	0.0	-5.5952380952380949	1	-1
0.1952669620513916	1	-0.44761904761904764	-5.6791666666666663	-0.44761904761904764	-5.6791666666666663	0	1	90	7.3478807948841188e-16	6.4047619047619051	-1	-9.0	5.4047619047619051	0.0	-5.5952380952380949	1	-1
0.21186280250549316	1	-0.41964285714285715	-5.6791666666666663	-0.41964285714285715	-5.6791666666666663	0	1	90	7.3478807948841188e-16	6.4047619047619051	-1	-9.0	5.4047619047619051	0.0	-5.5952380952380949	1	-1
0.22850799560546875	1	-0.41964285714285715	-5.6511904761904761	-0.41964285714285715	-5.6511904761904761	0	1	90	7.3478807948841188e-16	6.4047619047619051	-1	-9.0	5.4047619047619051	0.0	-5.5952380952380949	1	-1
0.2448728084564209	1	-0.41964285714285715	-5.6511904761904761	-0.41964285714285715	-5.6511904761904761	0	1	90	7.3478807948841188e-16	6.4047619047619051	-1	-9.0	5.4047619047619051	0.0	-5.5952380952380949	1	-1
0.26157402992248535	1	-0.41964285714285715	-5.6511904761904761	-0.41964285714285715	-5.6511904761904761	0	1	90	7.3478807948841188e-16	6.4047619047619051	-1	-9.0	5.4047619047619051	0.0	-5.5952380952380949	1	-1
0.27822399139404297	1	-0.41964285714285715	-5.6511904761904761	-0.41964285714285715	-5.6511904761904761	0	1	90	7.3478807948841188e-16	6.4047619047619051	-1	-9.0	5.4047619047619051	0.0	-5.5952380952380949	1	-1
0.29479479789733887	1	-0.41964285714285715	-5.6791666666666663	-0.41964285714285715	-5.6791666666666663	0	1	90	7.3478807948841188e-16	6.4047619047619051	-1	-9.0	5.4047619047619051	0.0	-5.5952380952380949	1	-1
0.31138181686401367	1	-0.41964285714285715	-5.6791666666666663	-0.41964285714285715	-5.6791666666666663	0	1	90	7.3478807948841188e-16	6.4047619047619051	-1	-9.0	5.4047619047619051	0.0	-5.5952380952380949	1	-1
0.32800984382629395	1	-0.41964285714285715	-5.6791666666666663	-0.41964285714285715	-5.6791666666666663	0	1	90	7.3478807948841188e-16	6.4047619047619051	-1	-9.0	5.4047619047619051	0.0	-5.5952380952380949	1	-1
0.34461402893066406	1	-0.41964285714285715	-5.6791666666666663	-0.41964285714285715	-5.6791666666666663	0	1	90	7.3478807948841188e-16	6.4047619047619051	-1	-9.0	5.4047619047619051	0.0	-5.5952380952380949	1	-1
0.36109280586242676	1	-0.41964285714285715	-5.6791666666666663	-0.41964285714285715	-5.6791666666666663	0	1	90	7.3478807948841188e-16	6.4047619047619051	-1	-9.0	5.4047619047619051	0.0	-5.5952380952380949	1	-1
0.3777589797973633	1	-0.41964285714285715	-5.6791666666666663	-0.41964285714285715	-5.6791666666666663	0	1	90	7.3478807948841188e-16	6.4047619047619051	-1	-9.0	5.4047619047619051	0.0	-5.5952380952380949	1	-1
0.39433884620666504	1	-0.41964285714285715	-5.6791666666666663	-0.41964285714285715	-5.6791666666666663	0	1	90	7.3478807948841188e-16	6.4047619047619051	-1	-9.0	5.4047619047619051	0.0	-5.5952380952380949	1	-1
0.41097187995910645	1	-0.41964285714285715	-5.6791666666666663	-0.41964285714285715	-5.6791666666666663	0	1	90	7.3478807948841188e-16	6.4047619047619051	-1	-9.0	5.4047619047619051	0.0	-5.5952380952380949	1	-1
0.42760300636291504	1	-0.41964285714285715	-5.6511904761904761	-0.41964285714285715	-5.6511904761904761	0	1	90	7.3478807948841188e-16	6.4047619047619051	-1	-9.0	5.4047619047619051	0.0	-5.5952380952380949	1	-1
0.4441800117492676	1	-0.41964285714285715	-5.6511904761904761	-0.41964285714285715	-5.6511904761904761	0	1	90	7.3478807948841188e-16	6.4047619047619051	-1	-9.0	5.4047619047619051	0.0	-5.5952380952380949	1	-1
0.4607679843902588	1	-0.41964285714285715	-5.6511904761904761	-0.41964285714285715	-5.6511904761904761	0	1	90	7.3478807948841188e-16	6.4047619047619051	-1	-9.0	5.4047619047619051	0.0	-5.5952380952380949	1	-1
0.4770939350128174	1	-0.41964285714285715	-5.5672619047619047	-0.41964285714285715	-5.5672619047619047	0	1	90	7.3478807948841188e-16	6.4047619047619051	-1	-9.0	5.4047619047619051	0.0	-5.5952380952380949	1	-1
0.4936230182647705	1	-0.41964285714285715	-5.5113095238095235	-0.41964285714285715	-5.5113095238095235	0	1	90	7.3478807948841188e-16	6.4047619047619051	-1	-9.0	5.4047619047619051	0.0	-5.5952380952380949	1	-1
0.5102088451385498	1	-0.39166666666666666	-5.2874999999999996	-0.39166666666666666	-5.2874999999999996	0	1	90	7.3478807948841188e-16	6.4047619047619051	-1	-9.0	5.4047619047619051	0.0	-5.5952380952380949	1	-1
0.5268700122833252	1	-0.3636904761904762	-5.0077380952380954	-0.36369047619047618	-5.0077380952380954	0	1	90	7.3478807948841188e-16	6.4047619047619051	-1	-9.0	5.4047619047619051	0.0	-5.5952380952380949	1	-1
0.54345703125	1	-0.3357142857142857	-4.6720238095238091	-0.33571428571428569	-4.6720238095238091	0	1	90	7.3478807948841188e-16	6.4047619047619051	-1	-9.0	5.4047619047619051	0.0	-5.5952380952380949	1	-1
0.5599880218505859	1	-0.3357142857142857	-4.5041666666666664	-0.33571428571428569	-4.5041666666666664	0	1	90	7.3478807948841188e-16	6.4047619047619051	-1	-9.0	5.4047619047619051	0.0	-5.5952380952380949	1	-1
0.5766208171844482	1	-0.30773809523809526	-4.1404761904761909	-0.30773809523809526	-4.1404761904761909	0	1	90	7.3478807948841188e-16	6.4047619047619051	-1	-9.0	5.4047619047619051	0.0	-5.5952380952380949	1	-1
0.5931599140167236	1	-0.30773809523809526	-3.9446428571428571	-0.30773809523809526	-3.9446428571428571	0	1	90	7.3478807948841188e-16	6.4047619047619051	-1	-9.0	5.4047619047619051	0.0	-5.5952380952380949	1	-1
0.6098079681396484	1	-0.27976190476190477	-3.5249999999999999	-0.27976190476190477	-3.5249999999999999	0	1	90	7.3478807948841188e-16	6.4047619047619051	-1	-9.0	5.4047619047619051	0.0	-5.5952380952380949	1	-1
0.6267127990722656	1	-0.2517857142857143	-3.0773809523809526	-0.25178571428571428	-3.0773809523809526	0	1	90	7.3478807948841188e-16	6.4047619047619051	-1	-9.0	5.4047619047619051	0.0	-5.5952380952380949	1	-1
0.6428170204162598	1	-0.27976190476190477	-2.6297619047619047	-0.27976190476190477	-2.6297619047619047	0	2	90	7.3478807948841188e-16	6.4047619047619051	-1	-9.0	5.4047619047619051	0.0	-5.5952380952380949	1	-1
0.65966796875	1	-0.27976190476190477	-2.4059523809523808	-0.27976190476190477	-2.4059523809523808	0	2	90	7.3478807948841188e-16	6.4047619047619051	-1	-9.0	5.4047619047619051	0.0	-5.5952380952380949	1	-1
0.6762969493865967	1	-0.30773809523809526	-1.9303571428571429	-0.30773809523809526	-1.9303571428571429	0	2	90	7.3478807948841188e-16	6.4047619047619051	-1	-9.0	5.4047619047619051	0.0	-5.5952380952380949	1	-1
0.6928329467773438	1	-0.30773809523809526	-1.6785714285714288	-0.30773809523809526	-1.6785714285714286	0	2	90	7.3478807948841188e-16	6.4047619047619051	-1	-9.0	5.4047619047619051	0.0	-5.5952380952380949	1	-1
0.709479808807373	1	-0.3636904761904762	-1.2029761904761909	-0.36369047619047618	-1.2029761904761904	0	2	90	7.3478807948841188e-16	6.4047619047619051	-1	-9.0	5.4047619047619051	0.0	-5.5952380952380949	1	-1
0.7259929180145264	1	-0.39166666666666666	-0.69940476190476186	-0.39166666666666666	-0.69940476190476186	0	2	90	7.3478807948841188e-16	6.4047619047619051	-1	-9.0	5.4047619047619051	0.0	-5.5952380952380949	1	-1
0.7426009178161621	1	-0.39166666666666666	-0.47559523809523796	-0.39166666666666666	-0.47559523809523807	0	2	90	7.3478807948841188e-16	6.4047619047619051	-1	-9.0	5.4047619047619051	0.0	-5.5952380952380949	1	-1
0.7591879367828369	1	-0.39166666666666666	0.027976190476190155	-0.39166666666666666	0.027976190476190477	0	2	90	7.3478807948841188e-16	6.4047619047619051	-1	-9.0	5.4047619047619051	0.0	-5.5952380952380949	1	-1
0.7757618427276611	1	-0.3636904761904762	0.53154761904761916	-0.36369047619047618	0.53154761904761905	0	2	90	7.3478807948841188e-16	6.4047619047619051	-1	-9.0	5.4047619047619051	0.0	-5.5952380952380949	1	-1
0.7921500205993652	1	-0.3636904761904762	0.81130952380952337	-0.36369047619047618	0.81130952380952381	0	2	90	7.3478807948841188e-16	6.4047619047619051	-1	-9.0	5.4047619047619051	0.0	-5.5952380952380949	1	-1
0.8087630271911621	1	-0.30773809523809526	1.3148809523809524	-0.30773809523809526	1.3148809523809524	0	2	90	7.3478807948841188e-16	6.4047619047619051	-1	-9.0	5.4047619047619051	0.0	-5.5952380952380949	1	-1
0.8252768516540527	1	-0.2517857142857143	1.8464285714285715	-0.25178571428571428	1.8464285714285715	0	2	90	7.3478807948841188e-16	6.4047619047619051	-1	-9.0	5.4047619047619051	0.0	-5.5952380952380949	1	-1
0.8419218063354492	1	-0.22380952380952382	2.0982142857142856	-0.22380952380952382	2.0982142857142856	0	2	90	7.3478807948841188e-16	6.4047619047619051	-1	-9.0	5.4047619047619051	0.0	-5.5952380952380949	1	-1
0.8584640026092529	1	-0.13988095238095238	2.6017857142857146	-0.13988095238095238	2.6017857142857141	0	2	90	7.3478807948841188e-16	6.4047619047619051	-1	-9.0	5.4047619047619051	0.0	-5.5952380952380949	1	-1
0.8751339912414551	1	-0.055952380952380955	3.0773809523809526	-0.055952380952380955	3.0773809523809526	0	2	90	7.3478807948841188e-16	6.4047619047619051	-1	-9.0	5.4047619047619051	0.0	-5.5952380952380949	1	-1
0.8916950225830078	1	0.0	3.3291666666666657	0.0	3.3291666666666666	0	2	90	7.3478807948841188e-16	6.4047619047619051	-1	-9.0	5.4047619047619051	0.0	-5.5952380952380949	1	-1
0.9083058834075928	1	0.055952380952380955	3.7767857142857153	0.055952380952380955	3.7767857142857144	0	2	90	7.3478807948841188e-16	6.4047619047619051	-1	-9.0	5.4047619047619051	0.0	-5.5952380952380949	1	-1
0.9248318672180176	1	0.13988095238095238	4.1964285714285712	0.13988095238095238	4.1964285714285712	0	2	90	7.3478807948841188e-16	6.4047619047619051	-1	-9.0	5.4047619047619051	0.0	-5.5952380952380949	1	-1
0.9415299892425537	1	0.16785714285714284	4.4202380952380942	0.16785714285714284	4.4202380952380951	0	2	90	7.3478807948841188e-16	6.4047619047619051	-1	-9.0	5.4047619047619051	0.0	-5.5952380952380949	1	-1
0.9583430290222168	1	0.22380952380952382	4.7839285714285715	0.22380952380952382	4.7839285714285715	0	2	90	7.3478807948841188e-16	6.4047619047619051	-1	-9.0	5.4047619047619051	0.0	-5.5952380952380949	1	-1
0.9749770164489746	1	0.27976190476190477	4.9517857142857142	0.27976190476190477	4.9517857142857142	0	2	90	7.3478807948841188e-16	6.4047619047619051	-1	-9.0	5.4047619047619051	0.0	-5.5952380952380949	1	-1
0.99155592918396	1	0.3357142857142857	5.2315476190476193	0.33571428571428569	5.2315476190476193	0	2	90	7.3478807948841188e-16	6.4047619047619051	-1	-9.0	5.4047619047619051	0.0	-5.5952380952380949	1	-1
1.0082738399505615	1	0.3636904761904762	5.4833333333333343	0.36369047619047618	5.4833333333333334	0	2	90	7.3478807948841188e-16	6.4047619047619051	-1	-9.0	5.4047619047619051	0.0	-5.5952380952380949	1	-1
1.0248119831085205	1	0.39166666666666666	5.6511904761904752	0.39166666666666666	5.6511904761904761	0	2	90	7.3478807948841188e-16	6.4047619047619051	-1	-9.0	5.4047619047619051	0.0	-5.5952380952380949	1	-1
1.0414869785308838	1	0.39166666666666666	5.7071428571428573	0.39166666666666666	5.7071428571428573	0	2	90	7.3478807948841188e-16	6.4047619047619051	-1	-9.0	5.4047619047619051	0.0	-5.5952380952380949	1	-1
1.058039903640747	1	0.41964285714285715	5.8190476190476197	0.41964285714285715	5.8190476190476188	0	2	90	7.3478807948841188e-16	6.4047619047619051	-1	-9.0	5.4047619047619051	0.0	-5.5952380952380949	1	-1
1.0746428966522217	1	0.41964285714285715	5.8470238095238098	0.41964285714285715	5.8470238095238098	0	2	90	7.3478807948841188e-16	6.4047619047619051	-1	-9.0	5.4047619047619051	0.0	-5.5952380952380949	1	-1
1.0912578105926514	1	0.41964285714285715	5.875	0.41964285714285715	5.875	0	2	90	7.3478807948841188e-16	6.4047619047619051	-1	-9.0	5.4047619047619051	0.0	-5.5952380952380949	1	-1
1.107813835144043	1	0.41964285714285715	5.9029761904761902	0.41964285714285715	5.9029761904761902	0	2	90	7.3478807948841188e-16	6.4047619047619051	-1	-9.0	5.4047619047619051	0.0	-5.5952380952380949	1	-1
1.1241378784179688	1	0.41964285714285715	5.9029761904761902	0.41964285714285715	5.9029761904761902	0	2	90	7.3478807948841188e-16	6.4047619047619051	-1	-9.0	5.4047619047619051	0.0	-5.5952380952380949	1	-1
1.1408360004425049	1	0.41964285714285715	5.9029761904761902	0.41964285714285715	5.9029761904761902	0	2	90	7.3478807948841188e-16	6.4047619047619051	-1	-9.0	5.4047619047619051	0.0	-5.5952380952380949	1	-1
1.1573748588562012	1	0.41964285714285715	5.9029761904761902	0.41964285714285715	5.9029761904761902	0	2	90	7.3478807948841188e-16	6.4047619047619051	-1	-9.0	5.4047619047619051	0.0	-5.5952380952380949	1	-1
1.1739699840545654	1	0.41964285714285715	5.9029761904761902	0.41964285714285715	5.9029761904761902	0	2	90	7.3478807948841188e-16	6.4047619047619051	-1	-9.0	5.4047619047619051	0.0	-5.5952380952380949	1	-1
1.1905388832092285	1	0.41964285714285715	5.9029761904761902	0.41964285714285715	5.9029761904761902	0	2	90	7.3478807948841188e-16	6.4047619047619051	-1	-9.0	5.4047619047619051	0.0	-5.5952380952380949	1	-1
1.2072529792785645	1	0.41964285714285715	5.9029761904761902	0.41964285714285715	5.9029761904761902	0	2	90	7.3478807948841188e-16	6.4047619047619051	-1	-9.0	5.4047619047619051	0.0	-5.5952380952380949	1	-1
1.2237799167633057	1	0.41964285714285715	5.9029761904761902	0.41964285714285715	5.9029761904761902	0	2	90	7.3478807948841188e-16	6.4047619047619051	-1	-9.0	5.4047619047619051	0.0	-5.5952380952380949	1	-1
1.2404468059539795	1	0.41964285714285715	5.9029761904761902	0.41964285714285715	5.9029761904761902	0	2	90	7.3478807948841188e-16	6.4047619047619051	-1	-9.0	5.4047619047619051	0.0	-5.5952380952380949	1	-1
1.2569398880004883	1	0.41964285714285715	5.9029761904761902	0.41964285714285715	5.9029761904761902	0	2	90	7.3478807948841188e-16	6.4047619047619051	-1	-9.0	5.4047619047619051	0.0	-5.5952380952380949	1	-1
1.2737948894500732	1	0.41964285714285715	5.9029761904761902	0.41964285714285715	5.9029761904761902	0	2	90	7.3478807948841188e-16	6.4047619047619051	-1	-9.0	5.4047619047619051	0.0	-5.5952380952380949	1	-1
1.290431022644043	1	0.41964285714285715	5.9029761904761902	0.41964285714285715	5.9029761904761902	0	2	90	7.3478807948841188e-16	6.4047619047619051	-1	-9.0	5.4047619047619051	0.0	-5.5952380952380949	1	-1
1.3070249557495117	1	0.41964285714285715	5.9029761904761902	0.41964285714285715	5.9029761904761902	0	2	90	7.3478807948841188e-16	6.4047619047619051	-1	-9.0	5.4047619047619051	0.0	-5.5952380952380949	1	-1
1.3236439228057861	1	0.41964285714285715	5.9029761904761902	0.41964285714285715	5.9029761904761902	0	2	90	7.3478807948841188e-16	6.4047619047619051	-1	-9.0	5.4047619047619051	0.0	-5.5952380952380949	1	-1
1.340303897857666	1	0.41964285714285715	5.9029761904761902	0.41964285714285715	5.9029761904761902	0	2	90	7.3478807948841188e-16	6.4047619047619051	-1	-9.0	5.4047619047619051	0.0	-5.5952380952380949	1	-1
1.3567869663238525	1	0.41964285714285715	5.9029761904761902	0.41964285714285715	5.9029761904761902	0	2	90	7.3478807948841188e-16	6.4047619047619051	-1	-9.0	5.4047619047619051	0.0	-5.5952380952380949	1	-1
1.3733978271484375	1	0.41964285714285715	5.9029761904761902	0.41964285714285715	5.9029761904761902	0	2	90	7.3478807948841188e-16	6.4047619047619051	-1	-9.0	5.4047619047619051	0.0	-5.5952380952380949	1	-1
1.3899829387664795	1	0.41964285714285715	5.9029761904761902	0.41964285714285715	5.9029761904761902	0	2	90	7.3478807948841188e-16	6.4047619047619051	-1	-9.0	5.4047619047619051	0.0	-5.5952380952380949	1	-1
1.4066269397735596	1	0.41964285714285715	5.9029761904761902	0.41964285714285715	5.9029761904761902	0	2	90	7.3478807948841188e-16	6.4047619047619051	-1	-9.0	5.4047619047619051	0.0	-5.5952380952380949	1	-1
1.4232008457183838	1	0.41964285714285715	5.9029761904761902	0.41964285714285715	5.9029761904761902	0	2	90	7.3478807948841188e-16	6.4047619047619051	-1	-9.0	5.4047619047619051	0.0	-5.5952380952380949	1	-1
1.4396779537200928	1	0.41964285714285715	5.9029761904761902	0.41964285714285715	5.9029761904761902	0	2	90	7.3478807948841188e-16	6.4047619047619051	-1	-9.0	5.4047619047619051	0.0	-5.5952380952380949	1	-1
1.4561119079589844	1	0.41964285714285715	5.9029761904761902	0.41964285714285715	5.9029761904761902	0	2	90	7.3478807948841188e-16	6.4047619047619051	-1	-9.0	5.4047619047619051	0.0	-5.5952380952380949	1	-1
1.47273588180542	1	0.41964285714285715	5.9029761904761902	0.41964285714285715	5.9029761904761902	0	2	90	7.3478807948841188e-16	6.4047619047619051	-1	-9.0	5.4047619047619051	0.0	-5.5952380952380949	1	-1
1.4892678260803223	1	0.41964285714285715	5.9029761904761902	0.41964285714285715	5.9029761904761902	0	2	90	7.3478807948841188e-16	6.4047619047619051	-1	-9.0	5.4047619047619051	0.0	-5.5952380952380949	1	-1
1.5058338642120361	1	0.41964285714285715	5.9029761904761902	0.41964285714285715	5.9029761904761902	0	2	90	7.3478807948841188e-16	6.4047619047619051	-1	-9.0	5.4047619047619051	0.0	-5.5952380952380949	1	-1
1.5224390029907227	1	0.41964285714285715	5.9029761904761902	0.41964285714285715	5.9029761904761902	0	2	90	7.3478807948841188e-16	6.4047619047619051	-1	-9.0	5.4047619047619051	0.0	-5.5952380952380949	1	-1
1.5391178131103516	1	0.41964285714285715	5.9029761904761902	0.41964285714285715	5.9029761904761902	0	2	90	7.3478807948841188e-16	6.4047619047619051	-1	-9.0	5.4047619047619051	0.0	-5.5952380952380949	1	-1
1.5556879043579102	1	0.41964285714285715	5.9029761904761902	0.41964285714285715	5.9029761904761902	0	2	90	7.3478807948841188e-16	6.4047619047619051	-1	-9.0	5.4047619047619051	0.0	-5.5952380952380949	1	-1
1.5722618103027344	1	0.41964285714285715	5.9029761904761902	0.41964285714285715	5.9029761904761902	0	2	90	7.3478807948841188e-16	6.4047619047619051	-1	-9.0	5.4047619047619051	0.0	-5.5952380952380949	1	-1
1.5888469219207764	1	0.41964285714285715	5.9029761904761902	0.41964285714285715	5.9029761904761902	0	2	90	7.3478807948841188e-16	6.4047619047619051	-1	-9.0	5.4047619047619051	0.0	-5.5952380952380949	1	-1
1.6057209968566895	1	0.41964285714285715	5.9029761904761902	0.41964285714285715	5.9029761904761902	0	2	90	7.3478807948841188e-16	6.4047619047619051	-1	-9.0	5.4047619047619051	0.0	-5.5952380952380949	1	-1
1.6223008632659912	1	0.41964285714285715	5.9029761904761902	0.41964285714285715	5.9029761904761902	0	2	90	7.3478807948841188e-16	6.4047619047619051	-1	-9.0	5.4047619047619051	0.0	-5.5952380952380949	1	-1
1.6389498710632324	1	0.41964285714285715	5.9029761904761902	0.41964285714285715	5.9029761904761902	0	2	90	7.3478807948841188e-16	6.4047619047619051	-1	-9.0	5.4047619047619051	0.0	-5.5952380952380949	1	-1
1.6555659770965576	1	0.41964285714285715	5.9029761904761902	0.41964285714285715	5.9029761904761902	0	3	90	7.3478807948841188e-16	6.4047619047619051	-1	-9.0	5.4047619047619051	0.0	-5.5952380952380949	1	-1
1.6721808910369873	1	0.41964285714285715	5.9029761904761902	0.41964285714285715	5.9029761904761902	0	4	90	7.3478807948841188e-16	6.4047619047619051	-1	-9.0	5.4047619047619051	0.0	-5.5952380952380949	1	-1
1.6887078285217285	1	0.41964285714285715	5.9029761904761902	0.41964285714285715	5.9029761904761902	0	4	90	7.3478807948841188e-16	6.4047619047619051	-1	-9.0	5.4047619047619051	0.0	-5.5952380952380949	1	-1
1.7052388191223145	1	0.41964285714285715	5.9029761904761902	0.41964285714285715	5.9029761904761902	0	4	90	7.3478807948841188e-16	6.4047619047619051	-1	-9.0	5.4047619047619051	0.0	-5.5952380952380949	1	-1
1.7218348979949951	1	0.41964285714285715	5.9029761904761902	0.41964285714285715	5.9029761904761902	0	4	90	7.3478807948841188e-16	6.4047619047619051	-1	-9.0	5.4047619047619051	0.0	-5.5952380952380949	1	-1
1.7384748458862305	1	0.41964285714285715	5.9029761904761902	0.41964285714285715	5.9029761904761902	0	4	90	7.3478807948841188e-16	6.4047619047619051	-1	-9.0	5.4047619047619051	0.0	-5.5952380952380949	1	-1
1.7548909187316895	1	0.41964285714285715	5.9029761904761902	0.41964285714285715	5.9029761904761902	0	4	90	7.3478807948841188e-16	6.4047619047619051	-1	-9.0	5.4047619047619051	0.0	-5.5952380952380949	1	-1
1.7714288234710693	1	0.41964285714285715	5.9029761904761902	0.41964285714285715	5.9029761904761902	0	4	90	7.3478807948841188e-16	6.4047619047619051	-1	-9.0	5.4047619047619051	0.0	-5.5952380952380949	1	-1
1.787992000579834	1	0.41964285714285715	5.9029761904761902	0.41964285714285715	5.9029761904761902	0	4	90	7.3478807948841188e-16	6.4047619047619051	-1	-9.0	5.4047619047619051	0.0	-5.5952380952380949	1	-1
1.8046269416809082	1	0.41964285714285715	5.9029761904761902	0.41964285714285715	5.9029761904761902	0	4	90	7.3478807948841188e-16	6.4047619047619051	-1	-9.0	5.4047619047619051	0.0	-5.5952380952380949	1	-1
1.8211967945098877	1	0.41964285714285715	5.9029761904761902	0.41964285714285715	5.9029761904761902	0	4	90	7.3478807948841188e-16	6.4047619047619051	-1	-9.0	5.4047619047619051	0.0	-5.5952380952380949	1	-1
1.8377439975738525	1	0.41964285714285715	5.9029761904761902	0.41964285714285715	5.9029761904761902	0	4	90	7.3478807948841188e-16	6.4047619047619051	-1	-9.0	5.4047619047619051	0.0	-5.5952380952380949	1	-1
1.854400873184204	1	0.41964285714285715	5.9029761904761902	0.41964285714285715	5.9029761904761902	0	4	90	7.3478807948841188e-16	6.4047619047619051	-1	-9.0	5.4047619047619051	0.0	-5.5952380952380949	1	-1
1.8710129261016846	1	0.41964285714285715	5.9029761904761902	0.41964285714285715	5.9029761904761902	0	4	90	7.3478807948841188e-16	6.4047619047619051	-1	-9.0	5.4047619047619051	0.0	-5.5952380952380949	1	-1
1.8875598907470703	1	0.36369047619047618	5.9029761904761902	0.36369047619047618	5.9029761904761902	0	4	90	7.3478807948841188e-16	6.4047619047619051	-1	-9.0	5.4047619047619051	0.0	-5.5952380952380949	1	-1
1.9041388034820557	1	0.27976190476190477	5.9029761904761902	0.27976190476190477	5.9309523809523812	0	4	90	7.3478807948841188e-16	6.4047619047619051	-1	-9.0	5.4047619047619051	0.0	-5.5952380952380949	1	-1
1.920727014541626	1	-0.027976190476190488	5.9029761904761902	-0.027976190476190477	5.9589285714285714	0	4	90	7.3478807948841188e-16	6.4047619047619051	-1	-9.0	5.4047619047619051	0.0	-5.5952380952380949	1	-1
1.9373419284820557	1	-0.50357142857142856	5.9029761904761902	-0.50357142857142856	5.9309523809523812	0	4	90	7.3478807948841188e-16	6.4047619047619051	-1	-9.0	5.4047619047619051	0.0	-5.5952380952380949	1	-1
1.9539799690246582	1	-0.8392857142857143	5.9029761904761902	-0.8392857142857143	5.9309523809523812	0	4	90	7.3478807948841188e-16	6.4047619047619051	-1	-9.0	5.4047619047619051	0.0	-5.5952380952380949	1	-1
1.9704978466033936	1	-1.5946428571428573	5.9029761904761902	-1.5946428571428573	5.8470238095238098	0	4	90	7.3478807948841188e-16	6.4047619047619051	-1	-9.0	5.4047619047619051	0.0	-5.5952380952380949	1	-1
1.987104892730713	1	-2.0422619047619048	5.9029761904761902	-2.0422619047619048	5.8190476190476188	0	4	90	7.3478807948841188e-16	6.4047619047619051	-1	-9.0	5.4047619047619051	0.0	-5.5952380952380949	1	-1
2.0037319660186768	1	-2.9934523809523808	5.9029761904761902	-2.9934523809523808	5.7071428571428573	0	4	90	7.3478807948841188e-16	6.4047619047619051	-1	-9.0	5.4047619047619051	0.0	-5.5952380952380949	1	-1
2.0202949047088623	1	-4.0565476190476186	5.9029761904761902	-4.0565476190476186	5.5952380952380949	0	4	90	7.3478807948841188e-16	6.4047619047619051	-1	-9.0	5.4047619047619051	0.0	-5.5952380952380949	1	-1
2.0368728637695312	1	-5.2315476190476193	5.9029761904761902	-5.2315476190476193	5.4553571428571432	0	4	90	7.3478807948841188e-16	6.4047619047619051	-1	-9.0	5.4047619047619051	0.0	-5.5952380952380949	1	-1
2.053522825241089	1	-5.8470238095238098	5.9029761904761902	-5.8470238095238098	5.371428571428571	0	4	90	7.3478807948841188e-16	6.4047619047619051	-1	-9.0	5.4047619047619051	0.0	-5.5952380952380949	1	-1
2.070124864578247	1	-7.1339285714285712	5.9029761904761902	-7.1339285714285712	5.2035714285714283	0	4	90	7.3478807948841188e-16	6.4047619047619051	-1	-9.0	5.4047619047619051	0.0	-5.5952380952380949	1	-1
2.086634874343872	1	-7.7773809523809527	5.9029761904761902	-7.7773809523809527	5.1196428571428569	0	4	90	7.3478807948841188e-16	6.4047619047619051	-1	-9.0	5.4047619047619051	0.0	-5.5952380952380949	1	-1
2.103250026702881	1	-9.036309523809523	5.9029761904761902	-9.036309523809523	4.9238095238095241	0	4	90	7.3478807948841188e-16	6.4047619047619051	-1	-9.0	5.4047619047619051	0.0	-5.5952380952380949	1	-1
2.119844913482666	1	-10.127380952380953	4.7559523809523814	-10.127380952380953	4.7559523809523814	0	4	90	7.3478807948841188e-16	6.4047619047619051	-1	-9.0	5.4047619047619051	0.0	-5.5952380952380949	1	-1
2.1364707946777344	1	-11.022619047619047	4.6160714285714288	-11.022619047619047	4.6160714285714288	0	4	90	7.3478807948841188e-16	6.4047619047619051	-1	-9.0	5.4047619047619051	0.0	-5.5952380952380949	1	-1
2.1531050205230713	1	-11.414285714285715	4.5321428571428584	-11.414285714285715	4.5321428571428575	0	4	90	7.3478807948841188e-16	6.4047619047619051	-1	-9.0	5.4047619047619051	0.0	-5.5952380952380949	1	-1
2.16965389251709	1	-12.057738095238095	4.4202380952380942	-12.057738095238095	4.4202380952380951	0	4	90	7.3478807948841188e-16	6.4047619047619051	-1	-9.0	5.4047619047619051	0.0	-5.5952380952380949	1	-1
2.1862428188323975	1	-12.281547619047618	4.3922619047619058	-12.281547619047618	4.3922619047619049	0	5	90	7.3478807948841188e-16	6.4047619047619051	-1	-9.0	5.4047619047619051	0.0	-5.5952380952380949	1	-1
2.2028589248657227	1	-12.533333333333333	4.3363095238095237	-12.533333333333333	4.3363095238095237	0	5	90	7.3478807948841188e-16	6.4047619047619051	-1	-9.0	5.4047619047619051	0.0	-5.5952380952380949	1	-1
2.2194437980651855	1	-12.589285714285714	4.3363095238095237	-12.589285714285714	4.3363095238095237	0	5	90	7.3478807948841188e-16	6.4047619047619051	-1	-9.0	5.4047619047619051	0.0	-5.5952380952380949	1	-1
2.236013889312744	1	-12.589285714285714	4.3363095238095237	-12.589285714285714	4.3363095238095237	0	5	90	7.3478807948841188e-16	6.4047619047619051	-1	-9.0	5.4047619047619051	0.0	-5.5952380952380949	1	-1
2.2530009746551514	1	-12.533333333333333	4.3083333333333336	-12.533333333333333	4.3083333333333336	0	5	90	7.3478807948841188e-16	6.4047619047619051	-1	-9.0	5.4047619047619051	0.0	-5.5952380952380949	1	-1
2.269451856613159	1	-12.36547619047619	4.168452380952381	-12.365476190476191	4.168452380952381	0	5	90	7.3478807948841188e-16	6.4047619047619051	-1	-9.0	5.4047619047619051	0.0	-5.5952380952380949	1	-1
2.28604793548584	1	-12.225595238095238	4.0565476190476186	-12.225595238095238	4.0565476190476186	0	5	90	7.3478807948841188e-16	6.4047619047619051	-1	-9.0	5.4047619047619051	0.0	-5.5952380952380949	1	-1
2.3026609420776367	1	-11.80595238095238	3.8327380952380956	-11.80595238095238	3.8327380952380952	0	5	90	7.3478807948841188e-16	6.4047619047619051	-1	-9.0	5.4047619047619051	0.0	-5.5952380952380949	1	-1
2.3192520141601562	1	-11.554166666666667	3.6928571428571431	-11.554166666666667	3.6928571428571431	0	5	90	7.3478807948841188e-16	6.4047619047619051	-1	-9.0	5.4047619047619051	0.0	-5.5952380952380949	1	-1
2.3358500003814697	1	-10.938690476190477	3.3571428571428577	-10.938690476190477	3.3571428571428572	0	5	90	7.3478807948841188e-16	6.4047619047619051	-1	-9.0	5.4047619047619051	0.0	-5.5952380952380949	1	-1
2.3524699211120605	1	-10.267261904761904	2.9654761904761902	-10.267261904761904	2.9654761904761906	0	5	90	7.3478807948841188e-16	6.4047619047619051	-1	-9.0	5.4047619047619051	0.0	-5.5952380952380949	1	-1
2.369086980819702	1	-9.567857142857143	2.4898809523809522	-9.5678571428571431	2.4898809523809522	0	5	90	7.3478807948841188e-16	6.4047619047619051	-1	-9.0	5.4047619047619051	0.0	-5.5952380952380949	1	-1
2.385624885559082	1	-9.204166666666667	2.2380952380952381	-9.2041666666666675	2.2380952380952381	0	5	90	7.3478807948841188e-16	6.4047619047619051	-1	-9.0	5.4047619047619051	0.0	-5.5952380952380949	1	-1
2.402282953262329	1	-8.504761904761905	1.6505952380952378	-8.5047619047619047	1.650595238095238	0	5	90	7.3478807948841188e-16	6.4047619047619051	-1	-9.0	5.4047619047619051	0.0	-5.5952380952380949	1	-1
2.418543815612793	1	-8.14107142857143	1.3708333333333336	-8.1410714285714292	1.3708333333333333	0	5	90	7.3478807948841188e-16	6.4047619047619051	-1	-9.0	5.4047619047619051	0.0	-5.5952380952380949	1	-1
2.435149908065796	1	-7.441666666666666	0.75535714285714306	-7.4416666666666664	0.75535714285714284	0	5	90	7.3478807948841188e-16	6.4047619047619051	-1	-9.0	5.4047619047619051	0.0	-5.5952380952380949	1	-1
2.4517319202423096	1	-6.770238095238096	0.11190476190476151	-6.7702380952380956	0.11190476190476191	0	5	90	7.3478807948841188e-16	6.4047619047619051	-1	-9.0	5.4047619047619051	0.0	-5.5952380952380949	1	-1
2.4683938026428223	1	-6.098809523809524	-0.50357142857142811	-6.0988095238095239	-0.50357142857142856	0	5	90	7.3478807948841188e-16	6.4047619047619051	-1	-9.0	5.4047619047619051	0.0	-5.5952380952380949	1	-1
2.484954833984375	1	-5.791071428571429	-0.81130952380952337	-5.7910714285714286	-0.81130952380952381	0	5	90	7.3478807948841188e-16	6.4047619047619051	-1	-9.0	5.4047619047619051	0.0	-5.5952380952380949	1	-1
2.5015289783477783	1	-5.175595238095238	-1.3988095238095237	-5.1755952380952381	-1.3988095238095237	0	5	90	7.3478807948841188e-16	6.4047619047619051	-1	-9.0	5.4047619047619051	0.0	-5.5952380952380949	1	-1
2.5180938243865967	1	-4.895833333333333	-1.6505952380952378	-4.895833333333333	-1.650595238095238	0	5	90	7.3478807948841188e-16	6.4047619047619051	-1	-9.0	5.4047619047619051	0.0	-5.5952380952380949	1	-1
2.5347278118133545	1	-4.364285714285714	-2.1821428571428569	-4.3642857142857139	-2.1821428571428569	0	5	90	7.3478807948841188e-16	6.4047619047619051	-1	-9.0	5.4047619047619051	0.0	-5.5952380952380949	1	-1
2.5513319969177246	1	-3.8607142857142858	-2.6017857142857141	-3.8607142857142858	-2.6017857142857141	0	5	90	7.3478807948841188e-16	6.4047619047619051	-1	-9.0	5.4047619047619051	0.0	-5.5952380952380949	1	-1
2.568228006362915	1	-3.413095238095238	-2.9934523809523808	-3.413095238095238	-2.9934523809523808	0	5	90	7.3478807948841188e-16	6.4047619047619051	-1	-9.0	5.4047619047619051	0.0	-5.5952380952380949	1	-1
2.5848138332366943	1	-3.1892857142857145	-3.1613095238095239	-3.1892857142857145	-3.1613095238095239	0	5	90	7.3478807948841188e-16	6.4047619047619051	-1	-9.0	5.4047619047619051	0.0	-5.5952380952380949	1	-1
2.601409912109375	1	-2.825595238095238	-3.4690476190476192	-2.825595238095238	-3.4690476190476192	0	5	90	7.3478807948841188e-16	6.4047619047619051	-1	-9.0	5.4047619047619051	0.0	-5.5952380952380949	1	-1
2.617482900619507	1	-2.6577380952380953	-3.6089285714285713	-2.6577380952380953	-3.6089285714285713	0	5	90	7.3478807948841188e-16	6.4047619047619051	-1	-9.0	5.4047619047619051	0.0	-5.5952380952380949	1	-1
2.6343469619750977	1	-2.405952380952381	-3.8607142857142858	-2.4059523809523808	-3.8607142857142858	0	5	90	7.3478807948841188e-16	6.4047619047619051	-1	-9.0	5.4047619047619051	0.0	-5.5952380952380949	1	-1
2.6509878635406494	1	-2.154166666666667	-4.0845238095238097	-2.1541666666666668	-4.0845238095238097	0	5	90	7.3478807948841188e-16	6.4047619047619051	-1	-9.0	5.4047619047619051	0.0	-5.5952380952380949	1	-1
2.6676268577575684	1	-1.9583333333333333	-4.2523809523809524	-1.9583333333333333	-4.2523809523809524	0	5	90	7.3478807948841188e-16	6.4047619047619051	-1	-9.0	5.4047619047619051	0.0	-5.5952380952380949	1	-1
2.6841609477996826	1	-1.874404761904762	-4.3083333333333336	-1.8744047619047619	-4.3083333333333336	0	5	90	7.3478807948841188e-16	6.4047619047619051	-1	-9.0	5.4047619047619051	0.0	-5.5952380952380949	1	-1
2.7007439136505127	1	-1.706547619047619	-4.4482142857142861	-1.706547619047619	-4.4482142857142861	0	5	90	7.3478807948841188e-16	6.4047619047619051	-1	-9.0	5.4047619047619051	0.0	-5.5952380952380949	1	-1
2.717301845550537	1	-1.650595238095238	-4.5041666666666664	-1.650595238095238	-4.5041666666666664	0	5	90	7.3478807948841188e-16	6.4047619047619051	-1	-9.0	5.4047619047619051	0.0	-5.5952380952380949	1	-1
2.7336888313293457	1	-1.5107142857142857	-4.6160714285714288	-1.5107142857142857	-4.6160714285714288	0	5	90	7.3478807948841188e-16	6.4047619047619051	-1	-9.0	5.4047619047619051	0.0	-5.5952380952380949	1	-1
2.7501819133758545	1	-1.4267857142857143	-4.7279761904761903	-1.4267857142857143	-4.7279761904761903	0	5	90	7.3478807948841188e-16	6.4047619047619051	-1	-9.0	5.4047619047619051	0.0	-5.5952380952380949	1	-1
2.7668659687042236	1	-1.3708333333333333	-4.7559523809523814	-1.3708333333333333	-4.7559523809523814	0	5	90	7.3478807948841188e-16	6.4047619047619051	-1	-9.0	5.4047619047619051	0.0	-5.5952380952380949	1	-1
2.7834179401397705	1	-1.286904761904762	-4.8119047619047617	-1.286904761904762	-4.8119047619047617	0	5	90	7.3478807948841188e-16	6.4047619047619051	-1	-9.0	5.4047619047619051	0.0	-5.5952380952380949	1	-1
2.800057888031006	1	-1.230952380952381	-4.895833333333333	-1.230952380952381	-4.895833333333333	0	5	90	7.3478807948841188e-16	6.4047619047619051	-1	-9.0	5.4047619047619051	0.0	-5.5952380952380949	1	-1
2.8166158199310303	1	-1.2029761904761904	-4.9238095238095241	-1.2029761904761904	-4.9238095238095241	0	5	90	7.3478807948841188e-16	6.4047619047619051	-1	-9.0	5.4047619047619051	0.0	-5.5952380952380949	1	-1
2.8332338333129883	1	-1.1470238095238094	-4.9797619047619044	-1.1470238095238094	-4.9797619047619044	0	5	90	7.3478807948841188e-16	6.4047619047619051	-1	-9.0	5.4047619047619051	0.0	-5.5952380952380949	1	-1
2.849836826324463	1	-1.063095238095238	-5.0636904761904766	-1.0630952380952381	-5.0636904761904766	0	5	90	7.3478807948841188e-16	6.4047619047619051	-1	-9.0	5.4047619047619051	0.0	-5.5952380952380949	1	-1
2.8664448261260986	1	-1.0351190476190477	-5.0916666666666668	-1.0351190476190477	-5.0916666666666668	0	5	90	7.3478807948841188e-16	6.4047619047619051	-1	-9.0	5.4047619047619051	0.0	-5.5952380952380949	1	-1
2.8831238746643066	1	-0.9791666666666666	-5.147619047619048	-0.97916666666666663	-5.147619047619048	0	5	90	7.3478807948841188e-16	6.4047619047619051	-1	-9.0	5.4047619047619051	0.0	-5.5952380952380949	1	-1
2.899967908859253	1	-0.8952380952380953	-5.2315476190476193	-0.89523809523809528	-5.2315476190476193	0	5	90	7.3478807948841188e-16	6.4047619047619051	-1	-9.0	5.4047619047619051	0.0	-5.5952380952380949	1	-1
2.916571855545044	1	-0.8672619047619048	-5.2595238095238095	-0.86726190476190479	-5.2595238095238095	0	5	90	7.3478807948841188e-16	6.4047619047619051	-1	-9.0	5.4047619047619051	0.0	-5.5952380952380949	1	-1
2.9332008361816406	1	-0.8113095238095238	-5.3434523809523808	-0.81130952380952381	-5.3434523809523808	0	5	90	7.3478807948841188e-16	6.4047619047619051	-1	-9.0	5.4047619047619051	0.0	-5.5952380952380949	1	-1
2.949739933013916	1	-0.7553571428571428	-5.399404761904762	-0.75535714285714284	-5.399404761904762	0	5	90	7.3478807948841188e-16	6.4047619047619051	-1	-9.0	5.4047619047619051	0.0	-5.5952380952380949	1	-1
2.96646785736084	1	-0.7273809523809524	-5.4273809523809522	-0.72738095238095235	-5.4273809523809522	0	5	90	7.3478807948841188e-16	6.4047619047619051	-1	-9.0	5.4047619047619051	0.0	-5.5952380952380949	1	-1
2.98297381401062	1	-0.6714285714285714	-5.4833333333333334	-0.67142857142857137	-5.4833333333333334	0	5	90	7.3478807948841188e-16	6.4047619047619051	-1	-9.0	5.4047619047619051	0.0	-5.5952380952380949	1	-1
2.999581813812256	1	-0.643452380952381	-5.5113095238095235	-0.643452380952381	-5.5113095238095235	0	5	90	7.3478807948841188e-16	6.4047619047619051	-1	-9.0	5.4047619047619051	0.0	-5.5952380952380949	1	-1
3.0160999298095703	1	-0.6154761904761905	-5.5392857142857146	-0.61547619047619051	-5.5392857142857146	0	5	90	7.3478807948841188e-16	6.4047619047619051	-1	-9.0	5.4047619047619051	0.0	-5.5952380952380949	1	-1
3.0326929092407227	1	-0.5595238095238095	-5.5952380952380949	-0.55952380952380953	-5.5952380952380949	0	5	90	7.3478807948841188e-16	6.4047619047619051	-1	-9.0	5.4047619047619051	0.0	-5.5952380952380949	1	-1
3.0492348670959473	1	-0.5035714285714286	-5.6511904761904761	-0.50357142857142856	-5.6511904761904761	0	5	90	7.3478807948841188e-16	6.4047619047619051	-1	-9.0	5.4047619047619051	0.0	-5.5952380952380949	1	-1
