time	trial	cursorx	cursory	hand_x	hand_Y	rotation	step	targetangle	targetposx	targetposy	garagelocation	garageposx	garageposy	homex	homey	group	trial_type
9.5367431640625e-07	3	-0.27976190476190477	-6.0708333333333337	-0.27976190476190477	-6.0708333333333337	0	5	105	-3.1058285412302502	5.9958718202307253	1	5.8941714587697493	4.9958718202307253	0.0	-5.5952380952380949	1	-1
0.02927708625793457	3	-0.27976190476190477	-5.9589285714285714	-0.27976190476190477	-5.9589285714285714	0	1	105	-3.1058285412302502	5.9958718202307253	1	5.8941714587697493	4.9958718202307253	0.0	-5.5952380952380949	1	-1
0.04590201377868652	3	-0.2517857142857143	-5.9029761904761902	-0.25178571428571428	-5.9029761904761902	0	1	105	-3.1058285412302502	5.9958718202307253	1	5.8941714587697493	4.9958718202307253	0.0	-5.5952380952380949	1	-1
0.06281399726867676	3	-0.22380952380952382	-5.8190476190476188	-0.22380952380952382	-5.8190476190476188	0	1	105	-3.1058285412302502	5.9958718202307253	1	5.8941714587697493	4.9958718202307253	0.0	-5.5952380952380949	1	-1
0.07937788963317871	3	-0.16785714285714284	-5.7630952380952385	-0.16785714285714284	-5.7630952380952385	0	1	105	-3.1058285412302502	5.9958718202307253	1	5.8941714587697493	4.9958718202307253	0.0	-5.5952380952380949	1	-1
0.09595704078674316	3	-0.16785714285714284	-5.7351190476190474	-0.16785714285714284	-5.7351190476190474	0	1	105	-3.1058285412302502	5.9958718202307253	1	5.8941714587697493	4.9958718202307253	0.0	-5.5952380952380949	1	-1
0.1125640869140625	3	-0.13988095238095238	-5.6791666666666663	-0.13988095238095238	-5.6791666666666663	0	1	105	-3.1058285412302502	5.9958718202307253	1	5.8941714587697493	4.9958718202307253	0.0	-5.5952380952380949	1	-1
0.12911510467529297	3	-0.13988095238095238	-5.6791666666666663	-0.13988095238095238	-5.6791666666666663	0	1	105	-3.1058285412302502	5.9958718202307253	1	5.8941714587697493	4.9958718202307253	0.0	-5.5952380952380949	1	-1
0.14567303657531738	3	-0.13988095238095238	-5.6791666666666663	-0.13988095238095238	-5.6791666666666663	0	1	105	-3.1058285412302502	5.9958718202307253	1	5.8941714587697493	4.9958718202307253	0.0	-5.5952380952380949	1	-1
0.1623239517211914	3	-0.13988095238095238	-5.6791666666666663	-0.13988095238095238	-5.6791666666666663	0	1	105	-3.1058285412302502	5.9958718202307253	1	5.8941714587697493	4.9958718202307253	0.0	-5.5952380952380949	1	-1
0.17891502380371094	3	-0.13988095238095238	-5.6791666666666663	-0.13988095238095238	-5.6791666666666663	0	1	105	-3.1058285412302502	5.9958718202307253	1	5.8941714587697493	4.9958718202307253	0.0	-5.5952380952380949	1	-1
0.19548296928405762	3	-0.13988095238095238	-5.6791666666666663	-0.13988095238095238	-5.6791666666666663	0	1	105	-3.1058285412302502	5.9958718202307253	1	5.8941714587697493	4.9958718202307253	0.0	-5.5952380952380949	1	-1
0.21209287643432617	3	-0.13988095238095238	-5.6791666666666663	-0.13988095238095238	-5.6791666666666663	0	1	105	-3.1058285412302502	5.9958718202307253	1	5.8941714587697493	4.9958718202307253	0.0	-5.5952380952380949	1	-1
0.22839903831481934	3	-0.13988095238095238	-5.6791666666666663	-0.13988095238095238	-5.6791666666666663	0	1	105	-3.1058285412302502	5.9958718202307253	1	5.8941714587697493	4.9958718202307253	0.0	-5.5952380952380949	1	-1
0.24506688117980957	3	-0.13988095238095238	-5.6791666666666663	-0.13988095238095238	-5.6791666666666663	0	1	105	-3.1058285412302502	5.9958718202307253	1	5.8941714587697493	4.9958718202307253	0.0	-5.5952380952380949	1	-1
0.2616291046142578	3	-0.13988095238095238	-5.6791666666666663	-0.13988095238095238	-5.6791666666666663	0	1	105	-3.1058285412302502	5.9958718202307253	1	5.8941714587697493	4.9958718202307253	0.0	-5.5952380952380949	1	-1
0.27827000617980957	3	-0.13988095238095238	-5.6791666666666663	-0.13988095238095238	-5.6791666666666663	0	1	105	-3.1058285412302502	5.9958718202307253	1	5.8941714587697493	4.9958718202307253	0.0	-5.5952380952380949	1	-1
0.29482388496398926	3	-0.13988095238095238	-5.6791666666666663	-0.13988095238095238	-5.6791666666666663	0	1	105	-3.1058285412302502	5.9958718202307253	1	5.8941714587697493	4.9958718202307253	0.0	-5.5952380952380949	1	-1
0.31143999099731445	3	-0.13988095238095238	-5.6791666666666663	-0.13988095238095238	-5.6791666666666663	0	1	105	-3.1058285412302502	5.9958718202307253	1	5.8941714587697493	4.9958718202307253	0.0	-5.5952380952380949	1	-1
0.32797908782958984	3	-0.13988095238095238	-5.6791666666666663	-0.13988095238095238	-5.6791666666666663	0	1	105	-3.1058285412302502	5.9958718202307253	1	5.8941714587697493	4.9958718202307253	0.0	-5.5952380952380949	1	-1
0.3445570468902588	3	-0.13988095238095238	-5.6791666666666663	-0.13988095238095238	-5.6791666666666663	0	1	105	-3.1058285412302502	5.9958718202307253	1	5.8941714587697493	4.9958718202307253	0.0	-5.5952380952380949	1	-1
0.36115002632141113	3	-0.13988095238095238	-5.6791666666666663	-0.13988095238095238	-5.6791666666666663	0	1	105	-3.1058285412302502	5.9958718202307253	1	5.8941714587697493	4.9958718202307253	0.0	-5.5952380952380949	1	-1
0.37783193588256836	3	-0.13988095238095238	-5.6791666666666663	-0.13988095238095238	-5.6791666666666663	0	1	105	-3.1058285412302502	5.9958718202307253	1	5.8941714587697493	4.9958718202307253	0.0	-5.5952380952380949	1	-1
0.3946568965911865	3	-0.13988095238095238	-5.6791666666666663	-0.13988095238095238	-5.6791666666666663	0	1	105	-3.1058285412302502	5.9958718202307253	1	5.8941714587697493	4.9958718202307253	0.0	-5.5952380952380949	1	-1
0.4112250804901123	3	-0.13988095238095238	-5.6791666666666663	-0.13988095238095238	-5.6791666666666663	0	1	105	-3.1058285412302502	5.9958718202307253	1	5.8941714587697493	4.9958718202307253	0.0	-5.5952380952380949	1	-1
0.4278120994567871	3	-0.13988095238095238	-5.6511904761904761	-0.13988095238095238	-5.6511904761904761	0	1	105	-3.1058285412302502	5.9958718202307253	1	5.8941714587697493	4.9958718202307253	0.0	-5.5952380952380949	1	-1
0.444472074508667	3	-0.13988095238095238	-5.6511904761904761	-0.13988095238095238	-5.6511904761904761	0	1	105	-3.1058285412302502	5.9958718202307253	1	5.8941714587697493	4.9958718202307253	0.0	-5.5952380952380949	1	-1
0.4610300064086914	3	-0.16785714285714284	-5.5672619047619047	-0.16785714285714284	-5.5672619047619047	0	1	105	-3.1058285412302502	5.9958718202307253	1	5.8941714587697493	4.9958718202307253	0.0	-5.5952380952380949	1	-1
0.4776608943939209	3	-0.16785714285714284	-5.4833333333333334	-0.16785714285714284	-5.4833333333333334	0	1	105	-3.1058285412302502	5.9958718202307253	1	5.8941714587697493	4.9958718202307253	0.0	-5.5952380952380949	1	-1
0.49422693252563477	3	-0.19583333333333333	-5.3434523809523808	-0.19583333333333333	-5.3434523809523808	0	1	105	-3.1058285412302502	5.9958718202307253	1	5.8941714587697493	4.9958718202307253	0.0	-5.5952380952380949	1	-1
0.5108768939971924	3	-0.22380952380952382	-5.1196428571428569	-0.22380952380952382	-5.1196428571428569	0	1	105	-3.1058285412302502	5.9958718202307253	1	5.8941714587697493	4.9958718202307253	0.0	-5.5952380952380949	1	-1
0.5273799896240234	3	-0.22380952380952382	-5.0077380952380954	-0.22380952380952382	-5.0077380952380954	0	1	105	-3.1058285412302502	5.9958718202307253	1	5.8941714587697493	4.9958718202307253	0.0	-5.5952380952380949	1	-1
0.5439589023590088	3	-0.27976190476190477	-4.7559523809523814	-0.27976190476190477	-4.7559523809523814	0	1	105	-3.1058285412302502	5.9958718202307253	1	5.8941714587697493	4.9958718202307253	0.0	-5.5952380952380949	1	-1
0.5602729320526123	3	-0.3357142857142857	-4.4202380952380951	-0.33571428571428569	-4.4202380952380951	0	1	105	-3.1058285412302502	5.9958718202307253	1	5.8941714587697493	4.9958718202307253	0.0	-5.5952380952380949	1	-1
0.5769810676574707	3	-0.3636904761904762	-4.2523809523809524	-0.36369047619047618	-4.2523809523809524	0	1	105	-3.1058285412302502	5.9958718202307253	1	5.8941714587697493	4.9958718202307253	0.0	-5.5952380952380949	1	-1
0.5934998989105225	3	-0.41964285714285715	-3.8886904761904764	-0.41964285714285715	-3.8886904761904764	0	1	105	-3.1058285412302502	5.9958718202307253	1	5.8941714587697493	4.9958718202307253	0.0	-5.5952380952380949	1	-1
0.6100831031799316	3	-0.47559523809523807	-3.4690476190476192	-0.47559523809523807	-3.4690476190476192	0	1	105	-3.1058285412302502	5.9958718202307253	1	5.8941714587697493	4.9958718202307253	0.0	-5.5952380952380949	1	-1
0.6266720294952393	3	-0.531547619047619	-3.2452380952380953	-0.53154761904761905	-3.2452380952380953	0	1	105	-3.1058285412302502	5.9958718202307253	1	5.8941714587697493	4.9958718202307253	0.0	-5.5952380952380949	1	-1
0.6433300971984863	3	-0.6154761904761905	-2.7976190476190474	-0.61547619047619051	-2.7976190476190474	0	2	105	-3.1058285412302502	5.9958718202307253	1	5.8941714587697493	4.9958718202307253	0.0	-5.5952380952380949	1	-1
0.6598711013793945	3	-0.7273809523809524	-2.3220238095238095	-0.72738095238095235	-2.3220238095238095	0	2	105	-3.1058285412302502	5.9958718202307253	1	5.8941714587697493	4.9958718202307253	0.0	-5.5952380952380949	1	-1
0.6766200065612793	3	-0.7833333333333333	-2.0982142857142856	-0.78333333333333333	-2.0982142857142856	0	2	105	-3.1058285412302502	5.9958718202307253	1	5.8941714587697493	4.9958718202307253	0.0	-5.5952380952380949	1	-1
0.6930549144744873	3	-0.8952380952380953	-1.6226190476190476	-0.89523809523809528	-1.6226190476190476	0	2	105	-3.1058285412302502	5.9958718202307253	1	5.8941714587697493	4.9958718202307253	0.0	-5.5952380952380949	1	-1
0.7099590301513672	3	-0.9791666666666666	-1.1470238095238097	-0.97916666666666663	-1.1470238095238094	0	2	105	-3.1058285412302502	5.9958718202307253	1	5.8941714587697493	4.9958718202307253	0.0	-5.5952380952380949	1	-1
0.7264258861541748	3	-1.0071428571428571	-0.89523809523809561	-1.0071428571428571	-0.89523809523809528	0	2	105	-3.1058285412302502	5.9958718202307253	1	5.8941714587697493	4.9958718202307253	0.0	-5.5952380952380949	1	-1
0.743156909942627	3	-1.0910714285714285	-0.41964285714285676	-1.0910714285714285	-0.41964285714285715	0	2	105	-3.1058285412302502	5.9958718202307253	1	5.8941714587697493	4.9958718202307253	0.0	-5.5952380952380949	1	-1
0.7596859931945801	3	-1.230952380952381	0.055952380952381198	-1.230952380952381	0.055952380952380955	0	2	105	-3.1058285412302502	5.9958718202307253	1	5.8941714587697493	4.9958718202307253	0.0	-5.5952380952380949	1	-1
0.7762680053710938	3	-1.286904761904762	0.2797619047619051	-1.286904761904762	0.27976190476190477	0	2	105	-3.1058285412302502	5.9958718202307253	1	5.8941714587697493	4.9958718202307253	0.0	-5.5952380952380949	1	-1
0.7929220199584961	3	-1.4547619047619047	0.75535714285714306	-1.4547619047619047	0.75535714285714284	0	2	105	-3.1058285412302502	5.9958718202307253	1	5.8941714587697493	4.9958718202307253	0.0	-5.5952380952380949	1	-1
0.8094580173492432	3	-1.5107142857142857	0.97916666666666696	-1.5107142857142857	0.97916666666666663	0	2	105	-3.1058285412302502	5.9958718202307253	1	5.8941714587697493	4.9958718202307253	0.0	-5.5952380952380949	1	-1
0.8260838985443115	3	-1.650595238095238	1.4547619047619049	-1.650595238095238	1.4547619047619047	0	2	105	-3.1058285412302502	5.9958718202307253	1	5.8941714587697493	4.9958718202307253	0.0	-5.5952380952380949	1	-1
0.8427209854125977	3	-1.7904761904761906	1.9023809523809518	-1.7904761904761906	1.9023809523809523	0	2	105	-3.1058285412302502	5.9958718202307253	1	5.8941714587697493	4.9958718202307253	0.0	-5.5952380952380949	1	-1
0.8592350482940674	3	-1.874404761904762	2.1261904761904766	-1.8744047619047619	2.1261904761904762	0	2	105	-3.1058285412302502	5.9958718202307253	1	5.8941714587697493	4.9958718202307253	0.0	-5.5952380952380949	1	-1
0.8755719661712646	3	-2.042261904761905	2.5458333333333343	-2.0422619047619048	2.5458333333333334	0	2	105	-3.1058285412302502	5.9958718202307253	1	5.8941714587697493	4.9958718202307253	0.0	-5.5952380952380949	1	-1
0.8922059535980225	3	-2.238095238095238	2.9375	-2.2380952380952381	2.9375	0	2	105	-3.1058285412302502	5.9958718202307253	1	5.8941714587697493	4.9958718202307253	0.0	-5.5952380952380949	1	-1
0.9088308811187744	3	-2.35	3.1333333333333329	-2.3500000000000001	3.1333333333333333	0	2	105	-3.1058285412302502	5.9958718202307253	1	5.8941714587697493	4.9958718202307253	0.0	-5.5952380952380949	1	-1
0.9253780841827393	3	-2.5458333333333334	3.5250000000000004	-2.5458333333333334	3.5249999999999999	0	2	105	-3.1058285412302502	5.9958718202307253	1	5.8941714587697493	4.9958718202307253	0.0	-5.5952380952380949	1	-1
0.9419770240783691	3	-2.713690476190476	3.8886904761904759	-2.7136904761904761	3.8886904761904764	0	2	105	-3.1058285412302502	5.9958718202307253	1	5.8941714587697493	4.9958718202307253	0.0	-5.5952380952380949	1	-1
0.9585690498352051	3	-2.7696428571428573	4.0565476190476186	-2.7696428571428573	4.0565476190476186	0	2	105	-3.1058285412302502	5.9958718202307253	1	5.8941714587697493	4.9958718202307253	0.0	-5.5952380952380949	1	-1
0.9751849174499512	3	-2.8815476190476192	4.4202380952380942	-2.8815476190476192	4.4202380952380951	0	2	105	-3.1058285412302502	5.9958718202307253	1	5.8941714587697493	4.9958718202307253	0.0	-5.5952380952380949	1	-1
0.9917919635772705	3	-2.9934523809523808	4.7279761904761912	-2.9934523809523808	4.7279761904761903	0	2	105	-3.1058285412302502	5.9958718202307253	1	5.8941714587697493	4.9958718202307253	0.0	-5.5952380952380949	1	-1
1.0083129405975342	3	-3.049404761904762	4.8678571428571438	-3.049404761904762	4.8678571428571429	0	2	105	-3.1058285412302502	5.9958718202307253	1	5.8941714587697493	4.9958718202307253	0.0	-5.5952380952380949	1	-1
1.0249309539794922	3	-3.1333333333333333	5.1196428571428569	-3.1333333333333333	5.1196428571428569	0	2	105	-3.1058285412302502	5.9958718202307253	1	5.8941714587697493	4.9958718202307253	0.0	-5.5952380952380949	1	-1
1.0418529510498047	3	-3.2172619047619047	5.3154761904761898	-3.2172619047619047	5.3154761904761907	0	2	105	-3.1058285412302502	5.9958718202307253	1	5.8941714587697493	4.9958718202307253	0.0	-5.5952380952380949	1	-1
1.0584070682525635	3	-3.2452380952380953	5.399404761904762	-3.2452380952380953	5.399404761904762	0	2	105	-3.1058285412302502	5.9958718202307253	1	5.8941714587697493	4.9958718202307253	0.0	-5.5952380952380949	1	-1
1.075010061264038	3	-3.301190476190476	5.5113095238095227	-3.301190476190476	5.5113095238095235	0	2	105	-3.1058285412302502	5.9958718202307253	1	5.8941714587697493	4.9958718202307253	0.0	-5.5952380952380949	1	-1
1.0916049480438232	3	-3.3291666666666666	5.6232142857142868	-3.3291666666666666	5.6232142857142859	0	2	105	-3.1058285412302502	5.9958718202307253	1	5.8941714587697493	4.9958718202307253	0.0	-5.5952380952380949	1	-1
1.1081459522247314	3	-3.357142857142857	5.6511904761904752	-3.3571428571428572	5.6511904761904761	0	2	105	-3.1058285412302502	5.9958718202307253	1	5.8941714587697493	4.9958718202307253	0.0	-5.5952380952380949	1	-1
1.1247920989990234	3	-3.385119047619048	5.6791666666666671	-3.3851190476190478	5.6791666666666663	0	2	105	-3.1058285412302502	5.9958718202307253	1	5.8941714587697493	4.9958718202307253	0.0	-5.5952380952380949	1	-1
1.1413750648498535	3	-3.385119047619048	5.7071428571428573	-3.3851190476190478	5.7071428571428573	0	2	105	-3.1058285412302502	5.9958718202307253	1	5.8941714587697493	4.9958718202307253	0.0	-5.5952380952380949	1	-1
1.1579821109771729	3	-3.385119047619048	5.7071428571428573	-3.3851190476190478	5.7071428571428573	0	2	105	-3.1058285412302502	5.9958718202307253	1	5.8941714587697493	4.9958718202307253	0.0	-5.5952380952380949	1	-1
1.1745789051055908	3	-3.385119047619048	5.7071428571428573	-3.3851190476190478	5.7071428571428573	0	2	105	-3.1058285412302502	5.9958718202307253	1	5.8941714587697493	4.9958718202307253	0.0	-5.5952380952380949	1	-1
1.1912319660186768	3	-3.385119047619048	5.7071428571428573	-3.3851190476190478	5.7071428571428573	0	2	105	-3.1058285412302502	5.9958718202307253	1	5.8941714587697493	4.9958718202307253	0.0	-5.5952380952380949	1	-1
1.2074980735778809	3	-3.385119047619048	5.7071428571428573	-3.3851190476190478	5.7071428571428573	0	2	105	-3.1058285412302502	5.9958718202307253	1	5.8941714587697493	4.9958718202307253	0.0	-5.5952380952380949	1	-1
1.2240369319915771	3	-3.385119047619048	5.7071428571428573	-3.3851190476190478	5.7071428571428573	0	2	105	-3.1058285412302502	5.9958718202307253	1	5.8941714587697493	4.9958718202307253	0.0	-5.5952380952380949	1	-1
1.2407190799713135	3	-3.385119047619048	5.7071428571428573	-3.3851190476190478	5.7071428571428573	0	2	105	-3.1058285412302502	5.9958718202307253	1	5.8941714587697493	4.9958718202307253	0.0	-5.5952380952380949	1	-1
1.2572600841522217	3	-3.385119047619048	5.7071428571428573	-3.3851190476190478	5.7071428571428573	0	2	105	-3.1058285412302502	5.9958718202307253	1	5.8941714587697493	4.9958718202307253	0.0	-5.5952380952380949	1	-1
1.2738549709320068	3	-3.385119047619048	5.7071428571428573	-3.3851190476190478	5.7071428571428573	0	2	105	-3.1058285412302502	5.9958718202307253	1	5.8941714587697493	4.9958718202307253	0.0	-5.5952380952380949	1	-1
1.2905199527740479	3	-3.385119047619048	5.7071428571428573	-3.3851190476190478	5.7071428571428573	0	2	105	-3.1058285412302502	5.9958718202307253	1	5.8941714587697493	4.9958718202307253	0.0	-5.5952380952380949	1	-1
1.3071129322052002	3	-3.385119047619048	5.7071428571428573	-3.3851190476190478	5.7071428571428573	0	2	105	-3.1058285412302502	5.9958718202307253	1	5.8941714587697493	4.9958718202307253	0.0	-5.5952380952380949	1	-1
1.323638916015625	3	-3.385119047619048	5.7071428571428573	-3.3851190476190478	5.7071428571428573	0	2	105	-3.1058285412302502	5.9958718202307253	1	5.8941714587697493	4.9958718202307253	0.0	-5.5952380952380949	1	-1
1.340183973312378	3	-3.385119047619048	5.7071428571428573	-3.3851190476190478	5.7071428571428573	0	2	105	-3.1058285412302502	5.9958718202307253	1	5.8941714587697493	4.9958718202307253	0.0	-5.5952380952380949	1	-1
1.3570969104766846	3	-3.385119047619048	5.7071428571428573	-3.3851190476190478	5.7071428571428573	0	2	105	-3.1058285412302502	5.9958718202307253	1	5.8941714587697493	4.9958718202307253	0.0	-5.5952380952380949	1	-1
1.3737199306488037	3	-3.385119047619048	5.7071428571428573	-3.3851190476190478	5.7071428571428573	0	2	105	-3.1058285412302502	5.9958718202307253	1	5.8941714587697493	4.9958718202307253	0.0	-5.5952380952380949	1	-1
1.3903460502624512	3	-3.385119047619048	5.7071428571428573	-3.3851190476190478	5.7071428571428573	0	2	105	-3.1058285412302502	5.9958718202307253	1	5.8941714587697493	4.9958718202307253	0.0	-5.5952380952380949	1	-1
1.406836986541748	3	-3.385119047619048	5.7071428571428573	-3.3851190476190478	5.7071428571428573	0	2	105	-3.1058285412302502	5.9958718202307253	1	5.8941714587697493	4.9958718202307253	0.0	-5.5952380952380949	1	-1
1.4234569072723389	3	-3.385119047619048	5.7071428571428573	-3.3851190476190478	5.7071428571428573	0	2	105	-3.1058285412302502	5.9958718202307253	1	5.8941714587697493	4.9958718202307253	0.0	-5.5952380952380949	1	-1
1.4400899410247803	3	-3.385119047619048	5.7071428571428573	-3.3851190476190478	5.7071428571428573	0	2	105	-3.1058285412302502	5.9958718202307253	1	5.8941714587697493	4.9958718202307253	0.0	-5.5952380952380949	1	-1
1.4566619396209717	3	-3.385119047619048	5.7071428571428573	-3.3851190476190478	5.7071428571428573	0	2	105	-3.1058285412302502	5.9958718202307253	1	5.8941714587697493	4.9958718202307253	0.0	-5.5952380952380949	1	-1
1.4732398986816406	3	-3.385119047619048	5.7071428571428573	-3.3851190476190478	5.7071428571428573	0	2	105	-3.1058285412302502	5.9958718202307253	1	5.8941714587697493	4.9958718202307253	0.0	-5.5952380952380949	1	-1
1.489927053451538	3	-3.385119047619048	5.7071428571428573	-3.3851190476190478	5.7071428571428573	0	2	105	-3.1058285412302502	5.9958718202307253	1	5.8941714587697493	4.9958718202307253	0.0	-5.5952380952380949	1	-1
1.5063729286193848	3	-3.385119047619048	5.7071428571428573	-3.3851190476190478	5.7071428571428573	0	2	105	-3.1058285412302502	5.9958718202307253	1	5.8941714587697493	4.9958718202307253	0.0	-5.5952380952380949	1	-1
1.5227839946746826	3	-3.385119047619048	5.7071428571428573	-3.3851190476190478	5.7071428571428573	0	2	105	-3.1058285412302502	5.9958718202307253	1	5.8941714587697493	4.9958718202307253	0.0	-5.5952380952380949	1	-1
1.5393579006195068	3	-3.385119047619048	5.7071428571428573	-3.3851190476190478	5.7071428571428573	0	2	105	-3.1058285412302502	5.9958718202307253	1	5.8941714587697493	4.9958718202307253	0.0	-5.5952380952380949	1	-1
1.555938959121704	3	-3.385119047619048	5.7071428571428573	-3.3851190476190478	5.7071428571428573	0	2	105	-3.1058285412302502	5.9958718202307253	1	5.8941714587697493	4.9958718202307253	0.0	-5.5952380952380949	1	-1
1.5725359916687012	3	-3.385119047619048	5.7071428571428573	-3.3851190476190478	5.7071428571428573	0	2	105	-3.1058285412302502	5.9958718202307253	1	5.8941714587697493	4.9958718202307253	0.0	-5.5952380952380949	1	-1
1.5891261100769043	3	-3.385119047619048	5.7071428571428573	-3.3851190476190478	5.7071428571428573	0	2	105	-3.1058285412302502	5.9958718202307253	1	5.8941714587697493	4.9958718202307253	0.0	-5.5952380952380949	1	-1
1.6057610511779785	3	-3.385119047619048	5.7071428571428573	-3.3851190476190478	5.7071428571428573	0	2	105	-3.1058285412302502	5.9958718202307253	1	5.8941714587697493	4.9958718202307253	0.0	-5.5952380952380949	1	-1
1.622309923171997	3	-3.385119047619048	5.7071428571428573	-3.3851190476190478	5.7071428571428573	0	2	105	-3.1058285412302502	5.9958718202307253	1	5.8941714587697493	4.9958718202307253	0.0	-5.5952380952380949	1	-1
1.6389539241790771	3	-3.385119047619048	5.7071428571428573	-3.3851190476190478	5.7071428571428573	0	2	105	-3.1058285412302502	5.9958718202307253	1	5.8941714587697493	4.9958718202307253	0.0	-5.5952380952380949	1	-1
1.6555180549621582	3	-3.3851190476190478	5.7071428571428573	-3.3851190476190478	5.7071428571428573	0	2	105	-3.1058285412302502	5.9958718202307253	1	5.8941714587697493	4.9958718202307253	0.0	-5.5952380952380949	1	-1
1.6720750331878662	3	-3.3851190476190478	5.7071428571428573	-3.3851190476190478	5.7071428571428573	0	2	105	-3.1058285412302502	5.9958718202307253	1	5.8941714587697493	4.9958718202307253	0.0	-5.5952380952380949	1	-1
1.6889750957489014	3	-3.3851190476190478	5.7071428571428573	-3.3851190476190478	5.7071428571428573	0	3	105	-3.1058285412302502	5.9958718202307253	1	5.8941714587697493	4.9958718202307253	0.0	-5.5952380952380949	1	-1
1.7056100368499756	3	-3.3851190476190478	5.7071428571428573	-3.3851190476190478	5.7071428571428573	0	4	105	-3.1058285412302502	5.9958718202307253	1	5.8941714587697493	4.9958718202307253	0.0	-5.5952380952380949	1	-1
1.7221639156341553	3	-3.3851190476190478	5.7071428571428573	-3.3851190476190478	5.7071428571428573	0	4	105	-3.1058285412302502	5.9958718202307253	1	5.8941714587697493	4.9958718202307253	0.0	-5.5952380952380949	1	-1
1.7387371063232422	3	-3.3851190476190478	5.7071428571428573	-3.3851190476190478	5.7071428571428573	0	4	105	-3.1058285412302502	5.9958718202307253	1	5.8941714587697493	4.9958718202307253	0.0	-5.5952380952380949	1	-1
1.7553460597991943	3	-3.3851190476190478	5.7071428571428573	-3.3851190476190478	5.7071428571428573	0	4	105	-3.1058285412302502	5.9958718202307253	1	5.8941714587697493	4.9958718202307253	0.0	-5.5952380952380949	1	-1
1.7719690799713135	3	-3.3851190476190478	5.7071428571428573	-3.3851190476190478	5.7071428571428573	0	4	105	-3.1058285412302502	5.9958718202307253	1	5.8941714587697493	4.9958718202307253	0.0	-5.5952380952380949	1	-1
1.7885890007019043	3	-3.3851190476190478	5.7071428571428573	-3.3851190476190478	5.7071428571428573	0	4	105	-3.1058285412302502	5.9958718202307253	1	5.8941714587697493	4.9958718202307253	0.0	-5.5952380952380949	1	-1
1.8052210807800293	3	-3.3851190476190478	5.7071428571428573	-3.3851190476190478	5.7071428571428573	0	4	105	-3.1058285412302502	5.9958718202307253	1	5.8941714587697493	4.9958718202307253	0.0	-5.5952380952380949	1	-1
1.821760892868042	3	-3.3851190476190478	5.7071428571428573	-3.3851190476190478	5.7071428571428573	0	4	105	-3.1058285412302502	5.9958718202307253	1	5.8941714587697493	4.9958718202307253	0.0	-5.5952380952380949	1	-1
1.838365077972412	3	-3.3851190476190478	5.7071428571428573	-3.3851190476190478	5.7071428571428573	0	4	105	-3.1058285412302502	5.9958718202307253	1	5.8941714587697493	4.9958718202307253	0.0	-5.5952380952380949	1	-1
1.8546240329742432	3	-3.3851190476190478	5.7071428571428573	-3.3851190476190478	5.7071428571428573	0	4	105	-3.1058285412302502	5.9958718202307253	1	5.8941714587697493	4.9958718202307253	0.0	-5.5952380952380949	1	-1
1.871196985244751	3	-3.3851190476190478	5.7071428571428573	-3.3851190476190478	5.7071428571428573	0	4	105	-3.1058285412302502	5.9958718202307253	1	5.8941714587697493	4.9958718202307253	0.0	-5.5952380952380949	1	-1
1.8877670764923096	3	-3.3851190476190478	5.7071428571428573	-3.3851190476190478	5.7071428571428573	0	4	105	-3.1058285412302502	5.9958718202307253	1	5.8941714587697493	4.9958718202307253	0.0	-5.5952380952380949	1	-1
1.9044749736785889	3	-3.3851190476190478	5.7071428571428573	-3.3851190476190478	5.7071428571428573	0	4	105	-3.1058285412302502	5.9958718202307253	1	5.8941714587697493	4.9958718202307253	0.0	-5.5952380952380949	1	-1
1.9209799766540527	3	-3.3851190476190478	5.7071428571428573	-3.3851190476190478	5.7071428571428573	0	4	105	-3.1058285412302502	5.9958718202307253	1	5.8941714587697493	4.9958718202307253	0.0	-5.5952380952380949	1	-1
1.9375839233398438	3	-3.3851190476190478	5.7071428571428573	-3.3851190476190478	5.7071428571428573	0	4	105	-3.1058285412302502	5.9958718202307253	1	5.8941714587697493	4.9958718202307253	0.0	-5.5952380952380949	1	-1
1.9541749954223633	3	-3.3571428571428572	5.7071428571428573	-3.3571428571428572	5.7071428571428573	0	4	105	-3.1058285412302502	5.9958718202307253	1	5.8941714587697493	4.9958718202307253	0.0	-5.5952380952380949	1	-1
1.9708189964294434	3	-3.301190476190476	5.7071428571428573	-3.301190476190476	5.7071428571428573	0	4	105	-3.1058285412302502	5.9958718202307253	1	5.8941714587697493	4.9958718202307253	0.0	-5.5952380952380949	1	-1
1.9873859882354736	3	-3.0773809523809526	5.7071428571428573	-3.0773809523809526	5.6791666666666663	0	4	105	-3.1058285412302502	5.9958718202307253	1	5.8941714587697493	4.9958718202307253	0.0	-5.5952380952380949	1	-1
2.0042970180511475	3	-2.6577380952380953	5.7071428571428573	-2.6577380952380953	5.6511904761904761	0	4	105	-3.1058285412302502	5.9958718202307253	1	5.8941714587697493	4.9958718202307253	0.0	-5.5952380952380949	1	-1
2.0208520889282227	3	-2.3500000000000001	5.7071428571428573	-2.3500000000000001	5.6511904761904761	0	4	105	-3.1058285412302502	5.9958718202307253	1	5.8941714587697493	4.9958718202307253	0.0	-5.5952380952380949	1	-1
2.037519931793213	3	-1.6785714285714286	5.7071428571428573	-1.6785714285714286	5.6511904761904761	0	4	105	-3.1058285412302502	5.9958718202307253	1	5.8941714587697493	4.9958718202307253	0.0	-5.5952380952380949	1	-1
2.054047107696533	3	-0.8392857142857143	5.7071428571428573	-0.8392857142857143	5.6791666666666663	0	4	105	-3.1058285412302502	5.9958718202307253	1	5.8941714587697493	4.9958718202307253	0.0	-5.5952380952380949	1	-1
2.0706520080566406	3	-0.39166666666666666	5.7071428571428573	-0.39166666666666666	5.6791666666666663	0	4	105	-3.1058285412302502	5.9958718202307253	1	5.8941714587697493	4.9958718202307253	0.0	-5.5952380952380949	1	-1
2.0872678756713867	3	0.61547619047619051	5.7071428571428573	0.61547619047619051	5.7351190476190474	0	4	105	-3.1058285412302502	5.9958718202307253	1	5.8941714587697493	4.9958718202307253	0.0	-5.5952380952380949	1	-1
2.103930950164795	3	1.7904761904761906	5.7071428571428573	1.7904761904761906	5.7910714285714286	0	4	105	-3.1058285412302502	5.9958718202307253	1	5.8941714587697493	4.9958718202307253	0.0	-5.5952380952380949	1	-1
2.1204330921173096	3	2.4339285714285714	5.7071428571428573	2.4339285714285714	5.8190476190476188	0	4	105	-3.1058285412302502	5.9958718202307253	1	5.8941714587697493	4.9958718202307253	0.0	-5.5952380952380949	1	-1
2.1370201110839844	3	3.8607142857142858	5.7071428571428573	3.8607142857142858	5.875	0	4	105	-3.1058285412302502	5.9958718202307253	1	5.8941714587697493	4.9958718202307253	0.0	-5.5952380952380949	1	-1
2.153592109680176	3	4.5601190476190476	5.7071428571428573	4.5601190476190476	5.875	0	4	105	-3.1058285412302502	5.9958718202307253	1	5.8941714587697493	4.9958718202307253	0.0	-5.5952380952380949	1	-1
2.1699609756469727	3	5.9029761904761902	5.7071428571428573	5.9029761904761902	5.875	0	4	105	-3.1058285412302502	5.9958718202307253	1	5.8941714587697493	4.9958718202307253	0.0	-5.5952380952380949	1	-1
2.1865220069885254	3	7.189880952380952	5.8470238095238098	7.1898809523809524	5.8470238095238098	0	4	105	-3.1058285412302502	5.9958718202307253	1	5.8941714587697493	4.9958718202307253	0.0	-5.5952380952380949	1	-1
2.2031710147857666	3	8.420833333333333	5.7630952380952394	8.4208333333333325	5.7630952380952385	0	4	105	-3.1058285412302502	5.9958718202307253	1	5.8941714587697493	4.9958718202307253	0.0	-5.5952380952380949	1	-1
2.21970796585083	3	9.036309523809523	5.7071428571428573	9.036309523809523	5.7071428571428573	0	4	105	-3.1058285412302502	5.9958718202307253	1	5.8941714587697493	4.9958718202307253	0.0	-5.5952380952380949	1	-1
2.2363059520721436	3	10.099404761904761	5.5672619047619047	10.099404761904761	5.5672619047619047	0	4	105	-3.1058285412302502	5.9958718202307253	1	5.8941714587697493	4.9958718202307253	0.0	-5.5952380952380949	1	-1
2.2528738975524902	3	10.575	5.4833333333333343	10.574999999999999	5.4833333333333334	0	5	105	-3.1058285412302502	5.9958718202307253	1	5.8941714587697493	4.9958718202307253	0.0	-5.5952380952380949	1	-1
2.2694449424743652	3	11.358333333333333	5.2874999999999996	11.358333333333333	5.2874999999999996	0	5	105	-3.1058285412302502	5.9958718202307253	1	5.8941714587697493	4.9958718202307253	0.0	-5.5952380952380949	1	-1
2.2860729694366455	3	11.833928571428572	5.0636904761904766	11.833928571428572	5.0636904761904766	0	5	105	-3.1058285412302502	5.9958718202307253	1	5.8941714587697493	4.9958718202307253	0.0	-5.5952380952380949	1	-1
2.3026928901672363	3	12.085714285714285	4.8119047619047617	12.085714285714285	4.8119047619047617	0	5	105	-3.1058285412302502	5.9958718202307253	1	5.8941714587697493	4.9958718202307253	0.0	-5.5952380952380949	1	-1
2.31931209564209	3	12.113690476190476	4.6720238095238091	12.113690476190476	4.6720238095238091	0	5	105	-3.1058285412302502	5.9958718202307253	1	5.8941714587697493	4.9958718202307253	0.0	-5.5952380952380949	1	-1
2.3361189365386963	3	11.973809523809523	4.3363095238095237	11.973809523809523	4.3363095238095237	0	5	105	-3.1058285412302502	5.9958718202307253	1	5.8941714587697493	4.9958718202307253	0.0	-5.5952380952380949	1	-1
2.352734088897705	3	11.80595238095238	4.168452380952381	11.80595238095238	4.168452380952381	0	5	105	-3.1058285412302502	5.9958718202307253	1	5.8941714587697493	4.9958718202307253	0.0	-5.5952380952380949	1	-1
2.369368076324463	3	11.274404761904762	3.7208333333333332	11.274404761904762	3.7208333333333332	0	5	105	-3.1058285412302502	5.9958718202307253	1	5.8941714587697493	4.9958718202307253	0.0	-5.5952380952380949	1	-1
2.385917901992798	3	10.54702380952381	3.1892857142857149	10.547023809523809	3.1892857142857145	0	5	105	-3.1058285412302502	5.9958718202307253	1	5.8941714587697493	4.9958718202307253	0.0	-5.5952380952380949	1	-1
2.4025180339813232	3	9.679761904761905	2.6017857142857146	9.6797619047619055	2.6017857142857141	0	5	105	-3.1058285412302502	5.9958718202307253	1	5.8941714587697493	4.9958718202307253	0.0	-5.5952380952380949	1	-1
2.4191739559173584	3	9.260119047619048	2.2940476190476193	9.2601190476190478	2.2940476190476189	0	5	105	-3.1058285412302502	5.9958718202307253	1	5.8941714587697493	4.9958718202307253	0.0	-5.5952380952380949	1	-1
2.435703992843628	3	8.364880952380952	1.6505952380952378	8.3648809523809522	1.650595238095238	0	5	105	-3.1058285412302502	5.9958718202307253	1	5.8941714587697493	4.9958718202307253	0.0	-5.5952380952380949	1	-1
2.4522950649261475	3	7.917261904761904	1.3148809523809524	7.9172619047619044	1.3148809523809524	0	5	105	-3.1058285412302502	5.9958718202307253	1	5.8941714587697493	4.9958718202307253	0.0	-5.5952380952380949	1	-1
2.468864917755127	3	6.994047619047619	0.61547619047619051	6.9940476190476186	0.61547619047619051	0	5	105	-3.1058285412302502	5.9958718202307253	1	5.8941714587697493	4.9958718202307253	0.0	-5.5952380952380949	1	-1
2.4854910373687744	3	6.070833333333334	-0.083928571428571352	6.0708333333333337	-0.083928571428571422	0	5	105	-3.1058285412302502	5.9958718202307253	1	5.8941714587697493	4.9958718202307253	0.0	-5.5952380952380949	1	-1
2.501826047897339	3	5.203571428571428	-0.75535714285714306	5.2035714285714283	-0.75535714285714284	0	5	105	-3.1058285412302502	5.9958718202307253	1	5.8941714587697493	4.9958718202307253	0.0	-5.5952380952380949	1	-1
2.5184690952301025	3	4.7839285714285715	-1.1190476190476186	4.7839285714285715	-1.1190476190476191	0	5	105	-3.1058285412302502	5.9958718202307253	1	5.8941714587697493	4.9958718202307253	0.0	-5.5952380952380949	1	-1
2.535041093826294	3	4.000595238095238	-1.7625000000000002	4.0005952380952383	-1.7625	0	5	105	-3.1058285412302502	5.9958718202307253	1	5.8941714587697493	4.9958718202307253	0.0	-5.5952380952380949	1	-1
2.551589012145996	3	3.6089285714285713	-2.0702380952380954	3.6089285714285713	-2.0702380952380954	0	5	105	-3.1058285412302502	5.9958718202307253	1	5.8941714587697493	4.9958718202307253	0.0	-5.5952380952380949	1	-1
2.568187952041626	3	2.9095238095238094	-2.6857142857142855	2.9095238095238094	-2.6857142857142855	0	5	105	-3.1058285412302502	5.9958718202307253	1	5.8941714587697493	4.9958718202307253	0.0	-5.5952380952380949	1	-1
2.584779977798462	3	2.238095238095238	-3.2452380952380953	2.2380952380952381	-3.2452380952380953	0	5	105	-3.1058285412302502	5.9958718202307253	1	5.8941714587697493	4.9958718202307253	0.0	-5.5952380952380949	1	-1
2.6013638973236084	3	1.9583333333333333	-3.4970238095238093	1.9583333333333333	-3.4970238095238093	0	5	105	-3.1058285412302502	5.9958718202307253	1	5.8941714587697493	4.9958718202307253	0.0	-5.5952380952380949	1	-1
2.618032932281494	3	1.4267857142857143	-4.0005952380952383	1.4267857142857143	-4.0005952380952383	0	5	105	-3.1058285412302502	5.9958718202307253	1	5.8941714587697493	4.9958718202307253	0.0	-5.5952380952380949	1	-1
2.6346139907836914	3	0.9791666666666666	-4.4482142857142861	0.97916666666666663	-4.4482142857142861	0	5	105	-3.1058285412302502	5.9958718202307253	1	5.8941714587697493	4.9958718202307253	0.0	-5.5952380952380949	1	-1
2.651405096054077	3	0.7833333333333333	-4.644047619047619	0.78333333333333333	-4.644047619047619	0	5	105	-3.1058285412302502	5.9958718202307253	1	5.8941714587697493	4.9958718202307253	0.0	-5.5952380952380949	1	-1
2.667948007583618	3	0.44761904761904764	-5.0077380952380954	0.44761904761904764	-5.0077380952380954	0	5	105	-3.1058285412302502	5.9958718202307253	1	5.8941714587697493	4.9958718202307253	0.0	-5.5952380952380949	1	-1
2.684617042541504	3	0.22380952380952382	-5.3434523809523808	0.22380952380952382	-5.3434523809523808	0	5	105	-3.1058285412302502	5.9958718202307253	1	5.8941714587697493	4.9958718202307253	0.0	-5.5952380952380949	1	-1
