time	trial	cursorx	cursory	hand_x	hand_Y	rotation	step	targetangle	targetposx	targetposy	garagelocation	garageposx	garageposy	homex	homey	group	trial_type
9.5367431640625e-07	3	0.13988095238095238	-6.0428571428571427	0.13988095238095238	-6.0428571428571427	0	5	105	-3.1058285412302502	5.9958718202307253	-1	-12.105828541230251	4.9958718202307253	0.0	-5.5952380952380949	1	-1
0.029282093048095703	3	0.13988095238095238	-5.9029761904761902	0.13988095238095238	-5.9029761904761902	0	1	105	-3.1058285412302502	5.9958718202307253	-1	-12.105828541230251	4.9958718202307253	0.0	-5.5952380952380949	1	-1
0.045983076095581055	3	0.11190476190476191	-5.875	0.11190476190476191	-5.875	0	1	105	-3.1058285412302502	5.9958718202307253	-1	-12.105828541230251	4.9958718202307253	0.0	-5.5952380952380949	1	-1
0.062036991119384766	3	0.11190476190476191	-5.8470238095238098	0.11190476190476191	-5.8470238095238098	0	1	105	-3.1058285412302502	5.9958718202307253	-1	-12.105828541230251	4.9958718202307253	0.0	-5.5952380952380949	1	-1
0.07864999771118164	3	0.11190476190476191	-5.8470238095238098	0.11190476190476191	-5.8470238095238098	0	1	105	-3.1058285412302502	5.9958718202307253	-1	-12.105828541230251	4.9958718202307253	0.0	-5.5952380952380949	1	-1
0.0952138900756836	3	0.08392857142857142	-5.8190476190476188	0.083928571428571422	-5.8190476190476188	0	1	105	-3.1058285412302502	5.9958718202307253	-1	-12.105828541230251	4.9958718202307253	0.0	-5.5952380952380949	1	-1
0.11181902885437012	3	0.08392857142857142	-5.7910714285714286	0.083928571428571422	-5.7910714285714286	0	1	105	-3.1058285412302502	5.9958718202307253	-1	-12.105828541230251	4.9958718202307253	0.0	-5.5952380952380949	1	-1
0.12839293479919434	3	0.08392857142857142	-5.7910714285714286	0.083928571428571422	-5.7910714285714286	0	1	105	-3.1058285412302502	5.9958718202307253	-1	-12.105828541230251	4.9958718202307253	0.0	-5.5952380952380949	1	-1
0.1449439525604248	3	0.055952380952380955	-5.7910714285714286	0.055952380952380955	-5.7910714285714286	0	1	105	-3.1058285412302502	5.9958718202307253	-1	-12.105828541230251	4.9958718202307253	0.0	-5.5952380952380949	1	-1
0.16157793998718262	3	0.055952380952380955	-5.7910714285714286	0.055952380952380955	-5.7910714285714286	0	1	105	-3.1058285412302502	5.9958718202307253	-1	-12.105828541230251	4.9958718202307253	0.0	-5.5952380952380949	1	-1
0.1782829761505127	3	0.055952380952380955	-5.7910714285714286	0.055952380952380955	-5.7910714285714286	0	1	105	-3.1058285412302502	5.9958718202307253	-1	-12.105828541230251	4.9958718202307253	0.0	-5.5952380952380949	1	-1
0.1948249340057373	3	0.055952380952380955	-5.7910714285714286	0.055952380952380955	-5.7910714285714286	0	1	105	-3.1058285412302502	5.9958718202307253	-1	-12.105828541230251	4.9958718202307253	0.0	-5.5952380952380949	1	-1
0.2114570140838623	3	0.055952380952380955	-5.7910714285714286	0.055952380952380955	-5.7910714285714286	0	1	105	-3.1058285412302502	5.9958718202307253	-1	-12.105828541230251	4.9958718202307253	0.0	-5.5952380952380949	1	-1
0.22836089134216309	3	0.055952380952380955	-5.7910714285714286	0.055952380952380955	-5.7910714285714286	0	1	105	-3.1058285412302502	5.9958718202307253	-1	-12.105828541230251	4.9958718202307253	0.0	-5.5952380952380949	1	-1
0.24498605728149414	3	0.055952380952380955	-5.7910714285714286	0.055952380952380955	-5.7910714285714286	0	1	105	-3.1058285412302502	5.9958718202307253	-1	-12.105828541230251	4.9958718202307253	0.0	-5.5952380952380949	1	-1
0.261523962020874	3	0.055952380952380955	-5.7910714285714286	0.055952380952380955	-5.7910714285714286	0	1	105	-3.1058285412302502	5.9958718202307253	-1	-12.105828541230251	4.9958718202307253	0.0	-5.5952380952380949	1	-1
0.2781989574432373	3	0.055952380952380955	-5.7910714285714286	0.055952380952380955	-5.7910714285714286	0	1	105	-3.1058285412302502	5.9958718202307253	-1	-12.105828541230251	4.9958718202307253	0.0	-5.5952380952380949	1	-1
0.29473090171813965	3	0.055952380952380955	-5.7910714285714286	0.055952380952380955	-5.7910714285714286	0	1	105	-3.1058285412302502	5.9958718202307253	-1	-12.105828541230251	4.9958718202307253	0.0	-5.5952380952380949	1	-1
0.31134486198425293	3	0.055952380952380955	-5.7910714285714286	0.055952380952380955	-5.7910714285714286	0	1	105	-3.1058285412302502	5.9958718202307253	-1	-12.105828541230251	4.9958718202307253	0.0	-5.5952380952380949	1	-1
0.3279080390930176	3	0.055952380952380955	-5.7910714285714286	0.055952380952380955	-5.7910714285714286	0	1	105	-3.1058285412302502	5.9958718202307253	-1	-12.105828541230251	4.9958718202307253	0.0	-5.5952380952380949	1	-1
0.3445298671722412	3	0.055952380952380955	-5.7910714285714286	0.055952380952380955	-5.7910714285714286	0	1	105	-3.1058285412302502	5.9958718202307253	-1	-12.105828541230251	4.9958718202307253	0.0	-5.5952380952380949	1	-1
0.36110687255859375	3	0.055952380952380955	-5.7910714285714286	0.055952380952380955	-5.7910714285714286	0	1	105	-3.1058285412302502	5.9958718202307253	-1	-12.105828541230251	4.9958718202307253	0.0	-5.5952380952380949	1	-1
0.3774759769439697	3	0.055952380952380955	-5.7910714285714286	0.055952380952380955	-5.7910714285714286	0	1	105	-3.1058285412302502	5.9958718202307253	-1	-12.105828541230251	4.9958718202307253	0.0	-5.5952380952380949	1	-1
0.3940920829772949	3	0.055952380952380955	-5.7910714285714286	0.055952380952380955	-5.7910714285714286	0	1	105	-3.1058285412302502	5.9958718202307253	-1	-12.105828541230251	4.9958718202307253	0.0	-5.5952380952380949	1	-1
0.4106719493865967	3	0.055952380952380955	-5.7910714285714286	0.055952380952380955	-5.7910714285714286	0	1	105	-3.1058285412302502	5.9958718202307253	-1	-12.105828541230251	4.9958718202307253	0.0	-5.5952380952380949	1	-1
0.4272880554199219	3	0.055952380952380955	-5.7910714285714286	0.055952380952380955	-5.7910714285714286	0	1	105	-3.1058285412302502	5.9958718202307253	-1	-12.105828541230251	4.9958718202307253	0.0	-5.5952380952380949	1	-1
0.44390296936035156	3	0.027976190476190477	-5.7071428571428573	0.027976190476190477	-5.7071428571428573	0	1	105	-3.1058285412302502	5.9958718202307253	-1	-12.105828541230251	4.9958718202307253	0.0	-5.5952380952380949	1	-1
0.46045994758605957	3	-0.027976190476190477	-5.6511904761904761	-0.027976190476190477	-5.6511904761904761	0	1	105	-3.1058285412302502	5.9958718202307253	-1	-12.105828541230251	4.9958718202307253	0.0	-5.5952380952380949	1	-1
0.47719693183898926	3	-0.08392857142857142	-5.4833333333333334	-0.083928571428571422	-5.4833333333333334	0	1	105	-3.1058285412302502	5.9958718202307253	-1	-12.105828541230251	4.9958718202307253	0.0	-5.5952380952380949	1	-1
0.4936940670013428	3	-0.16785714285714284	-5.2874999999999996	-0.16785714285714284	-5.2874999999999996	0	1	105	-3.1058285412302502	5.9958718202307253	-1	-12.105828541230251	4.9958718202307253	0.0	-5.5952380952380949	1	-1
0.5103139877319336	3	-0.22380952380952382	-5.147619047619048	-0.22380952380952382	-5.147619047619048	0	1	105	-3.1058285412302502	5.9958718202307253	-1	-12.105828541230251	4.9958718202307253	0.0	-5.5952380952380949	1	-1
0.5268740653991699	3	-0.30773809523809526	-4.8678571428571429	-0.30773809523809526	-4.8678571428571429	0	1	105	-3.1058285412302502	5.9958718202307253	-1	-12.105828541230251	4.9958718202307253	0.0	-5.5952380952380949	1	-1
0.5434389114379883	3	-0.3636904761904762	-4.5601190476190476	-0.36369047619047618	-4.5601190476190476	0	1	105	-3.1058285412302502	5.9958718202307253	-1	-12.105828541230251	4.9958718202307253	0.0	-5.5952380952380949	1	-1
0.5599939823150635	3	-0.41964285714285715	-4.3922619047619049	-0.41964285714285715	-4.3922619047619049	0	1	105	-3.1058285412302502	5.9958718202307253	-1	-12.105828541230251	4.9958718202307253	0.0	-5.5952380952380949	1	-1
0.5767009258270264	3	-0.5035714285714286	-4.0285714285714285	-0.50357142857142856	-4.0285714285714285	0	1	105	-3.1058285412302502	5.9958718202307253	-1	-12.105828541230251	4.9958718202307253	0.0	-5.5952380952380949	1	-1
0.5932350158691406	3	-0.6154761904761905	-3.6369047619047619	-0.61547619047619051	-3.6369047619047619	0	1	105	-3.1058285412302502	5.9958718202307253	-1	-12.105828541230251	4.9958718202307253	0.0	-5.5952380952380949	1	-1
0.6098480224609375	3	-0.6714285714285714	-3.413095238095238	-0.67142857142857137	-3.413095238095238	0	1	105	-3.1058285412302502	5.9958718202307253	-1	-12.105828541230251	4.9958718202307253	0.0	-5.5952380952380949	1	-1
0.626439094543457	3	-0.7833333333333333	-2.9654761904761906	-0.78333333333333333	-2.9654761904761906	0	2	105	-3.1058285412302502	5.9958718202307253	-1	-12.105828541230251	4.9958718202307253	0.0	-5.5952380952380949	1	-1
0.6430659294128418	3	-0.9232142857142858	-2.461904761904762	-0.92321428571428577	-2.461904761904762	0	2	105	-3.1058285412302502	5.9958718202307253	-1	-12.105828541230251	4.9958718202307253	0.0	-5.5952380952380949	1	-1
0.6596078872680664	3	-1.0071428571428571	-2.2380952380952381	-1.0071428571428571	-2.2380952380952381	0	2	105	-3.1058285412302502	5.9958718202307253	-1	-12.105828541230251	4.9958718202307253	0.0	-5.5952380952380949	1	-1
0.6761679649353027	3	-1.1470238095238094	-1.7345238095238096	-1.1470238095238094	-1.7345238095238096	0	2	105	-3.1058285412302502	5.9958718202307253	-1	-12.105828541230251	4.9958718202307253	0.0	-5.5952380952380949	1	-1
0.6928379535675049	3	-1.3148809523809524	-1.2589285714285712	-1.3148809523809524	-1.2589285714285714	0	2	105	-3.1058285412302502	5.9958718202307253	-1	-12.105828541230251	4.9958718202307253	0.0	-5.5952380952380949	1	-1
0.7094359397888184	3	-1.4267857142857143	-1.0071428571428571	-1.4267857142857143	-1.0071428571428571	0	2	105	-3.1058285412302502	5.9958718202307253	-1	-12.105828541230251	4.9958718202307253	0.0	-5.5952380952380949	1	-1
0.7260298728942871	3	-1.6226190476190476	-0.53154761904761916	-1.6226190476190476	-0.53154761904761905	0	2	105	-3.1058285412302502	5.9958718202307253	-1	-12.105828541230251	4.9958718202307253	0.0	-5.5952380952380949	1	-1
0.7425930500030518	3	-1.818452380952381	-0.055952380952381198	-1.8184523809523809	-0.055952380952380955	0	2	105	-3.1058285412302502	5.9958718202307253	-1	-12.105828541230251	4.9958718202307253	0.0	-5.5952380952380949	1	-1
0.7591700553894043	3	-1.9303571428571429	0.19583333333333375	-1.9303571428571429	0.19583333333333333	0	2	105	-3.1058285412302502	5.9958718202307253	-1	-12.105828541230251	4.9958718202307253	0.0	-5.5952380952380949	1	-1
0.7757859230041504	3	-2.154166666666667	0.67142857142857171	-2.1541666666666668	0.67142857142857137	0	2	105	-3.1058285412302502	5.9958718202307253	-1	-12.105828541230251	4.9958718202307253	0.0	-5.5952380952380949	1	-1
0.7924070358276367	3	-2.2660714285714287	0.89523809523809561	-2.2660714285714287	0.89523809523809528	0	2	105	-3.1058285412302502	5.9958718202307253	-1	-12.105828541230251	4.9958718202307253	0.0	-5.5952380952380949	1	-1
0.8089559078216553	3	-2.461904761904762	1.3988095238095237	-2.461904761904762	1.3988095238095237	0	2	105	-3.1058285412302502	5.9958718202307253	-1	-12.105828541230251	4.9958718202307253	0.0	-5.5952380952380949	1	-1
0.8256349563598633	3	-2.6857142857142855	1.8744047619047617	-2.6857142857142855	1.8744047619047619	0	2	105	-3.1058285412302502	5.9958718202307253	-1	-12.105828541230251	4.9958718202307253	0.0	-5.5952380952380949	1	-1
0.8421778678894043	3	-2.8815476190476192	2.3499999999999996	-2.8815476190476192	2.3500000000000001	0	2	105	-3.1058285412302502	5.9958718202307253	-1	-12.105828541230251	4.9958718202307253	0.0	-5.5952380952380949	1	-1
0.8587729930877686	3	-2.9934523809523808	2.5738095238095244	-2.9934523809523808	2.573809523809524	0	2	105	-3.1058285412302502	5.9958718202307253	-1	-12.105828541230251	4.9958718202307253	0.0	-5.5952380952380949	1	-1
0.8755989074707031	3	-3.161309523809524	3.0773809523809526	-3.1613095238095239	3.0773809523809526	0	2	105	-3.1058285412302502	5.9958718202307253	-1	-12.105828541230251	4.9958718202307253	0.0	-5.5952380952380949	1	-1
0.8922519683837891	3	-3.2452380952380953	3.3011904761904756	-3.2452380952380953	3.301190476190476	0	2	105	-3.1058285412302502	5.9958718202307253	-1	-12.105828541230251	4.9958718202307253	0.0	-5.5952380952380949	1	-1
0.9088490009307861	3	-3.413095238095238	3.8047619047619037	-3.413095238095238	3.8047619047619046	0	2	105	-3.1058285412302502	5.9958718202307253	-1	-12.105828541230251	4.9958718202307253	0.0	-5.5952380952380949	1	-1
0.9254169464111328	3	-3.5529761904761905	4.2803571428571416	-3.5529761904761905	4.2803571428571425	0	2	105	-3.1058285412302502	5.9958718202307253	-1	-12.105828541230251	4.9958718202307253	0.0	-5.5952380952380949	1	-1
0.9419839382171631	3	-3.6648809523809525	4.7559523809523814	-3.6648809523809525	4.7559523809523814	0	2	105	-3.1058285412302502	5.9958718202307253	-1	-12.105828541230251	4.9958718202307253	0.0	-5.5952380952380949	1	-1
0.958564043045044	3	-3.720833333333333	4.9797619047619044	-3.7208333333333332	4.9797619047619044	0	2	105	-3.1058285412302502	5.9958718202307253	-1	-12.105828541230251	4.9958718202307253	0.0	-5.5952380952380949	1	-1
0.9748978614807129	3	-3.8047619047619046	5.4273809523809522	-3.8047619047619046	5.4273809523809522	0	2	105	-3.1058285412302502	5.9958718202307253	-1	-12.105828541230251	4.9958718202307253	0.0	-5.5952380952380949	1	-1
0.9917910099029541	3	-3.8607142857142858	5.6232142857142868	-3.8607142857142858	5.6232142857142859	0	2	105	-3.1058285412302502	5.9958718202307253	-1	-12.105828541230251	4.9958718202307253	0.0	-5.5952380952380949	1	-1
1.008375883102417	3	-3.9166666666666665	5.9589285714285722	-3.9166666666666665	5.9589285714285714	0	2	105	-3.1058285412302502	5.9958718202307253	-1	-12.105828541230251	4.9958718202307253	0.0	-5.5952380952380949	1	-1
1.0248548984527588	3	-3.944642857142857	6.2666666666666657	-3.9446428571428571	6.2666666666666666	0	2	105	-3.1058285412302502	5.9958718202307253	-1	-12.105828541230251	4.9958718202307253	0.0	-5.5952380952380949	1	-1
1.0413298606872559	3	-4.000595238095238	6.4904761904761905	-4.0005952380952383	6.4904761904761905	0	2	105	-3.1058285412302502	5.9958718202307253	-1	-12.105828541230251	4.9958718202307253	0.0	-5.5952380952380949	1	-1
1.0579009056091309	3	-4.000595238095238	6.5744047619047628	-4.0005952380952383	6.5744047619047619	0	2	105	-3.1058285412302502	5.9958718202307253	-1	-12.105828541230251	4.9958718202307253	0.0	-5.5952380952380949	1	-1
1.0744569301605225	3	-4.056547619047619	6.7422619047619037	-4.0565476190476186	6.7422619047619046	0	2	105	-3.1058285412302502	5.9958718202307253	-1	-12.105828541230251	4.9958718202307253	0.0	-5.5952380952380949	1	-1
1.0910968780517578	3	-4.056547619047619	6.7982142857142858	-4.0565476190476186	6.7982142857142858	0	2	105	-3.1058285412302502	5.9958718202307253	-1	-12.105828541230251	4.9958718202307253	0.0	-5.5952380952380949	1	-1
1.1076500415802002	3	-4.08452380952381	6.8821428571428562	-4.0845238095238097	6.8821428571428571	0	2	105	-3.1058285412302502	5.9958718202307253	-1	-12.105828541230251	4.9958718202307253	0.0	-5.5952380952380949	1	-1
1.1242179870605469	3	-4.08452380952381	6.9101190476190482	-4.0845238095238097	6.9101190476190473	0	2	105	-3.1058285412302502	5.9958718202307253	-1	-12.105828541230251	4.9958718202307253	0.0	-5.5952380952380949	1	-1
1.1408240795135498	3	-4.08452380952381	6.9380952380952383	-4.0845238095238097	6.9380952380952383	0	2	105	-3.1058285412302502	5.9958718202307253	-1	-12.105828541230251	4.9958718202307253	0.0	-5.5952380952380949	1	-1
1.1574409008026123	3	-4.08452380952381	6.9380952380952383	-4.0845238095238097	6.9380952380952383	0	2	105	-3.1058285412302502	5.9958718202307253	-1	-12.105828541230251	4.9958718202307253	0.0	-5.5952380952380949	1	-1
1.1740469932556152	3	-4.08452380952381	6.9380952380952383	-4.0845238095238097	6.9380952380952383	0	2	105	-3.1058285412302502	5.9958718202307253	-1	-12.105828541230251	4.9958718202307253	0.0	-5.5952380952380949	1	-1
1.1909279823303223	3	-4.08452380952381	6.9380952380952383	-4.0845238095238097	6.9380952380952383	0	2	105	-3.1058285412302502	5.9958718202307253	-1	-12.105828541230251	4.9958718202307253	0.0	-5.5952380952380949	1	-1
1.2074689865112305	3	-4.08452380952381	6.9380952380952383	-4.0845238095238097	6.9380952380952383	0	2	105	-3.1058285412302502	5.9958718202307253	-1	-12.105828541230251	4.9958718202307253	0.0	-5.5952380952380949	1	-1
1.2240538597106934	3	-4.08452380952381	6.9380952380952383	-4.0845238095238097	6.9380952380952383	0	2	105	-3.1058285412302502	5.9958718202307253	-1	-12.105828541230251	4.9958718202307253	0.0	-5.5952380952380949	1	-1
1.240738868713379	3	-4.08452380952381	6.9101190476190482	-4.0845238095238097	6.9101190476190473	0	2	105	-3.1058285412302502	5.9958718202307253	-1	-12.105828541230251	4.9958718202307253	0.0	-5.5952380952380949	1	-1
1.257279872894287	3	-4.08452380952381	6.9101190476190482	-4.0845238095238097	6.9101190476190473	0	2	105	-3.1058285412302502	5.9958718202307253	-1	-12.105828541230251	4.9958718202307253	0.0	-5.5952380952380949	1	-1
1.273866891860962	3	-4.08452380952381	6.9101190476190482	-4.0845238095238097	6.9101190476190473	0	2	105	-3.1058285412302502	5.9958718202307253	-1	-12.105828541230251	4.9958718202307253	0.0	-5.5952380952380949	1	-1
1.2904798984527588	3	-4.08452380952381	6.9101190476190482	-4.0845238095238097	6.9101190476190473	0	2	105	-3.1058285412302502	5.9958718202307253	-1	-12.105828541230251	4.9958718202307253	0.0	-5.5952380952380949	1	-1
1.3070580959320068	3	-4.056547619047619	6.8821428571428562	-4.0565476190476186	6.8821428571428571	0	2	105	-3.1058285412302502	5.9958718202307253	-1	-12.105828541230251	4.9958718202307253	0.0	-5.5952380952380949	1	-1
1.3236100673675537	3	-4.056547619047619	6.8821428571428562	-4.0565476190476186	6.8821428571428571	0	2	105	-3.1058285412302502	5.9958718202307253	-1	-12.105828541230251	4.9958718202307253	0.0	-5.5952380952380949	1	-1
1.340195894241333	3	-4.056547619047619	6.8821428571428562	-4.0565476190476186	6.8821428571428571	0	2	105	-3.1058285412302502	5.9958718202307253	-1	-12.105828541230251	4.9958718202307253	0.0	-5.5952380952380949	1	-1
1.3565878868103027	3	-4.056547619047619	6.8821428571428562	-4.0565476190476186	6.8821428571428571	0	2	105	-3.1058285412302502	5.9958718202307253	-1	-12.105828541230251	4.9958718202307253	0.0	-5.5952380952380949	1	-1
1.3732130527496338	3	-4.056547619047619	6.8821428571428562	-4.0565476190476186	6.8821428571428571	0	2	105	-3.1058285412302502	5.9958718202307253	-1	-12.105828541230251	4.9958718202307253	0.0	-5.5952380952380949	1	-1
1.3897888660430908	3	-4.056547619047619	6.8821428571428562	-4.0565476190476186	6.8821428571428571	0	2	105	-3.1058285412302502	5.9958718202307253	-1	-12.105828541230251	4.9958718202307253	0.0	-5.5952380952380949	1	-1
1.4063918590545654	3	-4.056547619047619	6.8821428571428562	-4.0565476190476186	6.8821428571428571	0	2	105	-3.1058285412302502	5.9958718202307253	-1	-12.105828541230251	4.9958718202307253	0.0	-5.5952380952380949	1	-1
1.422900915145874	3	-4.056547619047619	6.8821428571428562	-4.0565476190476186	6.8821428571428571	0	2	105	-3.1058285412302502	5.9958718202307253	-1	-12.105828541230251	4.9958718202307253	0.0	-5.5952380952380949	1	-1
1.4395298957824707	3	-4.056547619047619	6.8821428571428562	-4.0565476190476186	6.8821428571428571	0	2	105	-3.1058285412302502	5.9958718202307253	-1	-12.105828541230251	4.9958718202307253	0.0	-5.5952380952380949	1	-1
1.456084966659546	3	-4.056547619047619	6.8821428571428562	-4.0565476190476186	6.8821428571428571	0	2	105	-3.1058285412302502	5.9958718202307253	-1	-12.105828541230251	4.9958718202307253	0.0	-5.5952380952380949	1	-1
1.4726970195770264	3	-4.056547619047619	6.8821428571428562	-4.0565476190476186	6.8821428571428571	0	2	105	-3.1058285412302502	5.9958718202307253	-1	-12.105828541230251	4.9958718202307253	0.0	-5.5952380952380949	1	-1
1.489306926727295	3	-4.056547619047619	6.8821428571428562	-4.0565476190476186	6.8821428571428571	0	2	105	-3.1058285412302502	5.9958718202307253	-1	-12.105828541230251	4.9958718202307253	0.0	-5.5952380952380949	1	-1
1.5059778690338135	3	-4.056547619047619	6.8821428571428562	-4.0565476190476186	6.8821428571428571	0	2	105	-3.1058285412302502	5.9958718202307253	-1	-12.105828541230251	4.9958718202307253	0.0	-5.5952380952380949	1	-1
1.5226659774780273	3	-4.056547619047619	6.8821428571428562	-4.0565476190476186	6.8821428571428571	0	2	105	-3.1058285412302502	5.9958718202307253	-1	-12.105828541230251	4.9958718202307253	0.0	-5.5952380952380949	1	-1
1.539341926574707	3	-4.056547619047619	6.8821428571428562	-4.0565476190476186	6.8821428571428571	0	2	105	-3.1058285412302502	5.9958718202307253	-1	-12.105828541230251	4.9958718202307253	0.0	-5.5952380952380949	1	-1
1.5559370517730713	3	-4.056547619047619	6.8821428571428562	-4.0565476190476186	6.8821428571428571	0	2	105	-3.1058285412302502	5.9958718202307253	-1	-12.105828541230251	4.9958718202307253	0.0	-5.5952380952380949	1	-1
1.5726070404052734	3	-4.056547619047619	6.8821428571428562	-4.0565476190476186	6.8821428571428571	0	2	105	-3.1058285412302502	5.9958718202307253	-1	-12.105828541230251	4.9958718202307253	0.0	-5.5952380952380949	1	-1
1.589073896408081	3	-4.056547619047619	6.8821428571428562	-4.0565476190476186	6.8821428571428571	0	2	105	-3.1058285412302502	5.9958718202307253	-1	-12.105828541230251	4.9958718202307253	0.0	-5.5952380952380949	1	-1
1.6057829856872559	3	-4.056547619047619	6.8821428571428562	-4.0565476190476186	6.8821428571428571	0	2	105	-3.1058285412302502	5.9958718202307253	-1	-12.105828541230251	4.9958718202307253	0.0	-5.5952380952380949	1	-1
1.622338056564331	3	-4.056547619047619	6.8821428571428562	-4.0565476190476186	6.8821428571428571	0	2	105	-3.1058285412302502	5.9958718202307253	-1	-12.105828541230251	4.9958718202307253	0.0	-5.5952380952380949	1	-1
1.6389789581298828	3	-4.056547619047619	6.8821428571428562	-4.0565476190476186	6.8821428571428571	0	2	105	-3.1058285412302502	5.9958718202307253	-1	-12.105828541230251	4.9958718202307253	0.0	-5.5952380952380949	1	-1
1.655493974685669	3	-4.056547619047619	6.8821428571428562	-4.0565476190476186	6.8821428571428571	0	2	105	-3.1058285412302502	5.9958718202307253	-1	-12.105828541230251	4.9958718202307253	0.0	-5.5952380952380949	1	-1
1.6720879077911377	3	-4.056547619047619	6.8821428571428562	-4.0565476190476186	6.8821428571428571	0	2	105	-3.1058285412302502	5.9958718202307253	-1	-12.105828541230251	4.9958718202307253	0.0	-5.5952380952380949	1	-1
1.6884040832519531	3	-4.056547619047619	6.8821428571428562	-4.0565476190476186	6.8821428571428571	0	2	105	-3.1058285412302502	5.9958718202307253	-1	-12.105828541230251	4.9958718202307253	0.0	-5.5952380952380949	1	-1
1.705108880996704	3	-4.056547619047619	6.8821428571428562	-4.0565476190476186	6.8821428571428571	0	2	105	-3.1058285412302502	5.9958718202307253	-1	-12.105828541230251	4.9958718202307253	0.0	-5.5952380952380949	1	-1
1.7216510772705078	3	-4.056547619047619	6.8821428571428562	-4.0565476190476186	6.8821428571428571	0	2	105	-3.1058285412302502	5.9958718202307253	-1	-12.105828541230251	4.9958718202307253	0.0	-5.5952380952380949	1	-1
1.73826003074646	3	-4.056547619047619	6.8821428571428562	-4.0565476190476186	6.8821428571428571	0	2	105	-3.1058285412302502	5.9958718202307253	-1	-12.105828541230251	4.9958718202307253	0.0	-5.5952380952380949	1	-1
1.7547800540924072	3	-4.056547619047619	6.8821428571428562	-4.0565476190476186	6.8821428571428571	0	2	105	-3.1058285412302502	5.9958718202307253	-1	-12.105828541230251	4.9958718202307253	0.0	-5.5952380952380949	1	-1
1.7714478969573975	3	-4.056547619047619	6.8821428571428562	-4.0565476190476186	6.8821428571428571	0	2	105	-3.1058285412302502	5.9958718202307253	-1	-12.105828541230251	4.9958718202307253	0.0	-5.5952380952380949	1	-1
1.7879979610443115	3	-4.056547619047619	6.8821428571428562	-4.0565476190476186	6.8821428571428571	0	2	105	-3.1058285412302502	5.9958718202307253	-1	-12.105828541230251	4.9958718202307253	0.0	-5.5952380952380949	1	-1
1.8046610355377197	3	-4.056547619047619	6.8821428571428562	-4.0565476190476186	6.8821428571428571	0	2	105	-3.1058285412302502	5.9958718202307253	-1	-12.105828541230251	4.9958718202307253	0.0	-5.5952380952380949	1	-1
1.821213960647583	3	-4.0565476190476186	6.8821428571428562	-4.0565476190476186	6.8821428571428571	0	2	105	-3.1058285412302502	5.9958718202307253	-1	-12.105828541230251	4.9958718202307253	0.0	-5.5952380952380949	1	-1
1.838165044784546	3	-4.0565476190476186	6.8821428571428562	-4.0565476190476186	6.8821428571428571	0	2	105	-3.1058285412302502	5.9958718202307253	-1	-12.105828541230251	4.9958718202307253	0.0	-5.5952380952380949	1	-1
1.8545708656311035	3	-4.0565476190476186	6.8821428571428562	-4.0565476190476186	6.8821428571428571	0	3	105	-3.1058285412302502	5.9958718202307253	-1	-12.105828541230251	4.9958718202307253	0.0	-5.5952380952380949	1	-1
1.8712899684906006	3	-4.0565476190476186	6.8821428571428562	-4.0565476190476186	6.8821428571428571	0	4	105	-3.1058285412302502	5.9958718202307253	-1	-12.105828541230251	4.9958718202307253	0.0	-5.5952380952380949	1	-1
1.887826919555664	3	-4.0565476190476186	6.8821428571428562	-4.0565476190476186	6.8821428571428571	0	4	105	-3.1058285412302502	5.9958718202307253	-1	-12.105828541230251	4.9958718202307253	0.0	-5.5952380952380949	1	-1
1.9044990539550781	3	-4.0565476190476186	6.8821428571428562	-4.0565476190476186	6.8821428571428571	0	4	105	-3.1058285412302502	5.9958718202307253	-1	-12.105828541230251	4.9958718202307253	0.0	-5.5952380952380949	1	-1
1.92106294631958	3	-4.0565476190476186	6.8821428571428562	-4.0565476190476186	6.8821428571428571	0	4	105	-3.1058285412302502	5.9958718202307253	-1	-12.105828541230251	4.9958718202307253	0.0	-5.5952380952380949	1	-1
1.9376308917999268	3	-4.0565476190476186	6.8821428571428562	-4.0565476190476186	6.8821428571428571	0	4	105	-3.1058285412302502	5.9958718202307253	-1	-12.105828541230251	4.9958718202307253	0.0	-5.5952380952380949	1	-1
1.954206943511963	3	-4.0565476190476186	6.8821428571428562	-4.0565476190476186	6.8821428571428571	0	4	105	-3.1058285412302502	5.9958718202307253	-1	-12.105828541230251	4.9958718202307253	0.0	-5.5952380952380949	1	-1
1.9708280563354492	3	-4.0565476190476186	6.8821428571428562	-4.0565476190476186	6.8821428571428571	0	4	105	-3.1058285412302502	5.9958718202307253	-1	-12.105828541230251	4.9958718202307253	0.0	-5.5952380952380949	1	-1
1.9873878955841064	3	-4.0565476190476186	6.8821428571428562	-4.0565476190476186	6.8821428571428571	0	4	105	-3.1058285412302502	5.9958718202307253	-1	-12.105828541230251	4.9958718202307253	0.0	-5.5952380952380949	1	-1
2.003854990005493	3	-4.0565476190476186	6.8821428571428562	-4.0565476190476186	6.8821428571428571	0	4	105	-3.1058285412302502	5.9958718202307253	-1	-12.105828541230251	4.9958718202307253	0.0	-5.5952380952380949	1	-1
2.02036190032959	3	-4.0565476190476186	6.8821428571428562	-4.0565476190476186	6.8821428571428571	0	4	105	-3.1058285412302502	5.9958718202307253	-1	-12.105828541230251	4.9958718202307253	0.0	-5.5952380952380949	1	-1
2.036952018737793	3	-4.0565476190476186	6.8821428571428562	-4.0565476190476186	6.8821428571428571	0	4	105	-3.1058285412302502	5.9958718202307253	-1	-12.105828541230251	4.9958718202307253	0.0	-5.5952380952380949	1	-1
2.0535240173339844	3	-4.0565476190476186	6.8821428571428562	-4.0565476190476186	6.8821428571428571	0	4	105	-3.1058285412302502	5.9958718202307253	-1	-12.105828541230251	4.9958718202307253	0.0	-5.5952380952380949	1	-1
2.070128917694092	3	-4.0565476190476186	6.8821428571428562	-4.0565476190476186	6.8821428571428571	0	4	105	-3.1058285412302502	5.9958718202307253	-1	-12.105828541230251	4.9958718202307253	0.0	-5.5952380952380949	1	-1
2.0866940021514893	3	-4.0565476190476186	6.8821428571428562	-4.0565476190476186	6.8821428571428571	0	4	105	-3.1058285412302502	5.9958718202307253	-1	-12.105828541230251	4.9958718202307253	0.0	-5.5952380952380949	1	-1
2.103295087814331	3	-4.0565476190476186	6.8821428571428562	-4.0565476190476186	6.8821428571428571	0	4	105	-3.1058285412302502	5.9958718202307253	-1	-12.105828541230251	4.9958718202307253	0.0	-5.5952380952380949	1	-1
2.1198930740356445	3	-4.0845238095238097	6.8821428571428562	-4.0845238095238097	6.8821428571428571	0	4	105	-3.1058285412302502	5.9958718202307253	-1	-12.105828541230251	4.9958718202307253	0.0	-5.5952380952380949	1	-1
2.1364879608154297	3	-4.2803571428571425	6.8821428571428562	-4.2803571428571425	6.8821428571428571	0	4	105	-3.1058285412302502	5.9958718202307253	-1	-12.105828541230251	4.9958718202307253	0.0	-5.5952380952380949	1	-1
2.153132915496826	3	-4.6720238095238091	6.8821428571428562	-4.6720238095238091	6.854166666666667	0	4	105	-3.1058285412302502	5.9958718202307253	-1	-12.105828541230251	4.9958718202307253	0.0	-5.5952380952380949	1	-1
2.1700010299682617	3	-4.9238095238095241	6.8821428571428562	-4.9238095238095241	6.8261904761904759	0	4	105	-3.1058285412302502	5.9958718202307253	-1	-12.105828541230251	4.9958718202307253	0.0	-5.5952380952380949	1	-1
2.1864359378814697	3	-5.5672619047619047	6.8821428571428562	-5.5672619047619047	6.7702380952380956	0	4	105	-3.1058285412302502	5.9958718202307253	-1	-12.105828541230251	4.9958718202307253	0.0	-5.5952380952380949	1	-1
2.2030820846557617	3	-5.9309523809523812	6.8821428571428562	-5.9309523809523812	6.7422619047619046	0	4	105	-3.1058285412302502	5.9958718202307253	-1	-12.105828541230251	4.9958718202307253	0.0	-5.5952380952380949	1	-1
2.2197420597076416	3	-6.7702380952380956	6.8821428571428562	-6.7702380952380956	6.6583333333333332	0	4	105	-3.1058285412302502	5.9958718202307253	-1	-12.105828541230251	4.9958718202307253	0.0	-5.5952380952380949	1	-1
2.236372947692871	3	-7.6934523809523814	6.8821428571428562	-7.6934523809523814	6.5464285714285717	0	4	105	-3.1058285412302502	5.9958718202307253	-1	-12.105828541230251	4.9958718202307253	0.0	-5.5952380952380949	1	-1
2.2529408931732178	3	-8.7565476190476197	6.8821428571428562	-8.7565476190476197	6.4065476190476192	0	4	105	-3.1058285412302502	5.9958718202307253	-1	-12.105828541230251	4.9958718202307253	0.0	-5.5952380952380949	1	-1
2.269542932510376	3	-9.3440476190476183	6.8821428571428562	-9.3440476190476183	6.3226190476190478	0	4	105	-3.1058285412302502	5.9958718202307253	-1	-12.105828541230251	4.9958718202307253	0.0	-5.5952380952380949	1	-1
2.286107063293457	3	-10.491071428571429	6.8821428571428562	-10.491071428571429	6.1547619047619051	0	4	105	-3.1058285412302502	5.9958718202307253	-1	-12.105828541230251	4.9958718202307253	0.0	-5.5952380952380949	1	-1
2.3026719093322754	3	-11.078571428571429	6.8821428571428562	-11.078571428571429	6.0708333333333337	0	4	105	-3.1058285412302502	5.9958718202307253	-1	-12.105828541230251	4.9958718202307253	0.0	-5.5952380952380949	1	-1
2.3193209171295166	3	-12.225595238095238	6.8821428571428562	-12.225595238095238	5.9029761904761902	0	4	105	-3.1058285412302502	5.9958718202307253	-1	-12.105828541230251	4.9958718202307253	0.0	-5.5952380952380949	1	-1
2.335646867752075	3	-13.372619047619047	6.8821428571428562	-13.372619047619047	5.7071428571428573	0	4	105	-3.1058285412302502	5.9958718202307253	-1	-12.105828541230251	4.9958718202307253	0.0	-5.5952380952380949	1	-1
2.352231979370117	3	-13.932142857142857	5.6232142857142868	-13.932142857142857	5.6232142857142859	0	4	105	-3.1058285412302502	5.9958718202307253	-1	-12.105828541230251	4.9958718202307253	0.0	-5.5952380952380949	1	-1
2.3688318729400635	3	-14.967261904761905	5.4553571428571423	-14.967261904761905	5.4553571428571432	0	4	105	-3.1058285412302502	5.9958718202307253	-1	-12.105828541230251	4.9958718202307253	0.0	-5.5952380952380949	1	-1
2.385390043258667	3	-15.946428571428571	5.2595238095238095	-15.946428571428571	5.2595238095238095	0	4	105	-3.1058285412302502	5.9958718202307253	-1	-12.105828541230251	4.9958718202307253	0.0	-5.5952380952380949	1	-1
2.4019930362701416	3	-16.42202380952381	5.1755952380952372	-16.422023809523811	5.1755952380952381	0	4	105	-3.1058285412302502	5.9958718202307253	-1	-12.105828541230251	4.9958718202307253	0.0	-5.5952380952380949	1	-1
2.418637990951538	3	-17.177380952380954	5.0077380952380963	-17.177380952380954	5.0077380952380954	0	5	105	-3.1058285412302502	5.9958718202307253	-1	-12.105828541230251	4.9958718202307253	0.0	-5.5952380952380949	1	-1
2.4352030754089355	3	-17.457142857142856	4.9517857142857142	-17.457142857142856	4.9517857142857142	0	5	105	-3.1058285412302502	5.9958718202307253	-1	-12.105828541230251	4.9958718202307253	0.0	-5.5952380952380949	1	-1
2.451780080795288	3	-17.904761904761905	4.8678571428571438	-17.904761904761905	4.8678571428571429	0	5	105	-3.1058285412302502	5.9958718202307253	-1	-12.105828541230251	4.9958718202307253	0.0	-5.5952380952380949	1	-1
2.468385934829712	3	-18.18452380952381	4.7839285714285715	-18.18452380952381	4.7839285714285715	0	5	105	-3.1058285412302502	5.9958718202307253	-1	-12.105828541230251	4.9958718202307253	0.0	-5.5952380952380949	1	-1
2.485231876373291	3	-18.35238095238095	4.7279761904761912	-18.352380952380951	4.7279761904761903	0	5	105	-3.1058285412302502	5.9958718202307253	-1	-12.105828541230251	4.9958718202307253	0.0	-5.5952380952380949	1	-1
2.501852035522461	3	-18.408333333333335	4.6999999999999993	-18.408333333333335	4.7000000000000002	0	5	105	-3.1058285412302502	5.9958718202307253	-1	-12.105828541230251	4.9958718202307253	0.0	-5.5952380952380949	1	-1
2.5184669494628906	3	-18.380357142857143	4.644047619047619	-18.380357142857143	4.644047619047619	0	5	105	-3.1058285412302502	5.9958718202307253	-1	-12.105828541230251	4.9958718202307253	0.0	-5.5952380952380949	1	-1
2.5349769592285156	3	-18.35238095238095	4.6160714285714288	-18.352380952380951	4.6160714285714288	0	5	105	-3.1058285412302502	5.9958718202307253	-1	-12.105828541230251	4.9958718202307253	0.0	-5.5952380952380949	1	-1
2.5516130924224854	3	-18.15654761904762	4.4761904761904763	-18.156547619047618	4.4761904761904763	0	5	105	-3.1058285412302502	5.9958718202307253	-1	-12.105828541230251	4.9958718202307253	0.0	-5.5952380952380949	1	-1
2.5682308673858643	3	-17.820833333333333	4.3363095238095237	-17.820833333333333	4.3363095238095237	0	5	105	-3.1058285412302502	5.9958718202307253	-1	-12.105828541230251	4.9958718202307253	0.0	-5.5952380952380949	1	-1
2.58481502532959	3	-17.373214285714287	4.168452380952381	-17.373214285714287	4.168452380952381	0	5	105	-3.1058285412302502	5.9958718202307253	-1	-12.105828541230251	4.9958718202307253	0.0	-5.5952380952380949	1	-1
2.601409912109375	3	-17.12142857142857	4.0565476190476186	-17.12142857142857	4.0565476190476186	0	5	105	-3.1058285412302502	5.9958718202307253	-1	-12.105828541230251	4.9958718202307253	0.0	-5.5952380952380949	1	-1
2.618051052093506	3	-16.561904761904763	3.7767857142857153	-16.561904761904763	3.7767857142857144	0	5	105	-3.1058285412302502	5.9958718202307253	-1	-12.105828541230251	4.9958718202307253	0.0	-5.5952380952380949	1	-1
2.634490966796875	3	-16.254166666666666	3.6369047619047628	-16.254166666666666	3.6369047619047619	0	5	105	-3.1058285412302502	5.9958718202307253	-1	-12.105828541230251	4.9958718202307253	0.0	-5.5952380952380949	1	-1
2.650920867919922	3	-15.638690476190476	3.2732142857142854	-15.638690476190476	3.2732142857142859	0	5	105	-3.1058285412302502	5.9958718202307253	-1	-12.105828541230251	4.9958718202307253	0.0	-5.5952380952380949	1	-1
2.667484998703003	3	-14.939285714285715	2.8535714285714278	-14.939285714285715	2.8535714285714286	0	5	105	-3.1058285412302502	5.9958718202307253	-1	-12.105828541230251	4.9958718202307253	0.0	-5.5952380952380949	1	-1
2.684056043624878	3	-14.603571428571428	2.6297619047619047	-14.603571428571428	2.6297619047619047	0	5	105	-3.1058285412302502	5.9958718202307253	-1	-12.105828541230251	4.9958718202307253	0.0	-5.5952380952380949	1	-1
2.700679063796997	3	-13.848214285714286	2.1821428571428569	-13.848214285714286	2.1821428571428569	0	5	105	-3.1058285412302502	5.9958718202307253	-1	-12.105828541230251	4.9958718202307253	0.0	-5.5952380952380949	1	-1
2.7173268795013428	3	-13.092857142857143	1.706547619047619	-13.092857142857143	1.706547619047619	0	5	105	-3.1058285412302502	5.9958718202307253	-1	-12.105828541230251	4.9958718202307253	0.0	-5.5952380952380949	1	-1
2.733891010284424	3	-12.701190476190476	1.4827380952380951	-12.701190476190476	1.4827380952380953	0	5	105	-3.1058285412302502	5.9958718202307253	-1	-12.105828541230251	4.9958718202307253	0.0	-5.5952380952380949	1	-1
2.7504889965057373	3	-11.917857142857143	0.97916666666666696	-11.917857142857143	0.97916666666666663	0	5	105	-3.1058285412302502	5.9958718202307253	-1	-12.105828541230251	4.9958718202307253	0.0	-5.5952380952380949	1	-1
2.7671148777008057	3	-11.10654761904762	0.47559523809523796	-11.106547619047619	0.47559523809523807	0	5	105	-3.1058285412302502	5.9958718202307253	-1	-12.105828541230251	4.9958718202307253	0.0	-5.5952380952380949	1	-1
2.783644914627075	3	-10.714880952380952	0.2238095238095239	-10.714880952380952	0.22380952380952382	0	5	105	-3.1058285412302502	5.9958718202307253	-1	-12.105828541230251	4.9958718202307253	0.0	-5.5952380952380949	1	-1
2.800239086151123	3	-9.875595238095238	-0.2797619047619051	-9.8755952380952383	-0.27976190476190477	0	5	105	-3.1058285412302502	5.9958718202307253	-1	-12.105828541230251	4.9958718202307253	0.0	-5.5952380952380949	1	-1
2.817233085632324	3	-9.036309523809523	-0.72738095238095202	-9.036309523809523	-0.72738095238095235	0	5	105	-3.1058285412302502	5.9958718202307253	-1	-12.105828541230251	4.9958718202307253	0.0	-5.5952380952380949	1	-1
2.8337390422821045	3	-8.616666666666667	-0.97916666666666696	-8.6166666666666671	-0.97916666666666663	0	5	105	-3.1058285412302502	5.9958718202307253	-1	-12.105828541230251	4.9958718202307253	0.0	-5.5952380952380949	1	-1
2.8501899242401123	3	-7.805357142857143	-1.3988095238095237	-7.8053571428571429	-1.3988095238095237	0	5	105	-3.1058285412302502	5.9958718202307253	-1	-12.105828541230251	4.9958718202307253	0.0	-5.5952380952380949	1	-1
2.8668949604034424	3	-7.02202380952381	-1.8464285714285715	-7.0220238095238097	-1.8464285714285715	0	5	105	-3.1058285412302502	5.9958718202307253	-1	-12.105828541230251	4.9958718202307253	0.0	-5.5952380952380949	1	-1
2.8834879398345947	3	-6.658333333333333	-2.0422619047619048	-6.6583333333333332	-2.0422619047619048	0	5	105	-3.1058285412302502	5.9958718202307253	-1	-12.105828541230251	4.9958718202307253	0.0	-5.5952380952380949	1	-1
2.9000790119171143	3	-5.90297619047619	-2.4059523809523808	-5.9029761904761902	-2.4059523809523808	0	5	105	-3.1058285412302502	5.9958718202307253	-1	-12.105828541230251	4.9958718202307253	0.0	-5.5952380952380949	1	-1
2.916692018508911	3	-5.567261904761905	-2.6017857142857141	-5.5672619047619047	-2.6017857142857141	0	5	105	-3.1058285412302502	5.9958718202307253	-1	-12.105828541230251	4.9958718202307253	0.0	-5.5952380952380949	1	-1
2.9333019256591797	3	-4.867857142857143	-2.9375	-4.8678571428571429	-2.9375	0	5	105	-3.1058285412302502	5.9958718202307253	-1	-12.105828541230251	4.9958718202307253	0.0	-5.5952380952380949	1	-1
2.9498848915100098	3	-4.252380952380952	-3.2452380952380953	-4.2523809523809524	-3.2452380952380953	0	5	105	-3.1058285412302502	5.9958718202307253	-1	-12.105828541230251	4.9958718202307253	0.0	-5.5952380952380949	1	-1
2.9664828777313232	3	-3.6648809523809525	-3.5529761904761905	-3.6648809523809525	-3.5529761904761905	0	5	105	-3.1058285412302502	5.9958718202307253	-1	-12.105828541230251	4.9958718202307253	0.0	-5.5952380952380949	1	-1
2.9828150272369385	3	-3.385119047619048	-3.6928571428571431	-3.3851190476190478	-3.6928571428571431	0	5	105	-3.1058285412302502	5.9958718202307253	-1	-12.105828541230251	4.9958718202307253	0.0	-5.5952380952380949	1	-1
2.999384880065918	3	-2.9095238095238094	-3.9726190476190477	-2.9095238095238094	-3.9726190476190477	0	5	105	-3.1058285412302502	5.9958718202307253	-1	-12.105828541230251	4.9958718202307253	0.0	-5.5952380952380949	1	-1
3.015946865081787	3	-2.6857142857142855	-4.1124999999999998	-2.6857142857142855	-4.1124999999999998	0	5	105	-3.1058285412302502	5.9958718202307253	-1	-12.105828541230251	4.9958718202307253	0.0	-5.5952380952380949	1	-1
3.0326099395751953	3	-2.238095238095238	-4.3363095238095237	-2.2380952380952381	-4.3363095238095237	0	5	105	-3.1058285412302502	5.9958718202307253	-1	-12.105828541230251	4.9958718202307253	0.0	-5.5952380952380949	1	-1
3.04915189743042	3	-1.874404761904762	-4.5321428571428575	-1.8744047619047619	-4.5321428571428575	0	5	105	-3.1058285412302502	5.9958718202307253	-1	-12.105828541230251	4.9958718202307253	0.0	-5.5952380952380949	1	-1
3.0657520294189453	3	-1.5666666666666667	-4.7279761904761903	-1.5666666666666667	-4.7279761904761903	0	5	105	-3.1058285412302502	5.9958718202307253	-1	-12.105828541230251	4.9958718202307253	0.0	-5.5952380952380949	1	-1
3.082345962524414	3	-1.4267857142857143	-4.8119047619047617	-1.4267857142857143	-4.8119047619047617	0	5	105	-3.1058285412302502	5.9958718202307253	-1	-12.105828541230251	4.9958718202307253	0.0	-5.5952380952380949	1	-1
3.098986864089966	3	-1.175	-4.9517857142857142	-1.175	-4.9517857142857142	0	5	105	-3.1058285412302502	5.9958718202307253	-1	-12.105828541230251	4.9958718202307253	0.0	-5.5952380952380949	1	-1
3.115511894226074	3	-1.063095238095238	-5.0357142857142856	-1.0630952380952381	-5.0357142857142856	0	5	105	-3.1058285412302502	5.9958718202307253	-1	-12.105828541230251	4.9958718202307253	0.0	-5.5952380952380949	1	-1
3.132451057434082	3	-0.8952380952380953	-5.1196428571428569	-0.89523809523809528	-5.1196428571428569	0	5	105	-3.1058285412302502	5.9958718202307253	-1	-12.105828541230251	4.9958718202307253	0.0	-5.5952380952380949	1	-1
3.148977041244507	3	-0.7553571428571428	-5.2035714285714283	-0.75535714285714284	-5.2035714285714283	0	5	105	-3.1058285412302502	5.9958718202307253	-1	-12.105828541230251	4.9958718202307253	0.0	-5.5952380952380949	1	-1
3.1656298637390137	3	-0.6714285714285714	-5.2874999999999996	-0.67142857142857137	-5.2874999999999996	0	5	105	-3.1058285412302502	5.9958718202307253	-1	-12.105828541230251	4.9958718202307253	0.0	-5.5952380952380949	1	-1
3.182229995727539	3	-0.6154761904761905	-5.3154761904761907	-0.61547619047619051	-5.3154761904761907	0	5	105	-3.1058285412302502	5.9958718202307253	-1	-12.105828541230251	4.9958718202307253	0.0	-5.5952380952380949	1	-1
3.198777914047241	3	-0.5595238095238095	-5.371428571428571	-0.55952380952380953	-5.371428571428571	0	5	105	-3.1058285412302502	5.9958718202307253	-1	-12.105828541230251	4.9958718202307253	0.0	-5.5952380952380949	1	-1
3.215378999710083	3	-0.531547619047619	-5.371428571428571	-0.53154761904761905	-5.371428571428571	0	5	105	-3.1058285412302502	5.9958718202307253	-1	-12.105828541230251	4.9958718202307253	0.0	-5.5952380952380949	1	-1
3.2320048809051514	3	-0.47559523809523807	-5.4273809523809522	-0.47559523809523807	-5.4273809523809522	0	5	105	-3.1058285412302502	5.9958718202307253	-1	-12.105828541230251	4.9958718202307253	0.0	-5.5952380952380949	1	-1
