time	trial	cursorx	cursory	hand_x	hand_Y	rotation	step	targetangle	targetposx	targetposy	garagelocation	garageposx	garageposy	homex	homey	group	trial_type
1.1920928955078125e-06	2	0.2517857142857143	-6.0148809523809526	0.25178571428571428	-6.0148809523809526	0	5	75	3.1058285412302489	5.9958718202307253	-1	-5.8941714587697511	4.9958718202307253	0.0	-5.5952380952380949	1	-1
0.029384136199951172	2	0.13988095238095238	-5.9029761904761902	0.13988095238095238	-5.9029761904761902	0	1	75	3.1058285412302489	5.9958718202307253	-1	-5.8941714587697511	4.9958718202307253	0.0	-5.5952380952380949	1	-1
0.04588198661804199	2	0.08392857142857142	-5.7910714285714286	0.083928571428571422	-5.7910714285714286	0	1	75	3.1058285412302489	5.9958718202307253	-1	-5.8941714587697511	4.9958718202307253	0.0	-5.5952380952380949	1	-1
0.06236600875854492	2	0.055952380952380955	-5.7351190476190474	0.055952380952380955	-5.7351190476190474	0	1	75	3.1058285412302489	5.9958718202307253	-1	-5.8941714587697511	4.9958718202307253	0.0	-5.5952380952380949	1	-1
0.07907414436340332	2	-0.027976190476190477	-5.5952380952380949	-0.027976190476190477	-5.5952380952380949	0	1	75	3.1058285412302489	5.9958718202307253	-1	-5.8941714587697511	4.9958718202307253	0.0	-5.5952380952380949	1	-1
0.0956430435180664	2	-0.055952380952380955	-5.5113095238095235	-0.055952380952380955	-5.5113095238095235	0	1	75	3.1058285412302489	5.9958718202307253	-1	-5.8941714587697511	4.9958718202307253	0.0	-5.5952380952380949	1	-1
0.11227202415466309	2	-0.11190476190476191	-5.399404761904762	-0.11190476190476191	-5.399404761904762	0	1	75	3.1058285412302489	5.9958718202307253	-1	-5.8941714587697511	4.9958718202307253	0.0	-5.5952380952380949	1	-1
0.12868404388427734	2	-0.13988095238095238	-5.3434523809523808	-0.13988095238095238	-5.3434523809523808	0	1	75	3.1058285412302489	5.9958718202307253	-1	-5.8941714587697511	4.9958718202307253	0.0	-5.5952380952380949	1	-1
0.14516711235046387	2	-0.16785714285714284	-5.3434523809523808	-0.16785714285714284	-5.3434523809523808	0	1	75	3.1058285412302489	5.9958718202307253	-1	-5.8941714587697511	4.9958718202307253	0.0	-5.5952380952380949	1	-1
0.16179800033569336	2	-0.16785714285714284	-5.3434523809523808	-0.16785714285714284	-5.3434523809523808	0	1	75	3.1058285412302489	5.9958718202307253	-1	-5.8941714587697511	4.9958718202307253	0.0	-5.5952380952380949	1	-1
0.1784191131591797	2	-0.16785714285714284	-5.3434523809523808	-0.16785714285714284	-5.3434523809523808	0	1	75	3.1058285412302489	5.9958718202307253	-1	-5.8941714587697511	4.9958718202307253	0.0	-5.5952380952380949	1	-1
0.19490718841552734	2	-0.16785714285714284	-5.3434523809523808	-0.16785714285714284	-5.3434523809523808	0	1	75	3.1058285412302489	5.9958718202307253	-1	-5.8941714587697511	4.9958718202307253	0.0	-5.5952380952380949	1	-1
0.21149206161499023	2	-0.16785714285714284	-5.3434523809523808	-0.16785714285714284	-5.3434523809523808	0	1	75	3.1058285412302489	5.9958718202307253	-1	-5.8941714587697511	4.9958718202307253	0.0	-5.5952380952380949	1	-1
0.22818803787231445	2	-0.16785714285714284	-5.3434523809523808	-0.16785714285714284	-5.3434523809523808	0	1	75	3.1058285412302489	5.9958718202307253	-1	-5.8941714587697511	4.9958718202307253	0.0	-5.5952380952380949	1	-1
0.2447521686553955	2	-0.16785714285714284	-5.3434523809523808	-0.16785714285714284	-5.3434523809523808	0	1	75	3.1058285412302489	5.9958718202307253	-1	-5.8941714587697511	4.9958718202307253	0.0	-5.5952380952380949	1	-1
0.26134610176086426	2	-0.13988095238095238	-5.371428571428571	-0.13988095238095238	-5.371428571428571	0	1	75	3.1058285412302489	5.9958718202307253	-1	-5.8941714587697511	4.9958718202307253	0.0	-5.5952380952380949	1	-1
0.27788496017456055	2	-0.13988095238095238	-5.399404761904762	-0.13988095238095238	-5.399404761904762	0	1	75	3.1058285412302489	5.9958718202307253	-1	-5.8941714587697511	4.9958718202307253	0.0	-5.5952380952380949	1	-1
0.2945129871368408	2	-0.13988095238095238	-5.399404761904762	-0.13988095238095238	-5.399404761904762	0	1	75	3.1058285412302489	5.9958718202307253	-1	-5.8941714587697511	4.9958718202307253	0.0	-5.5952380952380949	1	-1
0.31111812591552734	2	-0.13988095238095238	-5.399404761904762	-0.13988095238095238	-5.399404761904762	0	1	75	3.1058285412302489	5.9958718202307253	-1	-5.8941714587697511	4.9958718202307253	0.0	-5.5952380952380949	1	-1
0.32784414291381836	2	-0.13988095238095238	-5.399404761904762	-0.13988095238095238	-5.399404761904762	0	1	75	3.1058285412302489	5.9958718202307253	-1	-5.8941714587697511	4.9958718202307253	0.0	-5.5952380952380949	1	-1
0.34429216384887695	2	-0.13988095238095238	-5.399404761904762	-0.13988095238095238	-5.399404761904762	0	1	75	3.1058285412302489	5.9958718202307253	-1	-5.8941714587697511	4.9958718202307253	0.0	-5.5952380952380949	1	-1
0.36089396476745605	2	-0.13988095238095238	-5.399404761904762	-0.13988095238095238	-5.399404761904762	0	1	75	3.1058285412302489	5.9958718202307253	-1	-5.8941714587697511	4.9958718202307253	0.0	-5.5952380952380949	1	-1
0.3775200843811035	2	-0.13988095238095238	-5.399404761904762	-0.13988095238095238	-5.399404761904762	0	1	75	3.1058285412302489	5.9958718202307253	-1	-5.8941714587697511	4.9958718202307253	0.0	-5.5952380952380949	1	-1
0.39406514167785645	2	-0.13988095238095238	-5.399404761904762	-0.13988095238095238	-5.399404761904762	0	1	75	3.1058285412302489	5.9958718202307253	-1	-5.8941714587697511	4.9958718202307253	0.0	-5.5952380952380949	1	-1
0.41068410873413086	2	-0.13988095238095238	-5.399404761904762	-0.13988095238095238	-5.399404761904762	0	1	75	3.1058285412302489	5.9958718202307253	-1	-5.8941714587697511	4.9958718202307253	0.0	-5.5952380952380949	1	-1
0.42729616165161133	2	-0.13988095238095238	-5.399404761904762	-0.13988095238095238	-5.399404761904762	0	1	75	3.1058285412302489	5.9958718202307253	-1	-5.8941714587697511	4.9958718202307253	0.0	-5.5952380952380949	1	-1
0.4438750743865967	2	-0.13988095238095238	-5.371428571428571	-0.13988095238095238	-5.371428571428571	0	1	75	3.1058285412302489	5.9958718202307253	-1	-5.8941714587697511	4.9958718202307253	0.0	-5.5952380952380949	1	-1
0.46046996116638184	2	-0.055952380952380955	-5.3154761904761907	-0.055952380952380955	-5.3154761904761907	0	1	75	3.1058285412302489	5.9958718202307253	-1	-5.8941714587697511	4.9958718202307253	0.0	-5.5952380952380949	1	-1
0.4770200252532959	2	0.027976190476190477	-5.1755952380952381	0.027976190476190477	-5.1755952380952381	0	1	75	3.1058285412302489	5.9958718202307253	-1	-5.8941714587697511	4.9958718202307253	0.0	-5.5952380952380949	1	-1
0.49364519119262695	2	0.11190476190476191	-5.0636904761904766	0.11190476190476191	-5.0636904761904766	0	1	75	3.1058285412302489	5.9958718202307253	-1	-5.8941714587697511	4.9958718202307253	0.0	-5.5952380952380949	1	-1
0.5102550983428955	2	0.22380952380952382	-4.7839285714285715	0.22380952380952382	-4.7839285714285715	0	1	75	3.1058285412302489	5.9958718202307253	-1	-5.8941714587697511	4.9958718202307253	0.0	-5.5952380952380949	1	-1
0.5268051624298096	2	0.30773809523809526	-4.6160714285714288	0.30773809523809526	-4.6160714285714288	0	1	75	3.1058285412302489	5.9958718202307253	-1	-5.8941714587697511	4.9958718202307253	0.0	-5.5952380952380949	1	-1
0.5434219837188721	2	0.44761904761904764	-4.1964285714285712	0.44761904761904764	-4.1964285714285712	0	1	75	3.1058285412302489	5.9958718202307253	-1	-5.8941714587697511	4.9958718202307253	0.0	-5.5952380952380949	1	-1
0.5599801540374756	2	0.6154761904761905	-3.7208333333333332	0.61547619047619051	-3.7208333333333332	0	1	75	3.1058285412302489	5.9958718202307253	-1	-5.8941714587697511	4.9958718202307253	0.0	-5.5952380952380949	1	-1
0.5766270160675049	2	0.7553571428571428	-3.2452380952380953	0.75535714285714284	-3.2452380952380953	0	1	75	3.1058285412302489	5.9958718202307253	-1	-5.8941714587697511	4.9958718202307253	0.0	-5.5952380952380949	1	-1
0.5932250022888184	2	0.8392857142857143	-2.9934523809523808	0.8392857142857143	-2.9934523809523808	0	1	75	3.1058285412302489	5.9958718202307253	-1	-5.8941714587697511	4.9958718202307253	0.0	-5.5952380952380949	1	-1
0.609807014465332	2	0.9511904761904761	-2.5178571428571428	0.95119047619047614	-2.5178571428571428	0	2	75	3.1058285412302489	5.9958718202307253	-1	-5.8941714587697511	4.9958718202307253	0.0	-5.5952380952380949	1	-1
0.6266350746154785	2	1.0351190476190477	-2.2660714285714287	1.0351190476190477	-2.2660714285714287	0	2	75	3.1058285412302489	5.9958718202307253	-1	-5.8941714587697511	4.9958718202307253	0.0	-5.5952380952380949	1	-1
0.6432971954345703	2	1.119047619047619	-1.8184523809523809	1.1190476190476191	-1.8184523809523809	0	2	75	3.1058285412302489	5.9958718202307253	-1	-5.8941714587697511	4.9958718202307253	0.0	-5.5952380952380949	1	-1
0.6598460674285889	2	1.2029761904761904	-1.3148809523809524	1.2029761904761904	-1.3148809523809524	0	2	75	3.1058285412302489	5.9958718202307253	-1	-5.8941714587697511	4.9958718202307253	0.0	-5.5952380952380949	1	-1
0.6764509677886963	2	1.3148809523809524	-0.83928571428571441	1.3148809523809524	-0.8392857142857143	0	2	75	3.1058285412302489	5.9958718202307253	-1	-5.8941714587697511	4.9958718202307253	0.0	-5.5952380952380949	1	-1
0.6930279731750488	2	1.3708333333333333	-0.61547619047619051	1.3708333333333333	-0.61547619047619051	0	2	75	3.1058285412302489	5.9958718202307253	-1	-5.8941714587697511	4.9958718202307253	0.0	-5.5952380952380949	1	-1
0.7096500396728516	2	1.5386904761904763	-0.2238095238095239	1.5386904761904763	-0.22380952380952382	0	2	75	3.1058285412302489	5.9958718202307253	-1	-5.8941714587697511	4.9958718202307253	0.0	-5.5952380952380949	1	-1
0.7261190414428711	2	1.5946428571428573	-0.055952380952381198	1.5946428571428573	-0.055952380952380955	0	2	75	3.1058285412302489	5.9958718202307253	-1	-5.8941714587697511	4.9958718202307253	0.0	-5.5952380952380949	1	-1
0.7428700923919678	2	1.7625	0.33571428571428541	1.7625	0.33571428571428569	0	2	75	3.1058285412302489	5.9958718202307253	-1	-5.8941714587697511	4.9958718202307253	0.0	-5.5952380952380949	1	-1
0.7594151496887207	2	1.9303571428571429	0.75535714285714306	1.9303571428571429	0.75535714285714284	0	2	75	3.1058285412302489	5.9958718202307253	-1	-5.8941714587697511	4.9958718202307253	0.0	-5.5952380952380949	1	-1
0.7757401466369629	2	2.0982142857142856	1.2029761904761909	2.0982142857142856	1.2029761904761904	0	2	75	3.1058285412302489	5.9958718202307253	-1	-5.8941714587697511	4.9958718202307253	0.0	-5.5952380952380949	1	-1
0.7923200130462646	2	2.2101190476190475	1.3708333333333336	2.2101190476190475	1.3708333333333333	0	2	75	3.1058285412302489	5.9958718202307253	-1	-5.8941714587697511	4.9958718202307253	0.0	-5.5952380952380949	1	-1
0.8088979721069336	2	2.35	1.7345238095238091	2.3500000000000001	1.7345238095238096	0	2	75	3.1058285412302489	5.9958718202307253	-1	-5.8941714587697511	4.9958718202307253	0.0	-5.5952380952380949	1	-1
0.8255109786987305	2	2.4339285714285714	1.9303571428571429	2.4339285714285714	1.9303571428571429	0	2	75	3.1058285412302489	5.9958718202307253	-1	-5.8941714587697511	4.9958718202307253	0.0	-5.5952380952380949	1	-1
0.8421950340270996	2	2.573809523809524	2.3499999999999996	2.573809523809524	2.3500000000000001	0	2	75	3.1058285412302489	5.9958718202307253	-1	-5.8941714587697511	4.9958718202307253	0.0	-5.5952380952380949	1	-1
0.8587169647216797	2	2.7696428571428573	2.7976190476190474	2.7696428571428573	2.7976190476190474	0	2	75	3.1058285412302489	5.9958718202307253	-1	-5.8941714587697511	4.9958718202307253	0.0	-5.5952380952380949	1	-1
0.8753070831298828	2	2.8535714285714286	2.9934523809523803	2.8535714285714286	2.9934523809523808	0	2	75	3.1058285412302489	5.9958718202307253	-1	-5.8941714587697511	4.9958718202307253	0.0	-5.5952380952380949	1	-1
0.8918461799621582	2	3.0214285714285714	3.3571428571428577	3.0214285714285714	3.3571428571428572	0	2	75	3.1058285412302489	5.9958718202307253	-1	-5.8941714587697511	4.9958718202307253	0.0	-5.5952380952380949	1	-1
0.9085080623626709	2	3.161309523809524	3.6928571428571431	3.1613095238095239	3.6928571428571431	0	2	75	3.1058285412302489	5.9958718202307253	-1	-5.8941714587697511	4.9958718202307253	0.0	-5.5952380952380949	1	-1
0.92507004737854	2	3.2172619047619047	3.8607142857142858	3.2172619047619047	3.8607142857142858	0	2	75	3.1058285412302489	5.9958718202307253	-1	-5.8941714587697511	4.9958718202307253	0.0	-5.5952380952380949	1	-1
0.9417431354522705	2	3.357142857142857	4.2244047619047613	3.3571428571428572	4.2244047619047622	0	2	75	3.1058285412302489	5.9958718202307253	-1	-5.8941714587697511	4.9958718202307253	0.0	-5.5952380952380949	1	-1
0.9582841396331787	2	3.469047619047619	4.5880952380952387	3.4690476190476192	4.5880952380952378	0	2	75	3.1058285412302489	5.9958718202307253	-1	-5.8941714587697511	4.9958718202307253	0.0	-5.5952380952380949	1	-1
0.9748990535736084	2	3.4970238095238093	4.7279761904761912	3.4970238095238093	4.7279761904761903	0	2	75	3.1058285412302489	5.9958718202307253	-1	-5.8941714587697511	4.9958718202307253	0.0	-5.5952380952380949	1	-1
0.9914431571960449	2	3.5529761904761905	5.0077380952380963	3.5529761904761905	5.0077380952380954	0	2	75	3.1058285412302489	5.9958718202307253	-1	-5.8941714587697511	4.9958718202307253	0.0	-5.5952380952380949	1	-1
1.0080201625823975	2	3.580952380952381	5.2035714285714292	3.5809523809523811	5.2035714285714283	0	2	75	3.1058285412302489	5.9958718202307253	-1	-5.8941714587697511	4.9958718202307253	0.0	-5.5952380952380949	1	-1
1.0246350765228271	2	3.580952380952381	5.2874999999999996	3.5809523809523811	5.2874999999999996	0	2	75	3.1058285412302489	5.9958718202307253	-1	-5.8941714587697511	4.9958718202307253	0.0	-5.5952380952380949	1	-1
1.0413269996643066	2	3.580952380952381	5.4273809523809522	3.5809523809523811	5.4273809523809522	0	2	75	3.1058285412302489	5.9958718202307253	-1	-5.8941714587697511	4.9958718202307253	0.0	-5.5952380952380949	1	-1
1.0578360557556152	2	3.5529761904761905	5.5392857142857146	3.5529761904761905	5.5392857142857146	0	2	75	3.1058285412302489	5.9958718202307253	-1	-5.8941714587697511	4.9958718202307253	0.0	-5.5952380952380949	1	-1
1.0744290351867676	2	3.5529761904761905	5.5952380952380949	3.5529761904761905	5.5952380952380949	0	2	75	3.1058285412302489	5.9958718202307253	-1	-5.8941714587697511	4.9958718202307253	0.0	-5.5952380952380949	1	-1
1.0910351276397705	2	3.525	5.6511904761904752	3.5249999999999999	5.6511904761904761	0	2	75	3.1058285412302489	5.9958718202307253	-1	-5.8941714587697511	4.9958718202307253	0.0	-5.5952380952380949	1	-1
1.1076571941375732	2	3.525	5.6791666666666671	3.5249999999999999	5.6791666666666663	0	2	75	3.1058285412302489	5.9958718202307253	-1	-5.8941714587697511	4.9958718202307253	0.0	-5.5952380952380949	1	-1
1.12422513961792	2	3.525	5.7071428571428573	3.5249999999999999	5.7071428571428573	0	2	75	3.1058285412302489	5.9958718202307253	-1	-5.8941714587697511	4.9958718202307253	0.0	-5.5952380952380949	1	-1
1.1409859657287598	2	3.525	5.7071428571428573	3.5249999999999999	5.7071428571428573	0	2	75	3.1058285412302489	5.9958718202307253	-1	-5.8941714587697511	4.9958718202307253	0.0	-5.5952380952380949	1	-1
1.1574311256408691	2	3.525	5.7071428571428573	3.5249999999999999	5.7071428571428573	0	2	75	3.1058285412302489	5.9958718202307253	-1	-5.8941714587697511	4.9958718202307253	0.0	-5.5952380952380949	1	-1
1.1740531921386719	2	3.525	5.7071428571428573	3.5249999999999999	5.7071428571428573	0	2	75	3.1058285412302489	5.9958718202307253	-1	-5.8941714587697511	4.9958718202307253	0.0	-5.5952380952380949	1	-1
1.190622091293335	2	3.525	5.7071428571428573	3.5249999999999999	5.7071428571428573	0	2	75	3.1058285412302489	5.9958718202307253	-1	-5.8941714587697511	4.9958718202307253	0.0	-5.5952380952380949	1	-1
1.2071809768676758	2	3.525	5.7071428571428573	3.5249999999999999	5.7071428571428573	0	2	75	3.1058285412302489	5.9958718202307253	-1	-5.8941714587697511	4.9958718202307253	0.0	-5.5952380952380949	1	-1
1.2237579822540283	2	3.525	5.7071428571428573	3.5249999999999999	5.7071428571428573	0	2	75	3.1058285412302489	5.9958718202307253	-1	-5.8941714587697511	4.9958718202307253	0.0	-5.5952380952380949	1	-1
1.240468978881836	2	3.525	5.7071428571428573	3.5249999999999999	5.7071428571428573	0	2	75	3.1058285412302489	5.9958718202307253	-1	-5.8941714587697511	4.9958718202307253	0.0	-5.5952380952380949	1	-1
1.2569811344146729	2	3.525	5.7071428571428573	3.5249999999999999	5.7071428571428573	0	2	75	3.1058285412302489	5.9958718202307253	-1	-5.8941714587697511	4.9958718202307253	0.0	-5.5952380952380949	1	-1
1.2738330364227295	2	3.525	5.7071428571428573	3.5249999999999999	5.7071428571428573	0	2	75	3.1058285412302489	5.9958718202307253	-1	-5.8941714587697511	4.9958718202307253	0.0	-5.5952380952380949	1	-1
1.2904350757598877	2	3.525	5.7071428571428573	3.5249999999999999	5.7071428571428573	0	2	75	3.1058285412302489	5.9958718202307253	-1	-5.8941714587697511	4.9958718202307253	0.0	-5.5952380952380949	1	-1
1.307070016860962	2	3.525	5.7071428571428573	3.5249999999999999	5.7071428571428573	0	2	75	3.1058285412302489	5.9958718202307253	-1	-5.8941714587697511	4.9958718202307253	0.0	-5.5952380952380949	1	-1
1.3236260414123535	2	3.525	5.7071428571428573	3.5249999999999999	5.7071428571428573	0	2	75	3.1058285412302489	5.9958718202307253	-1	-5.8941714587697511	4.9958718202307253	0.0	-5.5952380952380949	1	-1
1.3402321338653564	2	3.525	5.7071428571428573	3.5249999999999999	5.7071428571428573	0	2	75	3.1058285412302489	5.9958718202307253	-1	-5.8941714587697511	4.9958718202307253	0.0	-5.5952380952380949	1	-1
1.3568801879882812	2	3.4970238095238093	5.7351190476190474	3.4970238095238093	5.7351190476190474	0	2	75	3.1058285412302489	5.9958718202307253	-1	-5.8941714587697511	4.9958718202307253	0.0	-5.5952380952380949	1	-1
1.3734750747680664	2	3.4970238095238093	5.7351190476190474	3.4970238095238093	5.7351190476190474	0	2	75	3.1058285412302489	5.9958718202307253	-1	-5.8941714587697511	4.9958718202307253	0.0	-5.5952380952380949	1	-1
1.3900060653686523	2	3.525	5.7351190476190474	3.5249999999999999	5.7351190476190474	0	2	75	3.1058285412302489	5.9958718202307253	-1	-5.8941714587697511	4.9958718202307253	0.0	-5.5952380952380949	1	-1
1.4065911769866943	2	3.525	5.7351190476190474	3.5249999999999999	5.7351190476190474	0	2	75	3.1058285412302489	5.9958718202307253	-1	-5.8941714587697511	4.9958718202307253	0.0	-5.5952380952380949	1	-1
1.4231681823730469	2	3.525	5.7351190476190474	3.5249999999999999	5.7351190476190474	0	2	75	3.1058285412302489	5.9958718202307253	-1	-5.8941714587697511	4.9958718202307253	0.0	-5.5952380952380949	1	-1
1.4395229816436768	2	3.525	5.7351190476190474	3.5249999999999999	5.7351190476190474	0	2	75	3.1058285412302489	5.9958718202307253	-1	-5.8941714587697511	4.9958718202307253	0.0	-5.5952380952380949	1	-1
1.4561631679534912	2	3.525	5.7351190476190474	3.5249999999999999	5.7351190476190474	0	2	75	3.1058285412302489	5.9958718202307253	-1	-5.8941714587697511	4.9958718202307253	0.0	-5.5952380952380949	1	-1
1.4727110862731934	2	3.525	5.7351190476190474	3.5249999999999999	5.7351190476190474	0	2	75	3.1058285412302489	5.9958718202307253	-1	-5.8941714587697511	4.9958718202307253	0.0	-5.5952380952380949	1	-1
1.4892890453338623	2	3.4970238095238093	5.7071428571428573	3.4970238095238093	5.7071428571428573	0	2	75	3.1058285412302489	5.9958718202307253	-1	-5.8941714587697511	4.9958718202307253	0.0	-5.5952380952380949	1	-1
1.5059089660644531	2	3.4970238095238093	5.7071428571428573	3.4970238095238093	5.7071428571428573	0	2	75	3.1058285412302489	5.9958718202307253	-1	-5.8941714587697511	4.9958718202307253	0.0	-5.5952380952380949	1	-1
1.5224940776824951	2	3.4970238095238093	5.7071428571428573	3.4970238095238093	5.7071428571428573	0	2	75	3.1058285412302489	5.9958718202307253	-1	-5.8941714587697511	4.9958718202307253	0.0	-5.5952380952380949	1	-1
1.5390620231628418	2	3.4970238095238093	5.7071428571428573	3.4970238095238093	5.7071428571428573	0	2	75	3.1058285412302489	5.9958718202307253	-1	-5.8941714587697511	4.9958718202307253	0.0	-5.5952380952380949	1	-1
1.5557050704956055	2	3.4970238095238093	5.7071428571428573	3.4970238095238093	5.7071428571428573	0	2	75	3.1058285412302489	5.9958718202307253	-1	-5.8941714587697511	4.9958718202307253	0.0	-5.5952380952380949	1	-1
1.572303056716919	2	3.4970238095238093	5.7071428571428573	3.4970238095238093	5.7071428571428573	0	2	75	3.1058285412302489	5.9958718202307253	-1	-5.8941714587697511	4.9958718202307253	0.0	-5.5952380952380949	1	-1
1.589142084121704	2	3.4970238095238093	5.7071428571428573	3.4970238095238093	5.7071428571428573	0	2	75	3.1058285412302489	5.9958718202307253	-1	-5.8941714587697511	4.9958718202307253	0.0	-5.5952380952380949	1	-1
1.6057209968566895	2	3.4970238095238093	5.7071428571428573	3.4970238095238093	5.7071428571428573	0	2	75	3.1058285412302489	5.9958718202307253	-1	-5.8941714587697511	4.9958718202307253	0.0	-5.5952380952380949	1	-1
1.6223130226135254	2	3.4970238095238093	5.7071428571428573	3.4970238095238093	5.7071428571428573	0	2	75	3.1058285412302489	5.9958718202307253	-1	-5.8941714587697511	4.9958718202307253	0.0	-5.5952380952380949	1	-1
1.6389281749725342	2	3.4970238095238093	5.7071428571428573	3.4970238095238093	5.7071428571428573	0	2	75	3.1058285412302489	5.9958718202307253	-1	-5.8941714587697511	4.9958718202307253	0.0	-5.5952380952380949	1	-1
1.6555640697479248	2	3.4970238095238093	5.7071428571428573	3.4970238095238093	5.7071428571428573	0	2	75	3.1058285412302489	5.9958718202307253	-1	-5.8941714587697511	4.9958718202307253	0.0	-5.5952380952380949	1	-1
1.6720471382141113	2	3.4970238095238093	5.7071428571428573	3.4970238095238093	5.7071428571428573	0	2	75	3.1058285412302489	5.9958718202307253	-1	-5.8941714587697511	4.9958718202307253	0.0	-5.5952380952380949	1	-1
1.6886680126190186	2	3.4970238095238093	5.7071428571428573	3.4970238095238093	5.7071428571428573	0	2	75	3.1058285412302489	5.9958718202307253	-1	-5.8941714587697511	4.9958718202307253	0.0	-5.5952380952380949	1	-1
1.7053160667419434	2	3.4970238095238093	5.7071428571428573	3.4970238095238093	5.7071428571428573	0	2	75	3.1058285412302489	5.9958718202307253	-1	-5.8941714587697511	4.9958718202307253	0.0	-5.5952380952380949	1	-1
1.721879005432129	2	3.4970238095238093	5.7071428571428573	3.4970238095238093	5.7071428571428573	0	2	75	3.1058285412302489	5.9958718202307253	-1	-5.8941714587697511	4.9958718202307253	0.0	-5.5952380952380949	1	-1
1.7384681701660156	2	3.4970238095238093	5.7071428571428573	3.4970238095238093	5.7071428571428573	0	2	75	3.1058285412302489	5.9958718202307253	-1	-5.8941714587697511	4.9958718202307253	0.0	-5.5952380952380949	1	-1
1.7548401355743408	2	3.4970238095238093	5.7071428571428573	3.4970238095238093	5.7071428571428573	0	2	75	3.1058285412302489	5.9958718202307253	-1	-5.8941714587697511	4.9958718202307253	0.0	-5.5952380952380949	1	-1
1.771409034729004	2	3.4970238095238093	5.7071428571428573	3.4970238095238093	5.7071428571428573	0	2	75	3.1058285412302489	5.9958718202307253	-1	-5.8941714587697511	4.9958718202307253	0.0	-5.5952380952380949	1	-1
1.7879509925842285	2	3.4970238095238093	5.7071428571428573	3.4970238095238093	5.7071428571428573	0	2	75	3.1058285412302489	5.9958718202307253	-1	-5.8941714587697511	4.9958718202307253	0.0	-5.5952380952380949	1	-1
1.8045780658721924	2	3.4970238095238093	5.7071428571428573	3.4970238095238093	5.7071428571428573	0	2	75	3.1058285412302489	5.9958718202307253	-1	-5.8941714587697511	4.9958718202307253	0.0	-5.5952380952380949	1	-1
1.8211581707000732	2	3.4970238095238093	5.7071428571428573	3.4970238095238093	5.7071428571428573	0	2	75	3.1058285412302489	5.9958718202307253	-1	-5.8941714587697511	4.9958718202307253	0.0	-5.5952380952380949	1	-1
1.8377671241760254	2	3.4970238095238093	5.7071428571428573	3.4970238095238093	5.7071428571428573	0	2	75	3.1058285412302489	5.9958718202307253	-1	-5.8941714587697511	4.9958718202307253	0.0	-5.5952380952380949	1	-1
1.8543939590454102	2	3.4970238095238093	5.7071428571428573	3.4970238095238093	5.7071428571428573	0	2	75	3.1058285412302489	5.9958718202307253	-1	-5.8941714587697511	4.9958718202307253	0.0	-5.5952380952380949	1	-1
1.8709571361541748	2	3.4970238095238093	5.7071428571428573	3.4970238095238093	5.7071428571428573	0	2	75	3.1058285412302489	5.9958718202307253	-1	-5.8941714587697511	4.9958718202307253	0.0	-5.5952380952380949	1	-1
1.8875360488891602	2	3.4970238095238093	5.7071428571428573	3.4970238095238093	5.7071428571428573	0	2	75	3.1058285412302489	5.9958718202307253	-1	-5.8941714587697511	4.9958718202307253	0.0	-5.5952380952380949	1	-1
1.904283046722412	2	3.4970238095238093	5.7071428571428573	3.4970238095238093	5.7071428571428573	0	2	75	3.1058285412302489	5.9958718202307253	-1	-5.8941714587697511	4.9958718202307253	0.0	-5.5952380952380949	1	-1
1.9210071563720703	2	3.4970238095238093	5.7071428571428573	3.4970238095238093	5.7071428571428573	0	2	75	3.1058285412302489	5.9958718202307253	-1	-5.8941714587697511	4.9958718202307253	0.0	-5.5952380952380949	1	-1
1.9376170635223389	2	3.4970238095238093	5.7071428571428573	3.4970238095238093	5.7071428571428573	0	2	75	3.1058285412302489	5.9958718202307253	-1	-5.8941714587697511	4.9958718202307253	0.0	-5.5952380952380949	1	-1
1.954287052154541	2	3.4970238095238093	5.7071428571428573	3.4970238095238093	5.7071428571428573	0	2	75	3.1058285412302489	5.9958718202307253	-1	-5.8941714587697511	4.9958718202307253	0.0	-5.5952380952380949	1	-1
1.9707670211791992	2	3.4970238095238093	5.7071428571428573	3.4970238095238093	5.7071428571428573	0	2	75	3.1058285412302489	5.9958718202307253	-1	-5.8941714587697511	4.9958718202307253	0.0	-5.5952380952380949	1	-1
1.987389087677002	2	3.4970238095238093	5.7071428571428573	3.4970238095238093	5.7071428571428573	0	2	75	3.1058285412302489	5.9958718202307253	-1	-5.8941714587697511	4.9958718202307253	0.0	-5.5952380952380949	1	-1
2.003972053527832	2	3.4970238095238093	5.7071428571428573	3.4970238095238093	5.7071428571428573	0	2	75	3.1058285412302489	5.9958718202307253	-1	-5.8941714587697511	4.9958718202307253	0.0	-5.5952380952380949	1	-1
2.0205559730529785	2	3.4970238095238093	5.7071428571428573	3.4970238095238093	5.7071428571428573	0	2	75	3.1058285412302489	5.9958718202307253	-1	-5.8941714587697511	4.9958718202307253	0.0	-5.5952380952380949	1	-1
2.0372090339660645	2	3.4970238095238093	5.7071428571428573	3.4970238095238093	5.7071428571428573	0	3	75	3.1058285412302489	5.9958718202307253	-1	-5.8941714587697511	4.9958718202307253	0.0	-5.5952380952380949	1	-1
2.053755044937134	2	3.4970238095238093	5.7071428571428573	3.4970238095238093	5.7071428571428573	0	4	75	3.1058285412302489	5.9958718202307253	-1	-5.8941714587697511	4.9958718202307253	0.0	-5.5952380952380949	1	-1
2.0703651905059814	2	3.4970238095238093	5.7071428571428573	3.4970238095238093	5.7071428571428573	0	4	75	3.1058285412302489	5.9958718202307253	-1	-5.8941714587697511	4.9958718202307253	0.0	-5.5952380952380949	1	-1
2.086688995361328	2	3.4970238095238093	5.7071428571428573	3.4970238095238093	5.7071428571428573	0	4	75	3.1058285412302489	5.9958718202307253	-1	-5.8941714587697511	4.9958718202307253	0.0	-5.5952380952380949	1	-1
2.1033051013946533	2	3.4970238095238093	5.7071428571428573	3.4970238095238093	5.7351190476190474	0	4	75	3.1058285412302489	5.9958718202307253	-1	-5.8941714587697511	4.9958718202307253	0.0	-5.5952380952380949	1	-1
2.119817018508911	2	3.4970238095238093	5.7071428571428573	3.4970238095238093	5.7351190476190474	0	4	75	3.1058285412302489	5.9958718202307253	-1	-5.8941714587697511	4.9958718202307253	0.0	-5.5952380952380949	1	-1
2.1364519596099854	2	3.4970238095238093	5.7071428571428573	3.4970238095238093	5.7351190476190474	0	4	75	3.1058285412302489	5.9958718202307253	-1	-5.8941714587697511	4.9958718202307253	0.0	-5.5952380952380949	1	-1
2.15303897857666	2	3.4970238095238093	5.7071428571428573	3.4970238095238093	5.7351190476190474	0	4	75	3.1058285412302489	5.9958718202307253	-1	-5.8941714587697511	4.9958718202307253	0.0	-5.5952380952380949	1	-1
2.1696419715881348	2	3.4970238095238093	5.7071428571428573	3.4970238095238093	5.7351190476190474	0	4	75	3.1058285412302489	5.9958718202307253	-1	-5.8941714587697511	4.9958718202307253	0.0	-5.5952380952380949	1	-1
2.186246156692505	2	3.4970238095238093	5.7071428571428573	3.4970238095238093	5.7351190476190474	0	4	75	3.1058285412302489	5.9958718202307253	-1	-5.8941714587697511	4.9958718202307253	0.0	-5.5952380952380949	1	-1
2.202829122543335	2	3.4970238095238093	5.7071428571428573	3.4970238095238093	5.7351190476190474	0	4	75	3.1058285412302489	5.9958718202307253	-1	-5.8941714587697511	4.9958718202307253	0.0	-5.5952380952380949	1	-1
2.219381093978882	2	3.4970238095238093	5.7071428571428573	3.4970238095238093	5.7351190476190474	0	4	75	3.1058285412302489	5.9958718202307253	-1	-5.8941714587697511	4.9958718202307253	0.0	-5.5952380952380949	1	-1
2.2363100051879883	2	3.4970238095238093	5.7071428571428573	3.4970238095238093	5.7351190476190474	0	4	75	3.1058285412302489	5.9958718202307253	-1	-5.8941714587697511	4.9958718202307253	0.0	-5.5952380952380949	1	-1
2.25291109085083	2	3.4970238095238093	5.7071428571428573	3.4970238095238093	5.7351190476190474	0	4	75	3.1058285412302489	5.9958718202307253	-1	-5.8941714587697511	4.9958718202307253	0.0	-5.5952380952380949	1	-1
2.269512176513672	2	3.4970238095238093	5.7071428571428573	3.4970238095238093	5.7351190476190474	0	4	75	3.1058285412302489	5.9958718202307253	-1	-5.8941714587697511	4.9958718202307253	0.0	-5.5952380952380949	1	-1
2.286134958267212	2	3.4970238095238093	5.7071428571428573	3.4970238095238093	5.7351190476190474	0	4	75	3.1058285412302489	5.9958718202307253	-1	-5.8941714587697511	4.9958718202307253	0.0	-5.5952380952380949	1	-1
2.302699089050293	2	3.4970238095238093	5.7071428571428573	3.4970238095238093	5.7351190476190474	0	4	75	3.1058285412302489	5.9958718202307253	-1	-5.8941714587697511	4.9958718202307253	0.0	-5.5952380952380949	1	-1
2.3192331790924072	2	3.4970238095238093	5.7071428571428573	3.4970238095238093	5.7351190476190474	0	4	75	3.1058285412302489	5.9958718202307253	-1	-5.8941714587697511	4.9958718202307253	0.0	-5.5952380952380949	1	-1
2.3358089923858643	2	3.4970238095238093	5.7071428571428573	3.4970238095238093	5.7351190476190474	0	4	75	3.1058285412302489	5.9958718202307253	-1	-5.8941714587697511	4.9958718202307253	0.0	-5.5952380952380949	1	-1
2.352447032928467	2	3.4690476190476192	5.7071428571428573	3.4690476190476192	5.7351190476190474	0	4	75	3.1058285412302489	5.9958718202307253	-1	-5.8941714587697511	4.9958718202307253	0.0	-5.5952380952380949	1	-1
2.3690881729125977	2	3.3851190476190478	5.7071428571428573	3.3851190476190478	5.7630952380952385	0	4	75	3.1058285412302489	5.9958718202307253	-1	-5.8941714587697511	4.9958718202307253	0.0	-5.5952380952380949	1	-1
2.3856401443481445	2	3.2732142857142859	5.7071428571428573	3.2732142857142859	5.7630952380952385	0	4	75	3.1058285412302489	5.9958718202307253	-1	-5.8941714587697511	4.9958718202307253	0.0	-5.5952380952380949	1	-1
2.401952028274536	2	3.0214285714285714	5.7071428571428573	3.0214285714285714	5.7630952380952385	0	4	75	3.1058285412302489	5.9958718202307253	-1	-5.8941714587697511	4.9958718202307253	0.0	-5.5952380952380949	1	-1
2.418513059616089	2	2.7976190476190474	5.7071428571428573	2.7976190476190474	5.7351190476190474	0	4	75	3.1058285412302489	5.9958718202307253	-1	-5.8941714587697511	4.9958718202307253	0.0	-5.5952380952380949	1	-1
2.43516206741333	2	2.2940476190476189	5.7071428571428573	2.2940476190476189	5.6791666666666663	0	4	75	3.1058285412302489	5.9958718202307253	-1	-5.8941714587697511	4.9958718202307253	0.0	-5.5952380952380949	1	-1
2.451719045639038	2	1.5946428571428573	5.7071428571428573	1.5946428571428573	5.5672619047619047	0	4	75	3.1058285412302489	5.9958718202307253	-1	-5.8941714587697511	4.9958718202307253	0.0	-5.5952380952380949	1	-1
2.4684271812438965	2	0.75535714285714284	5.7071428571428573	0.75535714285714284	5.4553571428571432	0	4	75	3.1058285412302489	5.9958718202307253	-1	-5.8941714587697511	4.9958718202307253	0.0	-5.5952380952380949	1	-1
2.4849390983581543	2	0.30773809523809526	5.7071428571428573	0.30773809523809526	5.371428571428571	0	4	75	3.1058285412302489	5.9958718202307253	-1	-5.8941714587697511	4.9958718202307253	0.0	-5.5952380952380949	1	-1
2.501518964767456	2	-0.72738095238095246	5.7071428571428573	-0.72738095238095235	5.1755952380952381	0	4	75	3.1058285412302489	5.9958718202307253	-1	-5.8941714587697511	4.9958718202307253	0.0	-5.5952380952380949	1	-1
2.5180749893188477	2	-1.2869047619047622	5.7071428571428573	-1.286904761904762	5.0636904761904766	0	4	75	3.1058285412302489	5.9958718202307253	-1	-5.8941714587697511	4.9958718202307253	0.0	-5.5952380952380949	1	-1
2.5346879959106445	2	-2.461904761904762	5.7071428571428573	-2.461904761904762	4.8678571428571429	0	4	75	3.1058285412302489	5.9958718202307253	-1	-5.8941714587697511	4.9958718202307253	0.0	-5.5952380952380949	1	-1
2.551414966583252	2	-3.1053571428571427	5.7071428571428573	-3.1053571428571427	4.7279761904761903	0	4	75	3.1058285412302489	5.9958718202307253	-1	-5.8941714587697511	4.9958718202307253	0.0	-5.5952380952380949	1	-1
2.5682361125946045	2	-4.3922619047619049	5.7071428571428573	-4.3922619047619049	4.4761904761904763	0	4	75	3.1058285412302489	5.9958718202307253	-1	-5.8941714587697511	4.9958718202307253	0.0	-5.5952380952380949	1	-1
2.5847790241241455	2	-5.7351190476190474	5.7071428571428573	-5.7351190476190474	4.1964285714285712	0	4	75	3.1058285412302489	5.9958718202307253	-1	-5.8941714587697511	4.9958718202307253	0.0	-5.5952380952380949	1	-1
2.601353168487549	2	-7.133928571428571	3.8607142857142858	-7.1339285714285712	3.8607142857142858	0	4	75	3.1058285412302489	5.9958718202307253	-1	-5.8941714587697511	4.9958718202307253	0.0	-5.5952380952380949	1	-1
2.617967128753662	2	-7.833333333333333	3.6648809523809529	-7.833333333333333	3.6648809523809525	0	4	75	3.1058285412302489	5.9958718202307253	-1	-5.8941714587697511	4.9958718202307253	0.0	-5.5952380952380949	1	-1
2.6345911026000977	2	-9.232142857142858	3.2452380952380953	-9.2321428571428577	3.2452380952380953	0	4	75	3.1058285412302489	5.9958718202307253	-1	-5.8941714587697511	4.9958718202307253	0.0	-5.5952380952380949	1	-1
2.651102066040039	2	-9.959523809523809	3.0214285714285722	-9.9595238095238088	3.0214285714285714	0	4	75	3.1058285412302489	5.9958718202307253	-1	-5.8941714587697511	4.9958718202307253	0.0	-5.5952380952380949	1	-1
2.6677629947662354	2	-11.330357142857142	2.5178571428571423	-11.330357142857142	2.5178571428571428	0	5	75	3.1058285412302489	5.9958718202307253	-1	-5.8941714587697511	4.9958718202307253	0.0	-5.5952380952380949	1	-1
2.684345006942749	2	-12.617261904761905	2.0422619047619044	-12.617261904761905	2.0422619047619048	0	5	75	3.1058285412302489	5.9958718202307253	-1	-5.8941714587697511	4.9958718202307253	0.0	-5.5952380952380949	1	-1
2.7009730339050293	2	-13.736309523809524	1.6505952380952378	-13.736309523809524	1.650595238095238	0	5	75	3.1058285412302489	5.9958718202307253	-1	-5.8941714587697511	4.9958718202307253	0.0	-5.5952380952380949	1	-1
2.7173011302948	2	-14.183928571428572	1.4827380952380951	-14.183928571428572	1.4827380952380953	0	5	75	3.1058285412302489	5.9958718202307253	-1	-5.8941714587697511	4.9958718202307253	0.0	-5.5952380952380949	1	-1
2.7338461875915527	2	-14.911309523809523	1.230952380952381	-14.911309523809523	1.230952380952381	0	5	75	3.1058285412302489	5.9958718202307253	-1	-5.8941714587697511	4.9958718202307253	0.0	-5.5952380952380949	1	-1
2.7504310607910156	2	-15.163095238095238	1.1749999999999998	-15.163095238095238	1.175	0	5	75	3.1058285412302489	5.9958718202307253	-1	-5.8941714587697511	4.9958718202307253	0.0	-5.5952380952380949	1	-1
2.7670681476593018	2	-15.526785714285714	1.0630952380952383	-15.526785714285714	1.0630952380952381	0	5	75	3.1058285412302489	5.9958718202307253	-1	-5.8941714587697511	4.9958718202307253	0.0	-5.5952380952380949	1	-1
2.7836170196533203	2	-15.666666666666666	1.0351190476190482	-15.666666666666666	1.0351190476190477	0	5	75	3.1058285412302489	5.9958718202307253	-1	-5.8941714587697511	4.9958718202307253	0.0	-5.5952380952380949	1	-1
2.800227165222168	2	-15.666666666666666	1.0351190476190482	-15.666666666666666	1.0351190476190477	0	5	75	3.1058285412302489	5.9958718202307253	-1	-5.8941714587697511	4.9958718202307253	0.0	-5.5952380952380949	1	-1
2.8168129920959473	2	-15.610714285714286	1.0630952380952383	-15.610714285714286	1.0630952380952381	0	5	75	3.1058285412302489	5.9958718202307253	-1	-5.8941714587697511	4.9958718202307253	0.0	-5.5952380952380949	1	-1
2.833428144454956	2	-15.442857142857143	1.1190476190476186	-15.442857142857143	1.1190476190476191	0	5	75	3.1058285412302489	5.9958718202307253	-1	-5.8941714587697511	4.9958718202307253	0.0	-5.5952380952380949	1	-1
2.849968194961548	2	-15.30297619047619	1.1470238095238097	-15.302976190476191	1.1470238095238094	0	5	75	3.1058285412302489	5.9958718202307253	-1	-5.8941714587697511	4.9958718202307253	0.0	-5.5952380952380949	1	-1
2.8666021823883057	2	-14.939285714285715	1.230952380952381	-14.939285714285715	1.230952380952381	0	5	75	3.1058285412302489	5.9958718202307253	-1	-5.8941714587697511	4.9958718202307253	0.0	-5.5952380952380949	1	-1
2.8832061290740967	2	-14.491666666666667	1.2589285714285712	-14.491666666666667	1.2589285714285714	0	5	75	3.1058285412302489	5.9958718202307253	-1	-5.8941714587697511	4.9958718202307253	0.0	-5.5952380952380949	1	-1
2.8997931480407715	2	-13.988095238095237	1.2589285714285712	-13.988095238095237	1.2589285714285714	0	5	75	3.1058285412302489	5.9958718202307253	-1	-5.8941714587697511	4.9958718202307253	0.0	-5.5952380952380949	1	-1
2.9164230823516846	2	-13.708333333333334	1.230952380952381	-13.708333333333334	1.230952380952381	0	5	75	3.1058285412302489	5.9958718202307253	-1	-5.8941714587697511	4.9958718202307253	0.0	-5.5952380952380949	1	-1
2.9329371452331543	2	-13.036904761904761	1.1190476190476186	-13.036904761904761	1.1190476190476191	0	5	75	3.1058285412302489	5.9958718202307253	-1	-5.8941714587697511	4.9958718202307253	0.0	-5.5952380952380949	1	-1
2.949510097503662	2	-12.673214285714286	1.0351190476190482	-12.673214285714286	1.0351190476190477	0	5	75	3.1058285412302489	5.9958718202307253	-1	-5.8941714587697511	4.9958718202307253	0.0	-5.5952380952380949	1	-1
2.9661831855773926	2	-11.75	0.75535714285714306	-11.75	0.75535714285714284	0	5	75	3.1058285412302489	5.9958718202307253	-1	-5.8941714587697511	4.9958718202307253	0.0	-5.5952380952380949	1	-1
2.982774019241333	2	-10.714880952380952	0.39166666666666661	-10.714880952380952	0.39166666666666666	0	5	75	3.1058285412302489	5.9958718202307253	-1	-5.8941714587697511	4.9958718202307253	0.0	-5.5952380952380949	1	-1
2.999305009841919	2	-10.211309523809524	0.19583333333333375	-10.211309523809524	0.19583333333333333	0	5	75	3.1058285412302489	5.9958718202307253	-1	-5.8941714587697511	4.9958718202307253	0.0	-5.5952380952380949	1	-1
3.015886068344116	2	-9.148214285714285	-0.19583333333333375	-9.1482142857142854	-0.19583333333333333	0	5	75	3.1058285412302489	5.9958718202307253	-1	-5.8941714587697511	4.9958718202307253	0.0	-5.5952380952380949	1	-1
3.032525062561035	2	-8.16904761904762	-0.58750000000000036	-8.1690476190476193	-0.58750000000000002	0	5	75	3.1058285412302489	5.9958718202307253	-1	-5.8941714587697511	4.9958718202307253	0.0	-5.5952380952380949	1	-1
3.0491089820861816	2	-7.693452380952381	-0.78333333333333321	-7.6934523809523814	-0.78333333333333333	0	5	75	3.1058285412302489	5.9958718202307253	-1	-5.8941714587697511	4.9958718202307253	0.0	-5.5952380952380949	1	-1
3.0657460689544678	2	-6.798214285714286	-1.1749999999999998	-6.7982142857142858	-1.175	0	5	75	3.1058285412302489	5.9958718202307253	-1	-5.8941714587697511	4.9958718202307253	0.0	-5.5952380952380949	1	-1
3.0823440551757812	2	-5.958928571428571	-1.5386904761904763	-5.9589285714285714	-1.5386904761904763	0	5	75	3.1058285412302489	5.9958718202307253	-1	-5.8941714587697511	4.9958718202307253	0.0	-5.5952380952380949	1	-1
3.0989601612091064	2	-5.567261904761905	-1.7345238095238096	-5.5672619047619047	-1.7345238095238096	0	5	75	3.1058285412302489	5.9958718202307253	-1	-5.8941714587697511	4.9958718202307253	0.0	-5.5952380952380949	1	-1
3.115507125854492	2	-4.7839285714285715	-2.0982142857142856	-4.7839285714285715	-2.0982142857142856	0	5	75	3.1058285412302489	5.9958718202307253	-1	-5.8941714587697511	4.9958718202307253	0.0	-5.5952380952380949	1	-1
3.132059097290039	2	-4.056547619047619	-2.4339285714285714	-4.0565476190476186	-2.4339285714285714	0	5	75	3.1058285412302489	5.9958718202307253	-1	-5.8941714587697511	4.9958718202307253	0.0	-5.5952380952380949	1	-1
3.1486830711364746	2	-3.692857142857143	-2.6297619047619047	-3.6928571428571431	-2.6297619047619047	0	5	75	3.1058285412302489	5.9958718202307253	-1	-5.8941714587697511	4.9958718202307253	0.0	-5.5952380952380949	1	-1
3.1653120517730713	2	-3.049404761904762	-2.9375	-3.049404761904762	-2.9375	0	5	75	3.1058285412302489	5.9958718202307253	-1	-5.8941714587697511	4.9958718202307253	0.0	-5.5952380952380949	1	-1
3.1818931102752686	2	-2.461904761904762	-3.2452380952380953	-2.461904761904762	-3.2452380952380953	0	5	75	3.1058285412302489	5.9958718202307253	-1	-5.8941714587697511	4.9958718202307253	0.0	-5.5952380952380949	1	-1
3.1984870433807373	2	-2.2101190476190475	-3.3851190476190478	-2.2101190476190475	-3.3851190476190478	0	5	75	3.1058285412302489	5.9958718202307253	-1	-5.8941714587697511	4.9958718202307253	0.0	-5.5952380952380949	1	-1
3.215339183807373	2	-1.7345238095238096	-3.6089285714285713	-1.7345238095238096	-3.6089285714285713	0	5	75	3.1058285412302489	5.9958718202307253	-1	-5.8941714587697511	4.9958718202307253	0.0	-5.5952380952380949	1	-1
3.231917142868042	2	-1.3428571428571427	-3.8047619047619046	-1.3428571428571427	-3.8047619047619046	0	5	75	3.1058285412302489	5.9958718202307253	-1	-5.8941714587697511	4.9958718202307253	0.0	-5.5952380952380949	1	-1
3.2485511302948	2	-1.2029761904761904	-3.8886904761904764	-1.2029761904761904	-3.8886904761904764	0	5	75	3.1058285412302489	5.9958718202307253	-1	-5.8941714587697511	4.9958718202307253	0.0	-5.5952380952380949	1	-1
3.265148162841797	2	-0.9232142857142858	-4.0005952380952383	-0.92321428571428577	-4.0005952380952383	0	5	75	3.1058285412302489	5.9958718202307253	-1	-5.8941714587697511	4.9958718202307253	0.0	-5.5952380952380949	1	-1
3.281764030456543	2	-0.6714285714285714	-4.1124999999999998	-0.67142857142857137	-4.1124999999999998	0	5	75	3.1058285412302489	5.9958718202307253	-1	-5.8941714587697511	4.9958718202307253	0.0	-5.5952380952380949	1	-1
3.2982289791107178	2	-0.5595238095238095	-4.168452380952381	-0.55952380952380953	-4.168452380952381	0	5	75	3.1058285412302489	5.9958718202307253	-1	-5.8941714587697511	4.9958718202307253	0.0	-5.5952380952380949	1	-1
3.314871072769165	2	-0.3636904761904762	-4.2803571428571425	-0.36369047619047618	-4.2803571428571425	0	5	75	3.1058285412302489	5.9958718202307253	-1	-5.8941714587697511	4.9958718202307253	0.0	-5.5952380952380949	1	-1
3.3314709663391113	2	-0.27976190476190477	-4.3363095238095237	-0.27976190476190477	-4.3363095238095237	0	5	75	3.1058285412302489	5.9958718202307253	-1	-5.8941714587697511	4.9958718202307253	0.0	-5.5952380952380949	1	-1
3.348069190979004	2	-0.16785714285714284	-4.4202380952380951	-0.16785714285714284	-4.4202380952380951	0	5	75	3.1058285412302489	5.9958718202307253	-1	-5.8941714587697511	4.9958718202307253	0.0	-5.5952380952380949	1	-1
3.3644511699676514	2	-0.08392857142857142	-4.5321428571428575	-0.083928571428571422	-4.5321428571428575	0	5	75	3.1058285412302489	5.9958718202307253	-1	-5.8941714587697511	4.9958718202307253	0.0	-5.5952380952380949	1	-1
3.3810510635375977	2	0.0	-4.6160714285714288	0.0	-4.6160714285714288	0	5	75	3.1058285412302489	5.9958718202307253	-1	-5.8941714587697511	4.9958718202307253	0.0	-5.5952380952380949	1	-1
3.3976290225982666	2	0.027976190476190477	-4.7000000000000002	0.027976190476190477	-4.7000000000000002	0	5	75	3.1058285412302489	5.9958718202307253	-1	-5.8941714587697511	4.9958718202307253	0.0	-5.5952380952380949	1	-1
3.4141881465911865	2	0.11190476190476191	-4.8119047619047617	0.11190476190476191	-4.8119047619047617	0	5	75	3.1058285412302489	5.9958718202307253	-1	-5.8941714587697511	4.9958718202307253	0.0	-5.5952380952380949	1	-1
3.4308021068573	2	0.13988095238095238	-4.895833333333333	0.13988095238095238	-4.895833333333333	0	5	75	3.1058285412302489	5.9958718202307253	-1	-5.8941714587697511	4.9958718202307253	0.0	-5.5952380952380949	1	-1
3.447345018386841	2	0.19583333333333333	-4.9797619047619044	0.19583333333333333	-4.9797619047619044	0	5	75	3.1058285412302489	5.9958718202307253	-1	-5.8941714587697511	4.9958718202307253	0.0	-5.5952380952380949	1	-1
3.463926076889038	2	0.27976190476190477	-5.0636904761904766	0.27976190476190477	-5.0636904761904766	0	5	75	3.1058285412302489	5.9958718202307253	-1	-5.8941714587697511	4.9958718202307253	0.0	-5.5952380952380949	1	-1
3.480764150619507	2	0.3636904761904762	-5.0916666666666668	0.36369047619047618	-5.0916666666666668	0	5	75	3.1058285412302489	5.9958718202307253	-1	-5.8941714587697511	4.9958718202307253	0.0	-5.5952380952380949	1	-1
3.49721097946167	2	0.39166666666666666	-5.1196428571428569	0.39166666666666666	-5.1196428571428569	0	5	75	3.1058285412302489	5.9958718202307253	-1	-5.8941714587697511	4.9958718202307253	0.0	-5.5952380952380949	1	-1
3.51377010345459	2	0.44761904761904764	-5.147619047619048	0.44761904761904764	-5.147619047619048	0	5	75	3.1058285412302489	5.9958718202307253	-1	-5.8941714587697511	4.9958718202307253	0.0	-5.5952380952380949	1	-1
3.53062105178833	2	0.44761904761904764	-5.147619047619048	0.44761904761904764	-5.147619047619048	0	5	75	3.1058285412302489	5.9958718202307253	-1	-5.8941714587697511	4.9958718202307253	0.0	-5.5952380952380949	1	-1
3.5472190380096436	2	0.5035714285714286	-5.2035714285714283	0.50357142857142856	-5.2035714285714283	0	5	75	3.1058285412302489	5.9958718202307253	-1	-5.8941714587697511	4.9958718202307253	0.0	-5.5952380952380949	1	-1
3.563805103302002	2	0.5595238095238095	-5.2595238095238095	0.55952380952380953	-5.2595238095238095	0	5	75	3.1058285412302489	5.9958718202307253	-1	-5.8941714587697511	4.9958718202307253	0.0	-5.5952380952380949	1	-1
3.5803661346435547	2	0.5875	-5.3154761904761907	0.58750000000000002	-5.3154761904761907	0	5	75	3.1058285412302489	5.9958718202307253	-1	-5.8941714587697511	4.9958718202307253	0.0	-5.5952380952380949	1	-1
3.5970849990844727	2	0.5875	-5.3434523809523808	0.58750000000000002	-5.3434523809523808	0	5	75	3.1058285412302489	5.9958718202307253	-1	-5.8941714587697511	4.9958718202307253	0.0	-5.5952380952380949	1	-1
3.6135871410369873	2	0.5875	-5.399404761904762	0.58750000000000002	-5.399404761904762	0	5	75	3.1058285412302489	5.9958718202307253	-1	-5.8941714587697511	4.9958718202307253	0.0	-5.5952380952380949	1	-1
3.6301980018615723	2	0.5595238095238095	-5.4273809523809522	0.55952380952380953	-5.4273809523809522	0	5	75	3.1058285412302489	5.9958718202307253	-1	-5.8941714587697511	4.9958718202307253	0.0	-5.5952380952380949	1	-1
3.646744966506958	2	0.5595238095238095	-5.4833333333333334	0.55952380952380953	-5.4833333333333334	0	5	75	3.1058285412302489	5.9958718202307253	-1	-5.8941714587697511	4.9958718202307253	0.0	-5.5952380952380949	1	-1
3.6633780002593994	2	0.531547619047619	-5.4833333333333334	0.53154761904761905	-5.4833333333333334	0	5	75	3.1058285412302489	5.9958718202307253	-1	-5.8941714587697511	4.9958718202307253	0.0	-5.5952380952380949	1	-1
