time	trial	cursorx	cursory	hand_x	hand_Y	rotation	step	targetangle	targetposx	targetposy	garagelocation	garageposx	garageposy	homex	homey	group	trial_type
9.5367431640625e-07	2	-0.5210385212441434	-5.7143699534001735	-0.39166666666666666	-5.9589285714285714	30	5	75	3.1058285412302489	5.9958718202307253	1	12.105828541230249	4.9958718202307253	0.0	-5.5952380952380949	1	1
0.026849985122680664	2	-0.37941807014588136	-5.8607428033738271	-0.19583333333333333	-6.0148809523809526	30	1	75	3.1058285412302489	5.9958718202307253	1	12.105828541230249	4.9958718202307253	0.0	-5.5952380952380949	1	1
0.04346299171447754	2	-0.34494998207699	-5.9129470855035109	-0.13988095238095238	-6.0428571428571427	30	1	75	3.1058285412302489	5.9958718202307253	1	12.105828541230249	4.9958718202307253	0.0	-5.5952380952380949	1	1
0.060063838958740234	2	-0.2722657071165103	-5.9549113712177961	-0.055952380952380955	-6.0428571428571427	30	1	75	3.1058285412302489	5.9958718202307253	1	12.105828541230249	4.9958718202307253	0.0	-5.5952380952380949	1	1
0.07642388343811035	2	-0.2377976190476194	-6.0071156533474808	0.0	-6.0708333333333337	30	1	75	3.1058285412302489	5.9958718202307253	1	12.105828541230249	4.9958718202307253	0.0	-5.5952380952380949	1	1
0.0929558277130127	2	-0.2377976190476194	-6.0071156533474808	0.0	-6.0708333333333337	30	1	75	3.1058285412302489	5.9958718202307253	1	12.105828541230249	4.9958718202307253	0.0	-5.5952380952380949	1	1
0.10961294174194336	2	-0.2377976190476194	-6.0071156533474808	0.0	-6.0708333333333337	30	1	75	3.1058285412302489	5.9958718202307253	1	12.105828541230249	4.9958718202307253	0.0	-5.5952380952380949	1	1
0.12614989280700684	2	-0.2377976190476194	-6.0071156533474808	0.0	-6.0708333333333337	30	1	75	3.1058285412302489	5.9958718202307253	1	12.105828541230249	4.9958718202307253	0.0	-5.5952380952380949	1	1
0.14269399642944336	2	-0.2377976190476194	-6.0071156533474808	0.0	-6.0708333333333337	30	1	75	3.1058285412302489	5.9958718202307253	1	12.105828541230249	4.9958718202307253	0.0	-5.5952380952380949	1	1
0.15928292274475098	2	-0.22380952380952387	-5.9828875616939863	0.0	-6.0428571428571427	30	1	75	3.1058285412302489	5.9958718202307253	1	12.105828541230249	4.9958718202307253	0.0	-5.5952380952380949	1	1
0.17596793174743652	2	-0.2480376154630171	-5.9688994664558912	-0.027976190476190477	-6.0428571428571427	30	1	75	3.1058285412302489	5.9958718202307253	1	12.105828541230249	4.9958718202307253	0.0	-5.5952380952380949	1	1
0.19253897666931152	2	-0.2480376154630171	-5.9688994664558912	-0.027976190476190477	-6.0428571428571427	30	1	75	3.1058285412302489	5.9958718202307253	1	12.105828541230249	4.9958718202307253	0.0	-5.5952380952380949	1	1
0.2091078758239746	2	-0.22380952380952387	-5.9828875616939863	0.0	-6.0428571428571427	30	1	75	3.1058285412302489	5.9958718202307253	1	12.105828541230249	4.9958718202307253	0.0	-5.5952380952380949	1	1
0.2257089614868164	2	-0.22380952380952387	-5.9828875616939863	0.0	-6.0428571428571427	30	1	75	3.1058285412302489	5.9958718202307253	1	12.105828541230249	4.9958718202307253	0.0	-5.5952380952380949	1	1
0.24231982231140137	2	-0.22380952380952387	-5.9828875616939863	0.0	-6.0428571428571427	30	1	75	3.1058285412302489	5.9958718202307253	1	12.105828541230249	4.9958718202307253	0.0	-5.5952380952380949	1	1
0.2588918209075928	2	-0.22380952380952387	-5.9828875616939863	0.0	-6.0428571428571427	30	1	75	3.1058285412302489	5.9958718202307253	1	12.105828541230249	4.9958718202307253	0.0	-5.5952380952380949	1	1
0.27550482749938965	2	-0.22380952380952387	-5.9828875616939863	0.0	-6.0428571428571427	30	1	75	3.1058285412302489	5.9958718202307253	1	12.105828541230249	4.9958718202307253	0.0	-5.5952380952380949	1	1
0.2920818328857422	2	-0.22380952380952387	-5.9828875616939863	0.0	-6.0428571428571427	30	1	75	3.1058285412302489	5.9958718202307253	1	12.105828541230249	4.9958718202307253	0.0	-5.5952380952380949	1	1
0.30870890617370605	2	-0.22380952380952387	-5.9828875616939863	0.0	-6.0428571428571427	30	1	75	3.1058285412302489	5.9958718202307253	1	12.105828541230249	4.9958718202307253	0.0	-5.5952380952380949	1	1
0.3252859115600586	2	-0.22380952380952387	-5.9828875616939863	0.0	-6.0428571428571427	30	1	75	3.1058285412302489	5.9958718202307253	1	12.105828541230249	4.9958718202307253	0.0	-5.5952380952380949	1	1
0.3418869972229004	2	-0.22380952380952387	-5.9828875616939863	0.0	-6.0428571428571427	30	1	75	3.1058285412302489	5.9958718202307253	1	12.105828541230249	4.9958718202307253	0.0	-5.5952380952380949	1	1
0.35844993591308594	2	-0.22380952380952387	-5.9828875616939863	0.0	-6.0428571428571427	30	1	75	3.1058285412302489	5.9958718202307253	1	12.105828541230249	4.9958718202307253	0.0	-5.5952380952380949	1	1
0.37509584426879883	2	-0.22380952380952387	-5.9828875616939863	0.0	-6.0428571428571427	30	1	75	3.1058285412302489	5.9958718202307253	1	12.105828541230249	4.9958718202307253	0.0	-5.5952380952380949	1	1
0.3916149139404297	2	-0.22380952380952387	-5.9828875616939863	0.0	-6.0428571428571427	30	1	75	3.1058285412302489	5.9958718202307253	1	12.105828541230249	4.9958718202307253	0.0	-5.5952380952380949	1	1
0.4085369110107422	2	-0.22380952380952387	-5.9828875616939863	0.0	-6.0428571428571427	30	1	75	3.1058285412302489	5.9958718202307253	1	12.105828541230249	4.9958718202307253	0.0	-5.5952380952380949	1	1
0.4251220226287842	2	-0.22380952380952387	-5.9828875616939863	0.0	-6.0428571428571427	30	1	75	3.1058285412302489	5.9958718202307253	1	12.105828541230249	4.9958718202307253	0.0	-5.5952380952380949	1	1
0.4417870044708252	2	-0.22380952380952387	-5.9828875616939863	0.0	-6.0428571428571427	30	1	75	3.1058285412302489	5.9958718202307253	1	12.105828541230249	4.9958718202307253	0.0	-5.5952380952380949	1	1
0.45821595191955566	2	-0.22380952380952387	-5.9828875616939863	0.0	-6.0428571428571427	30	1	75	3.1058285412302489	5.9958718202307253	1	12.105828541230249	4.9958718202307253	0.0	-5.5952380952380949	1	1
0.47492003440856934	2	-0.22380952380952387	-5.9828875616939863	0.0	-6.0428571428571427	30	1	75	3.1058285412302489	5.9958718202307253	1	12.105828541230249	4.9958718202307253	0.0	-5.5952380952380949	1	1
0.49145984649658203	2	-0.22380952380952387	-5.9828875616939863	0.0	-6.0428571428571427	30	1	75	3.1058285412302489	5.9958718202307253	1	12.105828541230249	4.9958718202307253	0.0	-5.5952380952380949	1	1
0.5081470012664795	2	-0.22380952380952387	-5.9828875616939863	0.0	-6.0428571428571427	30	1	75	3.1058285412302489	5.9958718202307253	1	12.105828541230249	4.9958718202307253	0.0	-5.5952380952380949	1	1
0.5246639251708984	2	-0.22380952380952387	-5.9828875616939863	0.0	-6.0428571428571427	30	1	75	3.1058285412302489	5.9958718202307253	1	12.105828541230249	4.9958718202307253	0.0	-5.5952380952380949	1	1
0.5412609577178955	2	-0.22380952380952387	-5.9828875616939863	0.0	-6.0428571428571427	30	1	75	3.1058285412302489	5.9958718202307253	1	12.105828541230249	4.9958718202307253	0.0	-5.5952380952380949	1	1
0.5578570365905762	2	-0.17160524167984004	-5.948419473625095	0.027976190476190477	-5.9869047619047615	30	1	75	3.1058285412302489	5.9958718202307253	1	12.105828541230249	4.9958718202307253	0.0	-5.5952380952380949	1	1
0.5742418766021729	2	-0.12964095596555436	-5.875735198664616	0.027976190476190477	-5.9029761904761902	30	1	75	3.1058285412302489	5.9958718202307253	1	12.105828541230249	4.9958718202307253	0.0	-5.5952380952380949	1	1
0.5907328128814697	2	0.07917617255318046	-5.7378628463890511	0.13988095238095238	-5.6791666666666663	30	1	75	3.1058285412302489	5.9958718202307253	1	12.105828541230249	4.9958718202307253	0.0	-5.5952380952380949	1	1
0.60736083984375	2	0.3644256748550919	-5.57951050128269	0.30773809523809526	-5.399404761904762	30	1	75	3.1058285412302489	5.9958718202307253	1	12.105828541230249	4.9958718202307253	0.0	-5.5952380952380949	1	1
0.6239488124847412	2	0.521038521244143	-5.4761062370760172	0.39166666666666666	-5.2315476190476193	30	1	75	3.1058285412302489	5.9958718202307253	1	12.105828541230249	4.9958718202307253	0.0	-5.5952380952380949	1	1
0.6406009197235107	2	0.896708492567327	-5.2730458074853663	0.61547619047619051	-4.8678571428571429	30	1	75	3.1058285412302489	5.9958718202307253	1	12.105828541230249	4.9958718202307253	0.0	-5.5952380952380949	1	1
0.6571729183197021	2	1.3245827460201944	-5.035517289825826	0.86726190476190479	-4.4482142857142861	30	1	75	3.1058285412302489	5.9958718202307253	1	12.105828541230249	4.9958718202307253	0.0	-5.5952380952380949	1	1
0.673940896987915	2	1.5576279661924224	-4.9116330327883562	1.0071428571428571	-4.2244047619047622	30	1	75	3.1058285412302489	5.9958718202307253	1	12.105828541230249	4.9958718202307253	0.0	-5.5952380952380949	1	1
0.6903300285339355	2	2.0479464981903717	-4.6778526139515115	1.3148809523809524	-3.7767857142857144	30	1	75	3.1058285412302489	5.9958718202307253	1	12.105828541230249	4.9958718202307253	0.0	-5.5952380952380949	1	1
0.7069499492645264	2	2.5522531254264162	-4.4198441034611742	1.6226190476190476	-3.301190476190476	30	1	75	3.1058285412302489	5.9958718202307253	1	12.105828541230249	4.9958718202307253	0.0	-5.5952380952380949	1	1
0.7237839698791504	2	2.8235145324902327	-4.2857198500083067	1.7904761904761906	-3.049404761904762	30	2	75	3.1058285412302489	5.9958718202307253	1	12.105828541230249	4.9958718202307253	0.0	-5.5952380952380949	1	1
0.7403488159179688	2	3.289604972834689	-4.037951335933367	2.0702380952380954	-2.6017857142857141	30	2	75	3.1058285412302489	5.9958718202307253	1	12.105828541230249	4.9958718202307253	0.0	-5.5952380952380949	1	1
0.7569558620452881	2	3.7939116000707336	-3.7799428254430305	2.3779761904761907	-2.1261904761904762	30	2	75	3.1058285412302489	5.9958718202307253	1	12.105828541230249	4.9958718202307253	0.0	-5.5952380952380949	1	1
0.7736120223999023	2	4.0651730071345495	-3.6458185719901621	2.5458333333333334	-1.8744047619047619	30	2	75	3.1058285412302489	5.9958718202307253	1	12.105828541230249	4.9958718202307253	0.0	-5.5952380952380949	1	1
0.7902278900146484	2	4.593707726024087	-3.4017981567379207	2.8815476190476192	-1.3988095238095237	30	2	75	3.1058285412302489	5.9958718202307253	1	12.105828541230249	4.9958718202307253	0.0	-5.5952380952380949	1	1
0.8067200183868408	2	5.122242444913625	-3.1577777414856789	3.2172619047619047	-0.92321428571428577	30	2	75	3.1058285412302489	5.9958718202307253	1	12.105828541230249	4.9958718202307253	0.0	-5.5952380952380949	1	1
0.8233528137207031	2	5.379515756739346	-3.0478815796863046	3.3851190476190478	-0.69940476190476186	30	2	75	3.1058285412302489	5.9958718202307253	1	12.105828541230249	4.9958718202307253	0.0	-5.5952380952380949	1	1
0.839993953704834	2	5.797150013776816	-2.7721368751351747	3.6089285714285713	-0.25178571428571428	30	2	75	3.1058285412302489	5.9958718202307253	1	12.105828541230249	4.9958718202307253	0.0	-5.5952380952380949	1	1
0.8565459251403809	2	6.089895713724122	-2.4888959729386499	3.7208333333333332	0.13988095238095238	30	2	75	3.1058285412302489	5.9958718202307253	1	12.105828541230249	4.9958718202307253	0.0	-5.5952380952380949	1	1
0.8731579780578613	2	6.212040472044282	-2.3332874266022934	3.7488095238095238	0.33571428571428569	30	2	75	3.1058285412302489	5.9958718202307253	1	12.105828541230249	4.9958718202307253	0.0	-5.5952380952380949	1	1
0.8895459175109863	2	6.39388571013952	-2.018322235106881	3.7488095238095238	0.69940476190476186	30	2	75	3.1058285412302489	5.9958718202307253	1	12.105828541230249	4.9958718202307253	0.0	-5.5952380952380949	1	1
0.9061038494110107	2	6.53751476134317	-1.7135970400268672	3.7208333333333332	1.0351190476190477	30	2	75	3.1058285412302489	5.9958718202307253	1	12.105828541230249	4.9958718202307253	0.0	-5.5952380952380949	1	1
0.9227008819580078	2	6.583227145880153	-1.5784684865213059	3.6928571428571431	1.175	30	2	75	3.1058285412302489	5.9958718202307253	1	12.105828541230249	4.9958718202307253	0.0	-5.5952380952380949	1	1
0.9392228126525879	2	6.640183826885227	-1.2560070973804995	3.5809523809523811	1.4827380952380953	30	2	75	3.1058285412302489	5.9958718202307253	1	12.105828541230249	4.9958718202307253	0.0	-5.5952380952380949	1	1
0.9558229446411133	2	6.675656215006812	-1.0826623569833504	3.5249999999999999	1.650595238095238	30	2	75	3.1058285412302489	5.9958718202307253	1	12.105828541230249	4.9958718202307253	0.0	-5.5952380952380949	1	1
0.9724898338317871	2	6.6599286210514075	-0.71823668212825709	3.3291666666666666	1.9583333333333333	30	2	75	3.1058285412302489	5.9958718202307253	1	12.105828541230249	4.9958718202307253	0.0	-5.5952380952380949	1	1
0.989102840423584	2	6.609732939027111	-0.30160672514348175	3.0773809523809526	2.2940476190476189	30	2	75	3.1058285412302489	5.9958718202307253	1	12.105828541230249	4.9958718202307253	0.0	-5.5952380952380949	1	1
1.005638837814331	2	6.511081073695829	0.14299942231748464	2.7696428571428573	2.6297619047619047	30	2	75	3.1058285412302489	5.9958718202307253	1	12.105828541230249	4.9958718202307253	0.0	-5.5952380952380949	1	1
1.022230863571167	2	6.435652999965345	0.3480684520135231	2.6017857142857141	2.7696428571428573	30	2	75	3.1058285412302489	5.9958718202307253	1	12.105828541230249	4.9958718202307253	0.0	-5.5952380952380949	1	1
1.038856029510498	2	6.298784947742474	0.78243460305909096	2.2660714285714287	3.0773809523809526	30	2	75	3.1058285412302489	5.9958718202307253	1	12.105828541230249	4.9958718202307253	0.0	-5.5952380952380949	1	1
1.055675983428955	2	6.223356874011991	0.98750363275512854	2.0982142857142856	3.2172619047619047	30	2	75	3.1058285412302489	5.9958718202307253	1	12.105828541230249	4.9958718202307253	0.0	-5.5952380952380949	1	1
1.0722928047180176	2	6.052020733720228	1.4740740659303802	1.706547619047619	3.5529761904761905	30	2	75	3.1058285412302489	5.9958718202307253	1	12.105828541230249	4.9958718202307253	0.0	-5.5952380952380949	1	1
1.0889058113098145	2	5.842468406536878	1.950404502690235	1.286904761904762	3.8607142857142858	30	2	75	3.1058285412302489	5.9958718202307253	1	12.105828541230249	4.9958718202307253	0.0	-5.5952380952380949	1	1
1.105515956878662	2	5.570471800808446	2.4304830382727864	0.81130952380952381	4.1404761904761909	30	2	75	3.1058285412302489	5.9958718202307253	1	12.105828541230249	4.9958718202307253	0.0	-5.5952380952380949	1	1
1.1219890117645264	2	5.422359452117482	2.6775163536831066	0.55952380952380953	4.2803571428571425	30	2	75	3.1058285412302489	5.9958718202307253	1	12.105828541230249	4.9958718202307253	0.0	-5.5952380952380949	1	1
1.1386690139770508	2	5.1019066630820635	3.1855710797418482	0.027976190476190477	4.5601190476190476	30	2	75	3.1058285412302489	5.9958718202307253	1	12.105828541230249	4.9958718202307253	0.0	-5.5952380952380949	1	1
1.1552200317382812	2	4.915578127499512	3.4223643987367751	-0.25178571428571428	4.6720238095238091	30	2	75	3.1058285412302489	5.9958718202307253	1	12.105828541230249	4.9958718202307253	0.0	-5.5952380952380949	1	1
1.1718688011169434	2	4.553161052749808	3.8577348498350403	-0.78333333333333333	4.8678571428571429	30	2	75	3.1058285412302489	5.9958718202307253	1	12.105828541230249	4.9958718202307253	0.0	-5.5952380952380949	1	1
1.1884589195251465	2	4.2009839744155	4.2548891140417098	-1.286904761904762	5.0357142857142856	30	2	75	3.1058285412302489	5.9958718202307253	1	12.105828541230249	4.9958718202307253	0.0	-5.5952380952380949	1	1
1.2050409317016602	2	3.834818800843099	4.6278152865948918	-1.7904761904761906	5.1755952380952381	30	2	75	3.1058285412302489	5.9958718202307253	1	12.105828541230249	4.9958718202307253	0.0	-5.5952380952380949	1	1
1.221341848373413	2	3.644742166437851	4.8021643270447356	-2.0422619047619048	5.2315476190476193	30	2	75	3.1058285412302489	5.9958718202307253	1	12.105828541230249	4.9958718202307253	0.0	-5.5952380952380949	1	1
1.2379779815673828	2	3.2990569856962444	5.0986581258147368	-2.4898809523809522	5.3154761904761907	30	2	75	3.1058285412302489	5.9958718202307253	1	12.105828541230249	4.9958718202307253	0.0	-5.5952380952380949	1	1
1.2545318603515625	2	3.1192203477063947	5.2347909793729936	-2.7136904761904761	5.3434523809523808	30	2	75	3.1058285412302489	5.9958718202307253	1	12.105828541230249	4.9958718202307253	0.0	-5.5952380952380949	1	1
1.2710859775543213	2	2.856459438340666	5.4511043055371236	-3.049404761904762	5.399404761904762	30	2	75	3.1058285412302489	5.9958718202307253	1	12.105828541230249	4.9958718202307253	0.0	-5.5952380952380949	1	1
1.287766933441162	2	2.6281666170438287	5.6152133495715688	-3.3291666666666666	5.4273809523809522	30	2	75	3.1058285412302489	5.9958718202307253	1	12.105828541230249	4.9958718202307253	0.0	-5.5952380952380949	1	1
1.3043789863586426	2	2.458569975469376	5.7131300162382352	-3.5249999999999999	5.4273809523809522	30	2	75	3.1058285412302489	5.9958718202307253	1	12.105828541230249	4.9958718202307253	0.0	-5.5952380952380949	1	1
1.320878028869629	2	2.4101137921623894	5.7411062067144272	-3.5809523809523811	5.4273809523809522	30	2	75	3.1058285412302489	5.9958718202307253	1	12.105828541230249	4.9958718202307253	0.0	-5.5952380952380949	1	1
1.3375120162963867	2	2.3616576088554035	5.7690823971906173	-3.6369047619047619	5.4273809523809522	30	2	75	3.1058285412302489	5.9958718202307253	1	12.105828541230249	4.9958718202307253	0.0	-5.5952380952380949	1	1
1.3540949821472168	2	2.3616576088554035	5.7690823971906173	-3.6369047619047619	5.4273809523809522	30	2	75	3.1058285412302489	5.9958718202307253	1	12.105828541230249	4.9958718202307253	0.0	-5.5952380952380949	1	1
1.3709189891815186	2	2.3616576088554035	5.7690823971906173	-3.6369047619047619	5.4273809523809522	30	2	75	3.1058285412302489	5.9958718202307253	1	12.105828541230249	4.9958718202307253	0.0	-5.5952380952380949	1	1
1.3875749111175537	2	2.3616576088554035	5.7690823971906173	-3.6369047619047619	5.4273809523809522	30	2	75	3.1058285412302489	5.9958718202307253	1	12.105828541230249	4.9958718202307253	0.0	-5.5952380952380949	1	1
1.4042057991027832	2	2.3616576088554035	5.7690823971906173	-3.6369047619047619	5.4273809523809522	30	2	75	3.1058285412302489	5.9958718202307253	1	12.105828541230249	4.9958718202307253	0.0	-5.5952380952380949	1	1
1.420724868774414	2	2.3616576088554035	5.7690823971906173	-3.6369047619047619	5.4273809523809522	30	2	75	3.1058285412302489	5.9958718202307253	1	12.105828541230249	4.9958718202307253	0.0	-5.5952380952380949	1	1
1.4373788833618164	2	2.3616576088554035	5.7690823971906173	-3.6369047619047619	5.4273809523809522	30	2	75	3.1058285412302489	5.9958718202307253	1	12.105828541230249	4.9958718202307253	0.0	-5.5952380952380949	1	1
1.453847885131836	2	2.3616576088554035	5.7690823971906173	-3.6369047619047619	5.4273809523809522	30	2	75	3.1058285412302489	5.9958718202307253	1	12.105828541230249	4.9958718202307253	0.0	-5.5952380952380949	1	1
1.470512866973877	2	2.3858857005088967	5.7550943019525214	-3.6089285714285713	5.4273809523809522	30	2	75	3.1058285412302489	5.9958718202307253	1	12.105828541230249	4.9958718202307253	0.0	-5.5952380952380949	1	1
1.4871668815612793	2	2.3858857005088967	5.7550943019525214	-3.6089285714285713	5.4273809523809522	30	2	75	3.1058285412302489	5.9958718202307253	1	12.105828541230249	4.9958718202307253	0.0	-5.5952380952380949	1	1
1.5037410259246826	2	2.3858857005088967	5.7550943019525214	-3.6089285714285713	5.4273809523809522	30	2	75	3.1058285412302489	5.9958718202307253	1	12.105828541230249	4.9958718202307253	0.0	-5.5952380952380949	1	1
1.520339012145996	2	2.4241018874004845	5.7653342983679181	-3.5809523809523811	5.4553571428571432	30	2	75	3.1058285412302489	5.9958718202307253	1	12.105828541230249	4.9958718202307253	0.0	-5.5952380952380949	1	1
1.5369219779968262	2	2.4725580707074712	5.737358107891728	-3.5249999999999999	5.4553571428571432	30	2	75	3.1058285412302489	5.9958718202307253	1	12.105828541230249	4.9958718202307253	0.0	-5.5952380952380949	1	1
1.5535519123077393	2	2.5350023492525535	5.7336100090690323	-3.4690476190476192	5.4833333333333334	30	2	75	3.1058285412302489	5.9958718202307253	1	12.105828541230249	4.9958718202307253	0.0	-5.5952380952380949	1	1
1.5701320171356201	2	2.6459028111046208	5.7018857197701429	-3.3571428571428572	5.5113095238095235	30	2	75	3.1058285412302489	5.9958718202307253	1	12.105828541230249	4.9958718202307253	0.0	-5.5952380952380949	1	1
1.5866689682006836	2	2.732575181303196	5.6841495257093513	-3.2732142857142859	5.5392857142857146	30	2	75	3.1058285412302489	5.9958718202307253	1	12.105828541230249	4.9958718202307253	0.0	-5.5952380952380949	1	1
1.6032838821411133	2	2.819247551501771	5.6664133316485579	-3.1892857142857145	5.5672619047619047	30	2	75	3.1058285412302489	5.9958718202307253	1	12.105828541230249	4.9958718202307253	0.0	-5.5952380952380949	1	1
1.6198949813842773	2	2.8816918300468526	5.6626652328258604	-3.1333333333333333	5.5952380952380949	30	2	75	3.1058285412302489	5.9958718202307253	1	12.105828541230249	4.9958718202307253	0.0	-5.5952380952380949	1	1
1.6365230083465576	2	2.9543761050073325	5.6207009471115743	-3.049404761904762	5.5952380952380949	30	2	75	3.1058285412302489	5.9958718202307253	1	12.105828541230249	4.9958718202307253	0.0	-5.5952380952380949	1	1
1.6530709266662598	2	2.9925922918989216	5.6309409435269746	-3.0214285714285714	5.6232142857142859	30	2	75	3.1058285412302489	5.9958718202307253	1	12.105828541230249	4.9958718202307253	0.0	-5.5952380952380949	1	1
1.6696689128875732	2	3.103492753750989	5.5992166542280852	-2.9095238095238094	5.6511904761904761	30	2	75	3.1058285412302489	5.9958718202307253	1	12.105828541230249	4.9958718202307253	0.0	-5.5952380952380949	1	1
1.6862599849700928	2	3.151948937057975	5.5712404637518951	-2.8535714285714286	5.6511904761904761	30	2	75	3.1058285412302489	5.9958718202307253	1	12.105828541230249	4.9958718202307253	0.0	-5.5952380952380949	1	1
1.7026498317718506	2	3.214393215603058	5.5674923649291994	-2.7976190476190474	5.6791666666666663	30	2	75	3.1058285412302489	5.9958718202307253	1	12.105828541230249	4.9958718202307253	0.0	-5.5952380952380949	1	1
1.719148874282837	2	3.2386213072565506	5.5535042696911034	-2.7696428571428573	5.6791666666666663	30	2	75	3.1058285412302489	5.9958718202307253	1	12.105828541230249	4.9958718202307253	0.0	-5.5952380952380949	1	1
1.7357268333435059	2	3.2386213072565506	5.5535042696911034	-2.7696428571428573	5.6791666666666663	30	2	75	3.1058285412302489	5.9958718202307253	1	12.105828541230249	4.9958718202307253	0.0	-5.5952380952380949	1	1
1.7523269653320312	2	3.2386213072565506	5.5535042696911034	-2.7696428571428573	5.6791666666666663	30	2	75	3.1058285412302489	5.9958718202307253	1	12.105828541230249	4.9958718202307253	0.0	-5.5952380952380949	1	1
1.7689688205718994	2	3.2386213072565506	5.5535042696911034	-2.7696428571428573	5.6791666666666663	30	2	75	3.1058285412302489	5.9958718202307253	1	12.105828541230249	4.9958718202307253	0.0	-5.5952380952380949	1	1
1.7855629920959473	2	3.2386213072565506	5.5535042696911034	-2.7696428571428573	5.6791666666666663	30	2	75	3.1058285412302489	5.9958718202307253	1	12.105828541230249	4.9958718202307253	0.0	-5.5952380952380949	1	1
1.8022339344024658	2	3.2386213072565506	5.5535042696911034	-2.7696428571428573	5.6791666666666663	30	2	75	3.1058285412302489	5.9958718202307253	1	12.105828541230249	4.9958718202307253	0.0	-5.5952380952380949	1	1
1.8186988830566406	2	3.2386213072565506	5.5535042696911034	-2.7696428571428573	5.6791666666666663	30	2	75	3.1058285412302489	5.9958718202307253	1	12.105828541230249	4.9958718202307253	0.0	-5.5952380952380949	1	1
1.8353288173675537	2	3.2386213072565506	5.5535042696911034	-2.7696428571428573	5.6791666666666663	30	2	75	3.1058285412302489	5.9958718202307253	1	12.105828541230249	4.9958718202307253	0.0	-5.5952380952380949	1	1
1.852057933807373	2	3.214393215603058	5.5674923649291994	-2.7976190476190474	5.6791666666666663	30	2	75	3.1058285412302489	5.9958718202307253	1	12.105828541230249	4.9958718202307253	0.0	-5.5952380952380949	1	1
1.8687410354614258	2	3.214393215603058	5.5674923649291994	-2.7976190476190474	5.6791666666666663	30	2	75	3.1058285412302489	5.9958718202307253	1	12.105828541230249	4.9958718202307253	0.0	-5.5952380952380949	1	1
1.8853578567504883	2	3.214393215603058	5.5674923649291994	-2.7976190476190474	5.6791666666666663	30	2	75	3.1058285412302489	5.9958718202307253	1	12.105828541230249	4.9958718202307253	0.0	-5.5952380952380949	1	1
1.9020538330078125	2	3.214393215603058	5.5674923649291994	-2.7976190476190474	5.6791666666666663	30	2	75	3.1058285412302489	5.9958718202307253	1	12.105828541230249	4.9958718202307253	0.0	-5.5952380952380949	1	1
1.9185268878936768	2	3.214393215603058	5.5674923649291994	-2.7976190476190474	5.6791666666666663	30	2	75	3.1058285412302489	5.9958718202307253	1	12.105828541230249	4.9958718202307253	0.0	-5.5952380952380949	1	1
1.935149908065796	2	3.214393215603058	5.5674923649291994	-2.7976190476190474	5.6791666666666663	30	2	75	3.1058285412302489	5.9958718202307253	1	12.105828541230249	4.9958718202307253	0.0	-5.5952380952380949	1	1
1.9517409801483154	2	3.214393215603058	5.5674923649291994	-2.7976190476190474	5.6791666666666663	30	2	75	3.1058285412302489	5.9958718202307253	1	12.105828541230249	4.9958718202307253	0.0	-5.5952380952380949	1	1
1.9683778285980225	2	3.214393215603058	5.5674923649291994	-2.7976190476190474	5.6791666666666663	30	2	75	3.1058285412302489	5.9958718202307253	1	12.105828541230249	4.9958718202307253	0.0	-5.5952380952380949	1	1
1.9849648475646973	2	3.214393215603058	5.5674923649291994	-2.7976190476190474	5.6791666666666663	30	2	75	3.1058285412302489	5.9958718202307253	1	12.105828541230249	4.9958718202307253	0.0	-5.5952380952380949	1	1
2.001588821411133	2	3.214393215603058	5.5674923649291994	-2.7976190476190474	5.6791666666666663	30	2	75	3.1058285412302489	5.9958718202307253	1	12.105828541230249	4.9958718202307253	0.0	-5.5952380952380949	1	1
2.0178630352020264	2	3.214393215603058	5.5674923649291994	-2.7976190476190474	5.6791666666666663	30	2	75	3.1058285412302489	5.9958718202307253	1	12.105828541230249	4.9958718202307253	0.0	-5.5952380952380949	1	1
2.034510850906372	2	3.214393215603058	5.5674923649291994	-2.7976190476190474	5.6791666666666663	30	2	75	3.1058285412302489	5.9958718202307253	1	12.105828541230249	4.9958718202307253	0.0	-5.5952380952380949	1	1
2.0510499477386475	2	3.214393215603058	5.5674923649291994	-2.7976190476190474	5.6791666666666663	30	2	75	3.1058285412302489	5.9958718202307253	1	12.105828541230249	4.9958718202307253	0.0	-5.5952380952380949	1	1
2.067612886428833	2	3.214393215603058	5.5674923649291994	-2.7976190476190474	5.6791666666666663	30	2	75	3.1058285412302489	5.9958718202307253	1	12.105828541230249	4.9958718202307253	0.0	-5.5952380952380949	1	1
2.0842249393463135	2	3.214393215603058	5.5674923649291994	-2.7976190476190474	5.6791666666666663	30	2	75	3.1058285412302489	5.9958718202307253	1	12.105828541230249	4.9958718202307253	0.0	-5.5952380952380949	1	1
2.1009089946746826	2	3.214393215603058	5.5674923649291994	-2.7976190476190474	5.6791666666666663	30	2	75	3.1058285412302489	5.9958718202307253	1	12.105828541230249	4.9958718202307253	0.0	-5.5952380952380949	1	1
2.117424964904785	2	3.214393215603058	5.5674923649291994	-2.7976190476190474	5.6791666666666663	30	2	75	3.1058285412302489	5.9958718202307253	1	12.105828541230249	4.9958718202307253	0.0	-5.5952380952380949	1	1
2.134028911590576	2	3.214393215603058	5.5674923649291994	-2.7976190476190474	5.6791666666666663	30	2	75	3.1058285412302489	5.9958718202307253	1	12.105828541230249	4.9958718202307253	0.0	-5.5952380952380949	1	1
2.1506500244140625	2	3.214393215603058	5.5674923649291994	-2.7976190476190474	5.6791666666666663	30	2	75	3.1058285412302489	5.9958718202307253	1	12.105828541230249	4.9958718202307253	0.0	-5.5952380952380949	1	1
2.1672098636627197	2	3.214393215603058	5.5674923649291994	-2.7976190476190474	5.6791666666666663	30	2	75	3.1058285412302489	5.9958718202307253	1	12.105828541230249	4.9958718202307253	0.0	-5.5952380952380949	1	1
2.1837778091430664	2	3.214393215603058	5.5674923649291994	-2.7976190476190474	5.6791666666666663	30	2	75	3.1058285412302489	5.9958718202307253	1	12.105828541230249	4.9958718202307253	0.0	-5.5952380952380949	1	1
2.200565814971924	2	3.214393215603058	5.5674923649291994	-2.7976190476190474	5.6791666666666663	30	2	75	3.1058285412302489	5.9958718202307253	1	12.105828541230249	4.9958718202307253	0.0	-5.5952380952380949	1	1
2.217005968093872	2	3.2143932156030579	5.5674923649291994	-2.7976190476190474	5.6791666666666663	30	2	75	3.1058285412302489	5.9958718202307253	1	12.105828541230249	4.9958718202307253	0.0	-5.5952380952380949	1	1
2.233649969100952	2	3.2143932156030579	5.5674923649291994	-2.7976190476190474	5.6791666666666663	30	2	75	3.1058285412302489	5.9958718202307253	1	12.105828541230249	4.9958718202307253	0.0	-5.5952380952380949	1	1
2.2501988410949707	2	3.2143932156030579	5.5674923649291994	-2.7976190476190474	5.6791666666666663	30	3	75	3.1058285412302489	5.9958718202307253	1	12.105828541230249	4.9958718202307253	0.0	-5.5952380952380949	1	1
2.2667458057403564	2	3.2143932156030579	5.5674923649291994	-2.7976190476190474	5.6791666666666663	30	4	75	3.1058285412302489	5.9958718202307253	1	12.105828541230249	4.9958718202307253	0.0	-5.5952380952380949	1	1
2.2833328247070312	2	3.2143932156030579	5.5674923649291994	-2.7976190476190474	5.6791666666666663	30	4	75	3.1058285412302489	5.9958718202307253	1	12.105828541230249	4.9958718202307253	0.0	-5.5952380952380949	1	1
2.3000659942626953	2	3.1864170251268673	5.5674923649291994	-2.825595238095238	5.6791666666666663	30	4	75	3.1058285412302489	5.9958718202307253	1	12.105828541230249	4.9958718202307253	0.0	-5.5952380952380949	1	1
2.3165810108184814	2	3.1864170251268673	5.5674923649291994	-2.825595238095238	5.6791666666666663	30	4	75	3.1058285412302489	5.9958718202307253	1	12.105828541230249	4.9958718202307253	0.0	-5.5952380952380949	1	1
2.3331379890441895	2	3.1584408346506767	5.5674923649291994	-2.8535714285714286	5.6791666666666663	30	4	75	3.1058285412302489	5.9958718202307253	1	12.105828541230249	4.9958718202307253	0.0	-5.5952380952380949	1	1
2.3500118255615234	2	3.1584408346506767	5.5674923649291994	-2.8535714285714286	5.6791666666666663	30	4	75	3.1058285412302489	5.9958718202307253	1	12.105828541230249	4.9958718202307253	0.0	-5.5952380952380949	1	1
2.3665859699249268	2	3.1304646441744861	5.5674923649291994	-2.8815476190476192	5.7071428571428573	30	4	75	3.1058285412302489	5.9958718202307253	1	12.105828541230249	4.9958718202307253	0.0	-5.5952380952380949	1	1
2.3831849098205566	2	3.1304646441744861	5.5674923649291994	-2.8815476190476192	5.7071428571428573	30	4	75	3.1058285412302489	5.9958718202307253	1	12.105828541230249	4.9958718202307253	0.0	-5.5952380952380949	1	1
2.399822950363159	2	3.102488453698296	5.5674923649291994	-2.9095238095238094	5.7071428571428573	30	4	75	3.1058285412302489	5.9958718202307253	1	12.105828541230249	4.9958718202307253	0.0	-5.5952380952380949	1	1
2.41645884513855	2	3.102488453698296	5.5674923649291994	-2.9095238095238094	5.7071428571428573	30	4	75	3.1058285412302489	5.9958718202307253	1	12.105828541230249	4.9958718202307253	0.0	-5.5952380952380949	1	1
2.4330639839172363	2	3.102488453698296	5.5674923649291994	-2.9095238095238094	5.7071428571428573	30	4	75	3.1058285412302489	5.9958718202307253	1	12.105828541230249	4.9958718202307253	0.0	-5.5952380952380949	1	1
2.4495928287506104	2	3.0745122632221054	5.5674923649291994	-2.9375	5.7071428571428573	30	4	75	3.1058285412302489	5.9958718202307253	1	12.105828541230249	4.9958718202307253	0.0	-5.5952380952380949	1	1
2.4661808013916016	2	3.0745122632221054	5.5674923649291994	-2.9375	5.7071428571428573	30	4	75	3.1058285412302489	5.9958718202307253	1	12.105828541230249	4.9958718202307253	0.0	-5.5952380952380949	1	1
2.4827280044555664	2	3.0465360727459148	5.5674923649291994	-2.9654761904761906	5.7351190476190474	30	4	75	3.1058285412302489	5.9958718202307253	1	12.105828541230249	4.9958718202307253	0.0	-5.5952380952380949	1	1
2.49934983253479	2	3.0185598822697246	5.5674923649291994	-2.9934523809523808	5.7351190476190474	30	4	75	3.1058285412302489	5.9958718202307253	1	12.105828541230249	4.9958718202307253	0.0	-5.5952380952380949	1	1
2.515723943710327	2	2.990583691793534	5.5674923649291994	-3.0214285714285714	5.7351190476190474	30	4	75	3.1058285412302489	5.9958718202307253	1	12.105828541230249	4.9958718202307253	0.0	-5.5952380952380949	1	1
2.532291889190674	2	2.9626075013173434	5.5674923649291994	-3.049404761904762	5.7630952380952385	30	4	75	3.1058285412302489	5.9958718202307253	1	12.105828541230249	4.9958718202307253	0.0	-5.5952380952380949	1	1
2.548872947692871	2	2.9066551203649627	5.5674923649291994	-3.1053571428571427	5.7910714285714286	30	4	75	3.1058285412302489	5.9958718202307253	1	12.105828541230249	4.9958718202307253	0.0	-5.5952380952380949	1	1
2.5655078887939453	2	2.8786789298887721	5.5674923649291994	-3.1333333333333333	5.7910714285714286	30	4	75	3.1058285412302489	5.9958718202307253	1	12.105828541230249	4.9958718202307253	0.0	-5.5952380952380949	1	1
2.5820670127868652	2	2.8507027394125815	5.5674923649291994	-3.1613095238095239	5.7910714285714286	30	4	75	3.1058285412302489	5.9958718202307253	1	12.105828541230249	4.9958718202307253	0.0	-5.5952380952380949	1	1
2.5986428260803223	2	2.8227265489363909	5.5674923649291994	-3.1892857142857145	5.7910714285714286	30	4	75	3.1058285412302489	5.9958718202307253	1	12.105828541230249	4.9958718202307253	0.0	-5.5952380952380949	1	1
2.615299940109253	2	2.8507027394125815	5.5674923649291994	-3.1613095238095239	5.7910714285714286	30	4	75	3.1058285412302489	5.9958718202307253	1	12.105828541230249	4.9958718202307253	0.0	-5.5952380952380949	1	1
2.6318628787994385	2	2.8507027394125815	5.5674923649291994	-3.1613095238095239	5.7910714285714286	30	4	75	3.1058285412302489	5.9958718202307253	1	12.105828541230249	4.9958718202307253	0.0	-5.5952380952380949	1	1
2.648437023162842	2	2.8507027394125815	5.5674923649291994	-3.1613095238095239	5.7910714285714286	30	4	75	3.1058285412302489	5.9958718202307253	1	12.105828541230249	4.9958718202307253	0.0	-5.5952380952380949	1	1
2.6653318405151367	2	2.8786789298887721	5.5674923649291994	-3.1333333333333333	5.7910714285714286	30	4	75	3.1058285412302489	5.9958718202307253	1	12.105828541230249	4.9958718202307253	0.0	-5.5952380952380949	1	1
2.681907892227173	2	2.9346313108411528	5.5674923649291994	-3.0773809523809526	5.7630952380952385	30	4	75	3.1058285412302489	5.9958718202307253	1	12.105828541230249	4.9958718202307253	0.0	-5.5952380952380949	1	1
2.698472023010254	2	2.990583691793534	5.5674923649291994	-3.0214285714285714	5.7630952380952385	30	4	75	3.1058285412302489	5.9958718202307253	1	12.105828541230249	4.9958718202307253	0.0	-5.5952380952380949	1	1
2.7151169776916504	2	3.2423694060792481	5.5674923649291994	-2.7696428571428573	5.7910714285714286	30	4	75	3.1058285412302489	5.9958718202307253	1	12.105828541230249	4.9958718202307253	0.0	-5.5952380952380949	1	1
2.7317099571228027	2	3.6060598822697245	5.5674923649291994	-2.4059523809523808	5.8470238095238098	30	4	75	3.1058285412302489	5.9958718202307253	1	12.105828541230249	4.9958718202307253	0.0	-5.5952380952380949	1	1
2.7482798099517822	2	3.8298694060792484	5.5674923649291994	-2.1821428571428569	5.875	30	4	75	3.1058285412302489	5.9958718202307253	1	12.105828541230249	4.9958718202307253	0.0	-5.5952380952380949	1	1
2.76487398147583	2	4.3893932156030573	5.5674923649291994	-1.6226190476190476	5.9589285714285714	30	4	75	3.1058285412302489	5.9958718202307253	1	12.105828541230249	4.9958718202307253	0.0	-5.5952380952380949	1	1
2.7814648151397705	2	5.0887979775078191	5.5674923649291994	-0.92321428571428577	6.0428571428571427	30	4	75	3.1058285412302489	5.9958718202307253	1	12.105828541230249	4.9958718202307253	0.0	-5.5952380952380949	1	1
2.7980499267578125	2	5.5084408346506759	5.5674923649291994	-0.50357142857142856	6.0988095238095239	30	4	75	3.1058285412302489	5.9958718202307253	1	12.105828541230249	4.9958718202307253	0.0	-5.5952380952380949	1	1
2.8147058486938477	2	6.4876075013173429	5.5674923649291994	0.47559523809523807	6.2107142857142854	30	4	75	3.1058285412302489	5.9958718202307253	1	12.105828541230249	4.9958718202307253	0.0	-5.5952380952380949	1	1
2.831028938293457	2	7.6626075013173427	5.5674923649291994	1.650595238095238	6.350595238095238	30	4	75	3.1058285412302489	5.9958718202307253	1	12.105828541230249	4.9958718202307253	0.0	-5.5952380952380949	1	1
2.8475680351257324	2	8.2780836917935332	5.5674923649291994	2.2660714285714287	6.4065476190476192	30	4	75	3.1058285412302489	5.9958718202307253	1	12.105828541230249	4.9958718202307253	0.0	-5.5952380952380949	1	1
2.8641459941864014	2	9.5090360727459142	5.5674923649291994	3.4970238095238093	6.4904761904761905	30	4	75	3.1058285412302489	5.9958718202307253	1	12.105828541230249	4.9958718202307253	0.0	-5.5952380952380949	1	1
2.8807380199432373	2	10.684036072745915	5.5674923649291994	4.6720238095238091	6.5464285714285717	30	4	75	3.1058285412302489	5.9958718202307253	1	12.105828541230249	4.9958718202307253	0.0	-5.5952380952380949	1	1
2.8973498344421387	2	10.577258380883071	2.3179679680922503	5.2035714285714283	6.5464285714285717	30	4	75	3.1058285412302489	5.9958718202307253	1	12.105828541230249	4.9958718202307253	0.0	-5.5952380952380949	1	1
2.9140398502349854	2	11.435481585170733	1.7901684478673285	6.2107142857142854	6.5184523809523807	30	4	75	3.1058285412302489	5.9958718202307253	1	12.105828541230249	4.9958718202307253	0.0	-5.5952380952380949	1	1
2.9305570125579834	2	12.085891960992353	1.3500455978936774	6.9940476190476186	6.4625000000000004	30	4	75	3.1058285412302489	5.9958718202307253	1	12.105828541230249	4.9958718202307253	0.0	-5.5952380952380949	1	1
2.947131872177124	2	12.324424778704588	1.1477203669676417	7.3017857142857139	6.4065476190476192	30	4	75	3.1058285412302489	5.9958718202307253	1	12.105828541230249	4.9958718202307253	0.0	-5.5952380952380949	1	1
2.963735818862915	2	12.607665680901114	0.8549746670203362	7.6934523809523814	6.2946428571428568	30	5	75	3.1058285412302489	5.9958718202307253	1	12.105828541230249	4.9958718202307253	0.0	-5.5952380952380949	1	1
2.980315923690796	2	12.63463757132461	0.67788182780048967	7.8053571428571429	6.1547619047619051	30	5	75	3.1058285412302489	5.9958718202307253	1	12.105828541230249	4.9958718202307253	0.0	-5.5952380952380949	1	1
2.9971938133239746	2	12.554457098718736	0.59495755642461035	7.7773809523809527	6.0428571428571427	30	5	75	3.1058285412302489	5.9958718202307253	1	12.105828541230249	4.9958718202307253	0.0	-5.5952380952380949	1	1
3.013917922973633	2	12.297183786893013	0.48506139462523734	7.6095238095238091	5.8190476190476188	30	5	75	3.1058285412302489	5.9958718202307253	1	12.105828541230249	4.9958718202307253	0.0	-5.5952380952380949	1	1
3.030333995819092	2	11.890793826323636	0.39664952570935164	7.3017857142857139	5.5392857142857146	30	5	75	3.1058285412302489	5.9958718202307253	1	12.105828541230249	4.9958718202307253	0.0	-5.5952380952380949	1	1
3.046923875808716	2	11.599052426429024	0.3389576460396615	7.0779761904761909	5.3434523809523808	30	5	75	3.1058285412302489	5.9958718202307253	1	12.105828541230249	4.9958718202307253	0.0	-5.5952380952380949	1	1
3.0635440349578857	2	10.918657260025824	0.27952626765266153	6.5184523809523807	4.9517857142857142	30	5	75	3.1058285412302489	5.9958718202307253	1	12.105828541230249	4.9958718202307253	0.0	-5.5952380952380949	1	1
3.080197811126709	2	10.050929257987383	0.23133918573375212	5.7910714285714286	4.4761904761904763	30	5	75	3.1058285412302489	5.9958718202307253	1	12.105828541230249	4.9958718202307253	0.0	-5.5952380952380949	1	1
3.0967938899993896	2	9.523398839150538	0.21286779300834358	5.3434523809523808	4.1964285714285712	30	5	75	3.1058285412302489	5.9958718202307253	1	12.105828541230249	4.9958718202307253	0.0	-5.5952380952380949	1	1
3.1133480072021484	2	8.430121814585261	0.16568501114212886	4.4202380952380951	3.6089285714285713	30	5	75	3.1058285412302489	5.9958718202307253	1	12.105828541230249	4.9958718202307253	0.0	-5.5952380952380949	1	1
3.1299610137939453	2	7.2082081341071245	0.063554148376226749	3.413095238095238	2.9095238095238094	30	5	75	3.1058285412302489	5.9958718202307253	1	12.105828541230249	4.9958718202307253	0.0	-5.5952380952380949	1	1
3.146495819091797	2	6.576269151010913	-0.023853420486965149	2.9095238095238094	2.5178571428571428	30	5	75	3.1058285412302489	5.9958718202307253	1	12.105828541230249	4.9958718202307253	0.0	-5.5952380952380949	1	1
3.163187026977539	2	5.263935001511505	-0.17069236773715613	1.8464285714285715	1.7345238095238096	30	5	75	3.1058285412302489	5.9958718202307253	1	12.105828541230249	4.9958718202307253	0.0	-5.5952380952380949	1	1
3.179715871810913	2	4.593779831523705	-0.26833993301574388	1.3148809523809524	1.3148809523809524	30	5	75	3.1058285412302489	5.9958718202307253	1	12.105828541230249	4.9958718202307253	0.0	-5.5952380952380949	1	1
3.1963469982147217	2	3.3019256748550916	-0.4916112540491131	0.30773809523809526	0.47559523809523807	30	5	75	3.1058285412302489	5.9958718202307253	1	12.105828541230249	4.9958718202307253	0.0	-5.5952380952380949	1	1
3.212885856628418	2	2.020311514601876	-0.75309876197407011	-0.67142857142857137	-0.39166666666666666	30	5	75	3.1058285412302489	5.9958718202307253	1	12.105828541230249	4.9958718202307253	0.0	-5.5952380952380949	1	1
3.2294528484344482	2	0.8393578197853309	-1.008094372306326	-1.5666666666666667	-1.2029761904761904	30	5	75	3.1058285412302489	5.9958718202307253	1	12.105828541230249	4.9958718202307253	0.0	-5.5952380952380949	1	1
3.245926856994629	2	0.29034310806499763	-1.175682413775391	-1.9583333333333333	-1.6226190476190476	30	5	75	3.1058285412302489	5.9958718202307253	1	12.105828541230249	4.9958718202307253	0.0	-5.5952380952380949	1	1
3.2622618675231934	2	-0.7172658463543977	-1.4661504122292319	-2.6857142857142855	-2.3779761904761907	30	5	75	3.1058285412302489	5.9958718202307253	1	12.105828541230249	4.9958718202307253	0.0	-5.5952380952380949	1	1
3.2790699005126953	2	-1.151631997399966	-1.6030184644521026	-2.9934523809523808	-2.7136904761904761	30	5	75	3.1058285412302489	5.9958718202307253	1	12.105828541230249	4.9958718202307253	0.0	-5.5952380952380949	1	1
3.295670986175537	2	-1.9197038340544326	-1.8702626713051442	-3.5249999999999999	-3.3291666666666666	30	5	75	3.1058285412302489	5.9958718202307253	1	12.105828541230249	4.9958718202307253	0.0	-5.5952380952380949	1	1
3.312278985977173	2	-2.54889901838064	-2.1207749841500867	-3.9446428571428571	-3.8607142857142858	30	5	75	3.1058285412302489	5.9958718202307253	1	12.105828541230249	4.9958718202307253	0.0	-5.5952380952380949	1	1
3.3289480209350586	2	-3.063445642032083	-2.3405673077488363	-4.2803571428571425	-4.3083333333333336	30	5	75	3.1058285412302489	5.9958718202307253	1	12.105828541230249	4.9958718202307253	0.0	-5.5952380952380949	1	1
3.345486879348755	2	-3.2582746753127223	-2.4542115683709071	-4.3922619047619049	-4.5041666666666664	30	5	75	3.1058285412302489	5.9958718202307253	1	12.105828541230249	4.9958718202307253	0.0	-5.5952380952380949	1	1
3.3621280193328857	2	-3.5575122728527293	-2.6367920051307614	-4.5601190476190476	-4.8119047619047617	30	5	75	3.1058285412302489	5.9958718202307253	1	12.105828541230249	4.9958718202307253	0.0	-5.5952380952380949	1	1
3.378602981567383	2	-3.6619208371120973	-2.7057281812685439	-4.6160714285714288	-4.9238095238095241	30	5	75	3.1058285412302489	5.9958718202307253	1	12.105828541230249	4.9958718202307253	0.0	-5.5952380952380949	1	1
3.3952269554138184	2	-3.794305591847654	-2.8231205407133131	-4.6720238095238091	-5.0916666666666668	30	5	75	3.1058285412302489	5.9958718202307253	1	12.105828541230249	4.9958718202307253	0.0	-5.5952380952380949	1	1
3.4118709564208984	2	-3.8744860644535284	-2.9060448120891902	-4.7000000000000002	-5.2035714285714283	30	5	75	3.1058285412302489	5.9958718202307253	1	12.105828541230249	4.9958718202307253	0.0	-5.5952380952380949	1	1
3.4285898208618164	2	-3.9304384454059096	-3.0029571787031637	-4.7000000000000002	-5.3154761904761907	30	5	75	3.1058285412302489	5.9958718202307253	1	12.105828541230249	4.9958718202307253	0.0	-5.5952380952380949	1	1
3.445166826248169	2	-3.9584146358820997	-3.0514133620101496	-4.7000000000000002	-5.371428571428571	30	5	75	3.1058285412302489	5.9958718202307253	1	12.105828541230249	4.9958718202307253	0.0	-5.5952380952380949	1	1
3.46175479888916	2	-3.9761508299428923	-3.1380857322087254	-4.6720238095238091	-5.4553571428571432	30	5	75	3.1058285412302489	5.9958718202307253	1	12.105828541230249	4.9958718202307253	0.0	-5.5952380952380949	1	1
3.478294849395752	2	-3.9798989287655897	-3.2005300107538064	-4.644047619047619	-5.5113095238095235	30	5	75	3.1058285412302489	5.9958718202307253	1	12.105828541230249	4.9958718202307253	0.0	-5.5952380952380949	1	1
3.4949018955230713	2	-4.011623218064478	-3.3114304726058745	-4.6160714285714288	-5.6232142857142859	30	5	75	3.1058285412302489	5.9958718202307253	1	12.105828541230249	4.9958718202307253	0.0	-5.5952380952380949	1	1
3.511497974395752	2	-4.019119415709872	-3.4363190296960378	-4.5601190476190476	-5.7351190476190474	30	5	75	3.1058285412302489	5.9958718202307253	1	12.105828541230249	4.9958718202307253	0.0	-5.5952380952380949	1	1
3.5281949043273926	2	-4.064831800246855	-3.5714475832015991	-4.5321428571428575	-5.875	30	5	75	3.1058285412302489	5.9958718202307253	1	12.105828541230249	4.9958718202307253	0.0	-5.5952380952380949	1	1
3.54469895362854	2	-4.068579899069552	-3.6338918617466813	-4.5041666666666664	-5.9309523809523812	30	5	75	3.1058285412302489	5.9958718202307253	1	12.105828541230249	4.9958718202307253	0.0	-5.5952380952380949	1	1
3.5613439083099365	2	-4.142268474082726	-3.8174765985592285	-4.4761904761904763	-6.1267857142857141	30	5	75	3.1058285412302489	5.9958718202307253	1	12.105828541230249	4.9958718202307253	0.0	-5.5952380952380949	1	1
3.577903985977173	2	-4.160004668143518	-3.904148968757803	-4.4482142857142861	-6.2107142857142854	30	5	75	3.1058285412302489	5.9958718202307253	1	12.105828541230249	4.9958718202307253	0.0	-5.5952380952380949	1	1
3.5944769382476807	2	-4.261669433632882	-4.1361898888773379	-4.4202380952380951	-6.4625000000000004	30	5	75	3.1058285412302489	5.9958718202307253	1	12.105828541230249	4.9958718202307253	0.0	-5.5952380952380949	1	1
3.6110448837280273	2	-4.328866111053355	-4.4204350911265564	-4.3363095238095237	-6.7422619047619046	30	5	75	3.1058285412302489	5.9958718202307253	1	12.105828541230249	4.9958718202307253	0.0	-5.5952380952380949	1	1
3.627718925476074	2	-4.374578495590338	-4.5555636446321177	-4.3083333333333336	-6.8821428571428571	30	5	75	3.1058285412302489	5.9958718202307253	1	12.105828541230249	4.9958718202307253	0.0	-5.5952380952380949	1	1
3.644243001937866	2	-4.490231356317797	-4.8118326564051452	-4.2803571428571425	-7.1619047619047622	30	5	75	3.1058285412302489	5.9958718202307253	1	12.105828541230249	4.9958718202307253	0.0	-5.5952380952380949	1	1
3.6608798503875732	2	-4.654340400352242	-5.0401254777019817	-4.3083333333333336	-7.4416666666666664	30	5	75	3.1058285412302489	5.9958718202307253	1	12.105828541230249	4.9958718202307253	0.0	-5.5952380952380949	1	1
3.6774938106536865	2	-4.734520872958116	-5.1230497490778593	-4.3363095238095237	-7.5535714285714288	30	5	75	3.1058285412302489	5.9958718202307253	1	12.105828541230249	4.9958718202307253	0.0	-5.5952380952380949	1	1
3.6941559314727783	2	-4.894881818169865	-5.2888982918296152	-4.3922619047619049	-7.7773809523809527	30	5	75	3.1058285412302489	5.9958718202307253	1	12.105828541230249	4.9958718202307253	0.0	-5.5952380952380949	1	1
3.7106659412384033	2	-4.985302287191137	-5.3336063763139041	-4.4482142857142861	-7.8613095238095241	30	5	75	3.1058285412302489	5.9958718202307253	1	12.105828541230249	4.9958718202307253	0.0	-5.5952380952380949	1	1
3.727391004562378	2	-5.190371316887174	-5.4090344500443877	-4.5880952380952378	-8.0291666666666668	30	5	75	3.1058285412302489	5.9958718202307253	1	12.105828541230249	4.9958718202307253	0.0	-5.5952380952380949	1	1
3.7439608573913574	2	-5.391692247760516	-5.4220182452297889	-4.7559523809523814	-8.1410714285714292	30	5	75	3.1058285412302489	5.9958718202307253	1	12.105828541230249	4.9958718202307253	0.0	-5.5952380952380949	1	1
3.760563850402832	2	-5.6274812667027465	-5.3827977582855064	-4.9797619047619044	-8.2249999999999996	30	5	75	3.1058285412302489	5.9958718202307253	1	12.105828541230249	4.9958718202307253	0.0	-5.5952380952380949	1	1
3.777122974395752	2	-5.738381728554814	-5.351073468986618	-5.0916666666666668	-8.2529761904761898	30	5	75	3.1058285412302489	5.9958718202307253	1	12.105828541230249	4.9958718202307253	0.0	-5.5952380952380949	1	1
3.7937159538269043	2	-6.00489073674324	-5.1972044213675703	-5.399404761904762	-8.2529761904761898	30	5	75	3.1058285412302489	5.9958718202307253	1	12.105828541230249	4.9958718202307253	0.0	-5.5952380952380949	1	1
3.8100109100341797	2	-6.136271191426104	-5.0890477582855063	-5.5672619047619047	-8.2249999999999996	30	5	75	3.1058285412302489	5.9958718202307253	1	12.105828541230249	4.9958718202307253	0.0	-5.5952380952380949	1	1
3.8267009258270264	2	-6.409272097207231	-4.8345182452297895	-5.9309523809523812	-8.1410714285714292	30	5	75	3.1058285412302489	5.9958718202307253	1	12.105828541230249	4.9958718202307253	0.0	-5.5952380952380949	1	1
3.843247890472412	2	-6.609588728027877	-4.621953017888357	-6.2107142857142854	-8.0571428571428569	30	5	75	3.1058285412302489	5.9958718202307253	1	12.105828541230249	4.9958718202307253	0.0	-5.5952380952380949	1	1
3.8597779273986816	2	-6.702752995819153	-4.5035563583908944	-6.350595238095238	-8.0011904761904766	30	5	75	3.1058285412302489	5.9958718202307253	1	12.105828541230249	4.9958718202307253	0.0	-5.5952380952380949	1	1
3.876386880874634	2	-6.86485343974821	-4.2807511346340643	-6.602380952380952	-7.8892857142857142	30	5	75	3.1058285412302489	5.9958718202307253	1	12.105828541230249	4.9958718202307253	0.0	-5.5952380952380949	1	1
3.893014907836914	2	-6.98873769678568	-4.0477059144618357	-6.8261904761904759	-7.7494047619047617	30	5	75	3.1058285412302489	5.9958718202307253	1	12.105828541230249	4.9958718202307253	0.0	-5.5952380952380949	1	1
3.9095778465270996	2	-7.043685777685368	-3.919069258548975	-6.9380952380952383	-7.6654761904761903	30	5	75	3.1058285412302489	5.9958718202307253	1	12.105828541230249	4.9958718202307253	0.0	-5.5952380952380949	1	1
3.926179885864258	2	-7.1675700347228375	-3.6860240383767469	-7.1619047619047622	-7.5255952380952378	30	5	75	3.1058285412302489	5.9958718202307253	1	12.105828541230249	4.9958718202307253	0.0	-5.5952380952380949	1	1
3.9428069591522217	2	-7.281214295344909	-3.4911950050961078	-7.3577380952380951	-7.4136904761904763	30	5	75	3.1058285412302489	5.9958718202307253	1	12.105828541230249	4.9958718202307253	0.0	-5.5952380952380949	1	1
3.959707021713257	2	-7.339910475067294	-3.425002627728329	-7.4416666666666664	-7.3857142857142861	30	5	75	3.1058285412302489	5.9958718202307253	1	12.105828541230249	4.9958718202307253	0.0	-5.5952380952380949	1	1
3.976282835006714	2	-7.453554735689365	-3.230173594447689	-7.6375000000000002	-7.2738095238095237	30	5	75	3.1058285412302489	5.9958718202307253	1	12.105828541230249	4.9958718202307253	0.0	-5.5952380952380949	1	1
3.9928178787231445	2	-7.556958999896039	-3.0735607480586378	-7.8053571428571429	-7.1898809523809524	30	5	75	3.1058285412302489	5.9958718202307253	1	12.105828541230249	4.9958718202307253	0.0	-5.5952380952380949	1	1
4.009431838989258	2	-7.615655179618423	-3.0073683706908594	-7.8892857142857142	-7.1619047619047622	30	5	75	3.1058285412302489	5.9958718202307253	1	12.105828541230249	4.9958718202307253	0.0	-5.5952380952380949	1	1
4.026063919067383	2	-7.729299440240494	-2.8125393374102199	-8.0851190476190471	-7.0499999999999998	30	5	75	3.1058285412302489	5.9958718202307253	1	12.105828541230249	4.9958718202307253	0.0	-5.5952380952380949	1	1
4.042644023895264	2	-7.808475612793675	-2.6699145862592641	-8.2249999999999996	-6.9660714285714285	30	5	75	3.1058285412302489	5.9958718202307253	1	12.105828541230249	4.9958718202307253	0.0	-5.5952380952380949	1	1
4.059197902679443	2	-7.804727513970977	-2.6074703077141823	-8.2529761904761898	-6.9101190476190473	30	5	75	3.1058285412302489	5.9958718202307253	1	12.105828541230249	4.9958718202307253	0.0	-5.5952380952380949	1	1
4.075816869735718	2	-7.849435598455267	-2.5170498386929108	-8.336904761904762	-6.854166666666667	30	5	75	3.1058285412302489	5.9958718202307253	1	12.105828541230249	4.9958718202307253	0.0	-5.5952380952380949	1	1
4.092397928237915	2	-7.84568749963257	-2.4546055601478285	-8.3648809523809522	-6.7982142857142858	30	5	75	3.1058285412302489	5.9958718202307253	1	12.105828541230249	4.9958718202307253	0.0	-5.5952380952380949	1	1
4.108994960784912	2	-7.84568749963257	-2.4546055601478285	-8.3648809523809522	-6.7982142857142858	30	5	75	3.1058285412302489	5.9958718202307253	1	12.105828541230249	4.9958718202307253	0.0	-5.5952380952380949	1	1
4.125594854354858	2	-7.817711309156379	-2.4061493768408422	-8.3648809523809522	-6.7422619047619046	30	5	75	3.1058285412302489	5.9958718202307253	1	12.105828541230249	4.9958718202307253	0.0	-5.5952380952380949	1	1
4.142226934432983	2	-7.6890746532435195	-2.3512012959411548	-8.2809523809523817	-6.6303571428571431	30	5	75	3.1058285412302489	5.9958718202307253	1	12.105828541230249	4.9958718202307253	0.0	-5.5952380952380949	1	1
4.158802032470703	2	-7.55019800091526	-2.3344694019330561	-8.1690476190476193	-6.5464285714285717	30	5	75	3.1058285412302489	5.9958718202307253	1	12.105828541230249	4.9958718202307253	0.0	-5.5952380952380949	1	1
4.175386905670166	2	-7.210000417713661	-2.3047537127395556	-7.8892857142857142	-6.350595238095238	30	5	75	3.1058285412302489	5.9958718202307253	1	12.105828541230249	4.9958718202307253	0.0	-5.5952380952380949	1	1
4.191992998123169	2	-6.984451395186828	-2.3057580127922495	-7.6934523809523814	-6.2386904761904765	30	5	75	3.1058285412302489	5.9958718202307253	1	12.105828541230249	4.9958718202307253	0.0	-5.5952380952380949	1	1
4.20856785774231	2	-6.523113353717762	-2.3459827997892253	-7.2738095238095237	-6.0428571428571427	30	5	75	3.1058285412302489	5.9958718202307253	1	12.105828541230249	4.9958718202307253	0.0	-5.5952380952380949	1	1
4.225144863128662	2	-6.003079132526313	-2.45239996415398	-6.7702380952380956	-5.875	30	5	75	3.1058285412302489	5.9958718202307253	1	12.105828541230249	4.9958718202307253	0.0	-5.5952380952380949	1	1
4.241808891296387	2	-5.535249193464547	-2.5932852165876268	-6.2946428571428568	-5.7630952380952385	30	5	75	3.1058285412302489	5.9958718202307253	1	12.105828541230249	4.9958718202307253	0.0	-5.5952380952380949	1	1
4.258270025253296	2	-5.351664456651999	-2.6669737916007996	-6.0988095238095239	-5.7351190476190474	30	5	75	3.1058285412302489	5.9958718202307253	1	12.105828541230249	4.9958718202307253	0.0	-5.5952380952380949	1	1
4.274921894073486	2	-5.036699265156588	-2.8488190296960378	-5.7351190476190474	-5.7351190476190474	30	5	75	3.1058285412302489	5.9958718202307253	1	12.105828541230249	4.9958718202307253	0.0	-5.5952380952380949	1	1
4.291536808013916	2	-4.929546902127216	-2.9429875975400077	-5.5952380952380949	-5.7630952380952385	30	5	75	3.1058285412302489	5.9958718202307253	1	12.105828541230249	4.9958718202307253	0.0	-5.5952380952380949	1	1
4.308143854141235	2	-4.72923027130657	-3.1555528248814397	-5.3154761904761907	-5.8470238095238098	30	5	75	3.1058285412302489	5.9958718202307253	1	12.105828541230249	4.9958718202307253	0.0	-5.5952380952380949	1	1
4.3246870040893555	2	-4.581117922615607	-3.4025861402917621	-5.0636904761904766	-5.9869047619047615	30	5	75	3.1058285412302489	5.9958718202307253	1	12.105828541230249	4.9958718202307253	0.0	-5.5952380952380949	1	1
4.34136700630188	2	-4.4330055739246434	-3.6496194557020858	-4.8119047619047617	-6.1267857142857141	30	5	75	3.1058285412302489	5.9958718202307253	1	12.105828541230249	4.9958718202307253	0.0	-5.5952380952380949	1	1
4.357846975326538	2	-4.3882974894403555	-3.7400399247233582	-4.7279761904761903	-6.1827380952380953	30	5	75	3.1058285412302489	5.9958718202307253	1	12.105828541230249	4.9958718202307253	0.0	-5.5952380952380949	1	1
4.37441086769104	2	-4.340845606186063	-3.9935651377263826	-4.5601190476190476	-6.378571428571429	30	5	75	3.1058285412302489	5.9958718202307253	1	12.105828541230249	4.9958718202307253	0.0	-5.5952380952380949	1	1
4.391057968139648	2	-4.310125616939868	-4.1082136984011477	-4.4761904761904763	-6.4625000000000004	30	5	75	3.1058285412302489	5.9958718202307253	1	12.105828541230249	4.9958718202307253	0.0	-5.5952380952380949	1	1
4.4076478481292725	2	-4.349346103884151	-4.3440027173433791	-4.3922619047619049	-6.6863095238095234	30	5	75	3.1058285412302489	5.9958718202307253	1	12.105828541230249	4.9958718202307253	0.0	-5.5952380952380949	1	1
4.424301862716675	2	-4.426782777720021	-4.5900317327010089	-4.3363095238095237	-6.9380952380952383	30	5	75	3.1058285412302489	5.9958718202307253	1	12.105828541230249	4.9958718202307253	0.0	-5.5952380952380949	1	1
4.441006898880005	2	-4.528447543209386	-4.8220726528205429	-4.3083333333333336	-7.1898809523809524	30	5	75	3.1058285412302489	5.9958718202307253	1	12.105828541230249	4.9958718202307253	0.0	-5.5952380952380949	1	1
4.457522869110107	2	-4.598388019399862	-4.9432131110880091	-4.3083333333333336	-7.3297619047619049	30	5	75	3.1058285412302489	5.9958718202307253	1	12.105828541230249	4.9958718202307253	0.0	-5.5952380952380949	1	1
4.474071979522705	2	-4.748508968196211	-5.1472778407313529	-4.3363095238095237	-7.581547619047619	30	5	75	3.1058285412302489	5.9958718202307253	1	12.105828541230249	4.9958718202307253	0.0	-5.5952380952380949	1	1
4.490648984909058	2	-4.828689440802086	-5.2302021121072313	-4.3642857142857139	-7.6934523809523814	30	5	75	3.1058285412302489	5.9958718202307253	1	12.105828541230249	4.9958718202307253	0.0	-5.5952380952380949	1	1
4.507216930389404	2	-4.989050386013834	-5.3960506548589855	-4.4202380952380951	-7.9172619047619044	30	5	75	3.1058285412302489	5.9958718202307253	1	12.105828541230249	4.9958718202307253	0.0	-5.5952380952380949	1	1
4.523849964141846	2	-5.121435140749392	-5.5134430143037543	-4.4761904761904763	-8.0851190476190471	30	5	75	3.1058285412302489	5.9958718202307253	1	12.105828541230249	4.9958718202307253	0.0	-5.5952380952380949	1	1
4.5404438972473145	2	-5.250071796662253	-5.5683910952034417	-4.5601190476190476	-8.1970238095238095	30	5	75	3.1058285412302489	5.9958718202307253	1	12.105828541230249	4.9958718202307253	0.0	-5.5952380952380949	1	1
4.5570759773254395	2	-5.302276078791936	-5.6028591832723329	-4.5880952380952378	-8.2529761904761898	30	5	75	3.1058285412302489	5.9958718202307253	1	12.105828541230249	4.9958718202307253	0.0	-5.5952380952380949	1	1
4.573606014251709	2	-5.402936544228607	-5.609351080865034	-4.6720238095238091	-8.3089285714285719	30	5	75	3.1058285412302489	5.9958718202307253	1	12.105828541230249	4.9958718202307253	0.0	-5.5952380952380949	1	1
4.590171813964844	2	-5.465380822773689	-5.6056029820423365	-4.7279761904761903	-8.336904761904762	30	5	75	3.1058285412302489	5.9958718202307253	1	12.105828541230249	4.9958718202307253	0.0	-5.5952380952380949	1	1
4.606805801391602	2	-5.6629536548243316	-5.5561424986826555	-4.9238095238095241	-8.3928571428571423	30	5	75	3.1058285412302489	5.9958718202307253	1	12.105828541230249	4.9958718202307253	0.0	-5.5952380952380949	1	1
4.623386859893799	2	-5.933210761835454	-5.4647177296086911	-5.2035714285714283	-8.4488095238095244	30	5	75	3.1058285412302489	5.9958718202307253	1	12.105828541230249	4.9958718202307253	0.0	-5.5952380952380949	1	1
4.640017032623291	2	-6.078579311756414	-5.3807891581801197	-5.371428571428571	-8.4488095238095244	30	5	75	3.1058285412302489	5.9958718202307253	1	12.105828541230249	4.9958718202307253	0.0	-5.5952380952380949	1	1
4.656651973724365	2	-6.455988781796908	-5.1951958212621836	-5.7910714285714286	-8.4767857142857146	30	5	75	3.1058285412302489	5.9958718202307253	1	12.105828541230249	4.9958718202307253	0.0	-5.5952380952380949	1	1
4.673184871673584	2	-6.853878244668198	-4.9331701105610719	-6.2666666666666666	-8.4488095238095244	30	5	75	3.1058285412302489	5.9958718202307253	1	12.105828541230249	4.9958718202307253	0.0	-5.5952380952380949	1	1
4.689823865890503	2	-7.047702977896143	-4.8212653486563095	-6.4904761904761905	-8.4488095238095244	30	5	75	3.1058285412302489	5.9958718202307253	1	12.105828541230249	4.9958718202307253	0.0	-5.5952380952380949	1	1
4.706347942352295	2	-7.372908165806952	-4.6012039236694822	-6.8821428571428571	-8.4208333333333325	30	5	75	3.1058285412302489	5.9958718202307253	1	12.105828541230249	4.9958718202307253	0.0	-5.5952380952380949	1	1
4.722927808761597	2	-7.684125258479667	-4.356914407029163	-7.2738095238095237	-8.3648809523809522	30	5	75	3.1058285412302489	5.9958718202307253	1	12.105828541230249	4.9958718202307253	0.0	-5.5952380952380949	1	1
4.739522933959961	2	-7.8015176179244365	-4.2245296522936062	-7.4416666666666664	-8.3089285714285719	30	5	75	3.1058285412302489	5.9958718202307253	1	12.105828541230249	4.9958718202307253	0.0	-5.5952380952380949	1	1
4.756232023239136	2	-8.11273471059715	-3.9802401356532848	-7.833333333333333	-8.2529761904761898	30	5	75	3.1058285412302489	5.9958718202307253	1	12.105828541230249	4.9958718202307253	0.0	-5.5952380952380949	1	1
4.7727580070495605	2	-8.420203704447168	-3.6735063404678852	-8.2529761904761898	-8.1410714285714292	30	5	75	3.1058285412302489	5.9958718202307253	1	12.105828541230249	4.9958718202307253	0.0	-5.5952380952380949	1	1
4.789350986480713	2	-8.624268434090512	-3.5233853916715332	-8.5047619047619047	-8.1130952380952372	30	5	75	3.1058285412302489	5.9958718202307253	1	12.105828541230249	4.9958718202307253	0.0	-5.5952380952380949	1	1
4.805961847305298	2	-9.008169801723707	-3.2371315893169283	-8.9803571428571427	-8.0571428571428569	30	5	75	3.1058285412302489	5.9958718202307253	1	12.105828541230249	4.9958718202307253	0.0	-5.5952380952380949	1	1
4.82253885269165	2	-9.357603081288008	-3.0030820690920068	-9.4000000000000004	-8.0291666666666668	30	5	75	3.1058285412302489	5.9958718202307253	1	12.105828541230249	4.9958718202307253	0.0	-5.5952380952380949	1	1
4.839109897613525	2	-9.527199722862461	-2.9051654024253404	-9.5958333333333332	-8.0291666666666668	30	5	75	3.1058285412302489	5.9958718202307253	1	12.105828541230249	4.9958718202307253	0.0	-5.5952380952380949	1	1
4.855777025222778	2	-9.81793682270438	-2.7373082595681977	-9.9315476190476186	-8.0291666666666668	30	5	75	3.1058285412302489	5.9958718202307253	1	12.105828541230249	4.9958718202307253	0.0	-5.5952380952380949	1	1
4.8723390102386475	2	-10.025749651170422	-2.649631589316928	-10.155357142857143	-8.0571428571428569	30	5	75	3.1058285412302489	5.9958718202307253	1	12.105828541230249	4.9958718202307253	0.0	-5.5952380952380949	1	1
4.888964891433716	2	-10.098433926130902	-2.6076673036026428	-10.239285714285714	-8.0571428571428569	30	5	75	3.1058285412302489	5.9958718202307253	1	12.105828541230249	4.9958718202307253	0.0	-5.5952380952380949	1	1
4.905509948730469	2	-10.223322483221065	-2.6001711059572474	-10.351190476190476	-8.1130952380952372	30	5	75	3.1058285412302489	5.9958718202307253	1	12.105828541230249	4.9958718202307253	0.0	-5.5952380952380949	1	1
4.922114849090576	2	-10.27177866652805	-2.5721949154810573	-10.407142857142857	-8.1130952380952372	30	5	75	3.1058285412302489	5.9958718202307253	1	12.105828541230249	4.9958718202307253	0.0	-5.5952380952380949	1	1
4.938414812088013	2	-10.396667223618214	-2.5646987178356637	-10.519047619047619	-8.1690476190476193	30	5	75	3.1058285412302489	5.9958718202307253	1	12.105828541230249	4.9958718202307253	0.0	-5.5952380952380949	1	1
4.955060958862305	2	-10.53929197476917	-2.6438748903888438	-10.602976190476191	-8.3089285714285719	30	5	75	3.1058285412302489	5.9958718202307253	1	12.105828541230249	4.9958718202307253	0.0	-5.5952380952380949	1	1
4.971588850021362	2	-10.629712443790442	-2.6885829748731322	-10.658928571428572	-8.3928571428571423	30	5	75	3.1058285412302489	5.9958718202307253	1	12.105828541230249	4.9958718202307253	0.0	-5.5952380952380949	1	1
4.988199949264526	2	-10.779833392586792	-2.8926477045164769	-10.686904761904762	-8.6446428571428573	30	5	75	3.1058285412302489	5.9958718202307253	1	12.105828541230249	4.9958718202307253	0.0	-5.5952380952380949	1	1
5.004776954650879	2	-10.919714344967744	-3.1349286210514093	-10.686904761904762	-8.9244047619047624	30	5	75	3.1058285412302489	5.9958718202307253	1	12.105828541230249	4.9958718202307253	0.0	-5.5952380952380949	1	1
5.0214879512786865	2	-10.951438634266632	-3.2458290829034766	-10.658928571428572	-9.036309523809523	30	5	75	3.1058285412302489	5.9958718202307253	1	12.105828541230249	4.9958718202307253	0.0	-5.5952380952380949	1	1
5.038019895553589	2	-10.966431029557421	-3.4956061970838044	-10.547023809523809	-9.2601190476190478	30	5	75	3.1058285412302489	5.9958718202307253	1	12.105828541230249	4.9958718202307253	0.0	-5.5952380952380949	1	1
5.054625034332275	2	-10.880762959411541	-3.7388914136714297	-10.351190476190476	-9.4279761904761905	30	5	75	3.1058285412302489	5.9958718202307253	1	12.105828541230249	4.9958718202307253	0.0	-5.5952380952380949	1	1
5.071189880371094	2	-10.801586786858362	-3.8815161648223864	-10.211309523809524	-9.5119047619047628	30	5	75	3.1058285412302489	5.9958718202307253	1	12.105828541230249	4.9958718202307253	0.0	-5.5952380952380949	1	1
5.088090896606445	2	-10.566802067968823	-4.1462856742935017	-9.8755952380952383	-9.6238095238095234	30	5	75	3.1058285412302489	5.9958718202307253	1	12.105828541230249	4.9958718202307253	0.0	-5.5952380952380949	1	1
5.1046459674835205	2	-10.269573070534204	-4.4148032825873154	-9.4839285714285708	-9.7077380952380956	30	5	75	3.1058285412302489	5.9958718202307253	1	12.105828541230249	4.9958718202307253	0.0	-5.5952380952380949	1	1
5.1212379932403564	2	-10.113964524197845	-4.5369480409074745	-9.288095238095238	-9.7357142857142858	30	5	75	3.1058285412302489	5.9958718202307253	1	12.105828541230249	4.9958718202307253	0.0	-5.5952380952380949	1	1
5.137852907180786	2	-9.778519339871638	-4.7952256527858896	-8.8684523809523803	-9.7916666666666661	30	5	75	3.1058285412302489	5.9958718202307253	1	12.105828541230249	4.9958718202307253	0.0	-5.5952380952380949	1	1
5.154466867446899	2	-9.390869873415745	-5.0190351765954127	-8.4208333333333325	-9.7916666666666661	30	5	75	3.1058285412302489	5.9958718202307253	1	12.105828541230249	4.9958718202307253	0.0	-5.5952380952380949	1	1
5.170966863632202	2	-9.221273231841293	-5.1169518432620791	-8.2249999999999996	-9.7916666666666661	30	5	75	3.1058285412302489	5.9958718202307253	1	12.105828541230249	4.9958718202307253	0.0	-5.5952380952380949	1	1
5.187601804733276	2	-8.805647574909212	-5.2923051837646167	-7.7773809523809527	-9.7357142857142858	30	5	75	3.1058285412302489	5.9958718202307253	1	12.105828541230249	4.9958718202307253	0.0	-5.5952380952380949	1	1
5.204236030578613	2	-8.351805731085541	-5.4574185278517557	-7.3017857142857139	-9.6517857142857135	30	5	75	3.1058285412302489	5.9958718202307253	1	12.105828541230249	4.9958718202307253	0.0	-5.5952380952380949	1	1
5.220834970474243	2	-8.105776715727911	-5.5348552016876269	-7.0499999999999998	-9.5958333333333332	30	5	75	3.1058285412302489	5.9958718202307253	1	12.105828541230249	4.9958718202307253	0.0	-5.5952380952380949	1	1
5.237414836883545	2	-7.58949059335916	-5.7037166445974634	-6.5184523809523807	-9.4839285714285708	30	5	75	3.1058285412302489	5.9958718202307253	1	12.105828541230249	4.9958718202307253	0.0	-5.5952380952380949	1	1
5.254070997238159	2	-6.996772097207231	-5.8520980946765038	-5.9309523809523812	-9.3160714285714281	30	5	75	3.1058285412302489	5.9958718202307253	1	12.105828541230249	4.9958718202307253	0.0	-5.5952380952380949	1	1
5.270532846450806	2	-6.712526894958013	-5.9192947720969773	-5.6511904761904761	-9.2321428571428577	30	5	75	3.1058285412302489	5.9958718202307253	1	12.105828541230249	4.9958718202307253	0.0	-5.5952380952380949	1	1
5.287184953689575	2	-6.0815922119144945	-6.0574362257606191	-5.0357142857142856	-9.036309523809523	30	5	75	3.1058285412302489	5.9958718202307253	1	12.105828541230249	4.9958718202307253	0.0	-5.5952380952380949	1	1
5.303758859634399	2	-5.734902731120195	-6.1283810020037901	-4.7000000000000002	-8.9244047619047624	30	5	75	3.1058285412302489	5.9958718202307253	1	12.105828541230249	4.9958718202307253	0.0	-5.5952380952380949	1	1
5.320372819900513	2	-5.089979952838582	-6.2422943640139383	-4.0845238095238097	-8.7005952380952376	30	5	75	3.1058285412302489	5.9958718202307253	1	12.105828541230249	4.9958718202307253	0.0	-5.5952380952380949	1	1
5.33692193031311	2	-4.455297170972368	-6.3179915391325006	-3.4970238095238093	-8.4488095238095244	30	5	75	3.1058285412302489	5.9958718202307253	1	12.105828541230249	4.9958718202307253	0.0	-5.5952380952380949	1	1
5.353569030761719	2	-3.844842480759646	-6.379700619012965	-2.9375	-8.1970238095238095	30	5	75	3.1058285412302489	5.9958718202307253	1	12.105828541230249	4.9958718202307253	0.0	-5.5952380952380949	1	1
5.370078802108765	2	-3.55684917968773	-6.3844530178883563	-2.6857142857142855	-8.0571428571428569	30	5	75	3.1058285412302489	5.9958718202307253	1	12.105828541230249	4.9958718202307253	0.0	-5.5952380952380949	1	1
5.386720895767212	2	-3.0190787644354886	-6.4041978120545364	-2.2101190476190475	-7.8053571428571429	30	5	75	3.1058285412302489	5.9958718202307253	1	12.105828541230249	4.9958718202307253	0.0	-5.5952380952380949	1	1
5.403295993804932	2	-2.7935297419086553	-6.4052021121072311	-2.0142857142857142	-7.6934523809523814	30	5	75	3.1058285412302489	5.9958718202307253	1	12.105828541230249	4.9958718202307253	0.0	-5.5952380952380949	1	1
5.4199700355529785	2	-2.338683598032291	-6.3447664336675356	-1.650595238095238	-7.4136904761904763	30	5	75	3.1058285412302489	5.9958718202307253	1	12.105828541230249	4.9958718202307253	0.0	-5.5952380952380949	1	1
5.436517000198364	2	-1.922053641047515	-6.2945707516432403	-1.3148809523809524	-7.1619047619047622	30	5	75	3.1058285412302489	5.9958718202307253	1	12.105828541230249	4.9958718202307253	0.0	-5.5952380952380949	1	1
5.453127861022949	2	-1.5538798673697256	-6.2163988791427531	-1.0351190476190477	-6.9101190476190473	30	5	75	3.1058285412302489	5.9958718202307253	1	12.105828541230249	4.9958718202307253	0.0	-5.5952380952380949	1	1
5.4697349071502686	2	-1.3870270245652767	-6.1512108018276681	-0.92321428571428577	-6.7702380952380956	30	5	75	3.1058285412302489	5.9958718202307253	1	12.105828541230249	4.9958718202307253	0.0	-5.5952380952380949	1	1
5.486255884170532	2	-1.0915375258479667	-6.0310746436128948	-0.72738095238095235	-6.5184523809523807	30	5	75	3.1058285412302489	5.9958718202307253	1	12.105828541230249	4.9958718202307253	0.0	-5.5952380952380949	1	1
5.50286602973938	2	-0.9489127746970112	-5.9518984710597156	-0.643452380952381	-6.378571428571429	30	5	75	3.1058285412302489	5.9958718202307253	1	12.105828541230249	4.9958718202307253	0.0	-5.5952380952380949	1	1
5.51946496963501	2	-0.8025399247233578	-5.8102780199614532	-0.58750000000000002	-6.1827380952380953	30	5	75	3.1058285412302489	5.9958718202307253	1	12.105828541230249	4.9958718202307253	0.0	-5.5952380952380949	1	1
5.536082029342651	2	-0.6943832616412933	-5.6788975652785894	-0.55952380952380953	-6.0148809523809526	30	5	75	3.1058285412302489	5.9958718202307253	1	12.105828541230249	4.9958718202307253	0.0	-5.5952380952380949	1	1
5.552695989608765	2	-0.6486708771043103	-5.5437690117730272	-0.58750000000000002	-5.875	30	5	75	3.1058285412302489	5.9958718202307253	1	12.105828541230249	4.9958718202307253	0.0	-5.5952380952380949	1	1
5.569345951080322	2	-0.6551627746970111	-5.4431085463363571	-0.643452380952381	-5.7910714285714286	30	5	75	3.1058285412302489	5.9958718202307253	1	12.105828541230249	4.9958718202307253	0.0	-5.5952380952380949	1	1
5.585738897323608	2	-0.6299303829908238	-5.2315476190476184	-0.72738095238095235	-5.5952380952380949	30	5	75	3.1058285412302489	5.9958718202307253	1	12.105828541230249	4.9958718202307253	0.0	-5.5952380952380949	1	1
5.602406978607178	2	-0.6364222805835247	-5.1308871536109484	-0.78333333333333333	-5.5113095238095235	30	5	75	3.1058285412302489	5.9958718202307253	1	12.105828541230249	4.9958718202307253	0.0	-5.5952380952380949	1	1
5.619028806686401	2	-0.625177984115433	-4.9435543179757033	-0.86726190476190479	-5.3434523809523808	30	5	75	3.1058285412302489	5.9958718202307253	1	12.105828541230249	4.9958718202307253	0.0	-5.5952380952380949	1	1
5.635628938674927	2	-0.6176817864700387	-4.8186657608855405	-0.92321428571428577	-5.2315476190476193	30	5	75	3.1058285412302489	5.9958718202307253	1	12.105828541230249	4.9958718202307253	0.0	-5.5952380952380949	1	1
5.652249813079834	2	-0.6036936912319432	-4.794437669232047	-0.92321428571428577	-5.2035714285714283	30	5	75	3.1058285412302489	5.9958718202307253	1	12.105828541230249	4.9958718202307253	0.0	-5.5952380952380949	1	1
5.668874025344849	2	-0.6036936912319432	-4.794437669232047	-0.92321428571428577	-5.2035714285714283	30	5	75	3.1058285412302489	5.9958718202307253	1	12.105828541230249	4.9958718202307253	0.0	-5.5952380952380949	1	1
5.6854729652404785	2	-0.6279217828854363	-4.7804495739939519	-0.95119047619047614	-5.2035714285714283	30	5	75	3.1058285412302489	5.9958718202307253	1	12.105828541230249	4.9958718202307253	0.0	-5.5952380952380949	1	1
5.701929807662964	2	-0.6036936912319432	-4.794437669232047	-0.92321428571428577	-5.2035714285714283	30	5	75	3.1058285412302489	5.9958718202307253	1	12.105828541230249	4.9958718202307253	0.0	-5.5952380952380949	1	1
5.718626976013184	2	-0.6036936912319432	-4.794437669232047	-0.92321428571428577	-5.2035714285714283	30	5	75	3.1058285412302489	5.9958718202307253	1	12.105828541230249	4.9958718202307253	0.0	-5.5952380952380949	1	1
5.735209941864014	2	-0.57946559957845	-4.808425764470142	-0.89523809523809528	-5.2035714285714283	30	5	75	3.1058285412302489	5.9958718202307253	1	12.105828541230249	4.9958718202307253	0.0	-5.5952380952380949	1	1
5.751518964767456	2	-0.5729737019857492	-4.9090862299068121	-0.8392857142857143	-5.2874999999999996	30	5	75	3.1058285412302489	5.9958718202307253	1	12.105828541230249	4.9958718202307253	0.0	-5.5952380952380949	1	1
5.768183946609497	2	-0.5385056139168583	-4.9612905120364967	-0.78333333333333333	-5.3154761904761907	30	5	75	3.1058285412302489	5.9958718202307253	1	12.105828541230249	4.9958718202307253	0.0	-5.5952380952380949	1	1
5.784711837768555	2	-0.5217737199087592	-5.1001671643647546	-0.69940476190476186	-5.4273809523809522	30	5	75	3.1058285412302489	5.9958718202307253	1	12.105828541230249	4.9958718202307253	0.0	-5.5952380952380949	1	1
5.801308870315552	2	-0.4873056318398684	-5.1523714464944392	-0.643452380952381	-5.4553571428571432	30	5	75	3.1058285412302489	5.9958718202307253	1	12.105828541230249	4.9958718202307253	0.0	-5.5952380952380949	1	1
5.817940950393677	2	-0.4425975473555788	-5.2427919155157108	-0.55952380952380953	-5.5113095238095235	30	5	75	3.1058285412302489	5.9958718202307253	1	12.105828541230249	4.9958718202307253	0.0	-5.5952380952380949	1	1
5.834499835968018	2	-0.39788946287128973	-5.3332123845369832	-0.47559523809523807	-5.5672619047619047	30	5	75	3.1058285412302489	5.9958718202307253	1	12.105828541230249	4.9958718202307253	0.0	-5.5952380952380949	1	1
