time	trial	cursorx	cursory	hand_x	hand_Y	rotation	step	targetangle	targetposx	targetposy	garagelocation	garageposx	garageposy	homex	homey	group	trial_type
9.5367431640625e-07	1	-0.19583333333333333	-5.147619047619048	-0.19583333333333333	-5.147619047619048	0	5	75	3.1058285412302489	5.9958718202307253	-1	-5.8941714587697511	4.9958718202307253	0.0	-5.5952380952380949	1	1
0.029896020889282227	1	-0.2517857142857143	-5.371428571428571	-0.25178571428571428	-5.371428571428571	0	1	75	3.1058285412302489	5.9958718202307253	-1	-5.8941714587697511	4.9958718202307253	0.0	-5.5952380952380949	1	1
0.046441078186035156	1	-0.2517857142857143	-5.4833333333333334	-0.25178571428571428	-5.4833333333333334	0	1	75	3.1058285412302489	5.9958718202307253	-1	-5.8941714587697511	4.9958718202307253	0.0	-5.5952380952380949	1	1
0.06340694427490234	1	-0.2517857142857143	-5.5113095238095235	-0.25178571428571428	-5.5113095238095235	0	1	75	3.1058285412302489	5.9958718202307253	-1	-5.8941714587697511	4.9958718202307253	0.0	-5.5952380952380949	1	1
0.07995104789733887	1	-0.27976190476190477	-5.5952380952380949	-0.27976190476190477	-5.5952380952380949	0	1	75	3.1058285412302489	5.9958718202307253	-1	-5.8941714587697511	4.9958718202307253	0.0	-5.5952380952380949	1	1
0.09651303291320801	1	-0.27976190476190477	-5.6232142857142859	-0.27976190476190477	-5.6232142857142859	0	1	75	3.1058285412302489	5.9958718202307253	-1	-5.8941714587697511	4.9958718202307253	0.0	-5.5952380952380949	1	1
0.11316490173339844	1	-0.27976190476190477	-5.6511904761904761	-0.27976190476190477	-5.6511904761904761	0	1	75	3.1058285412302489	5.9958718202307253	-1	-5.8941714587697511	4.9958718202307253	0.0	-5.5952380952380949	1	1
0.12973308563232422	1	-0.27976190476190477	-5.6791666666666663	-0.27976190476190477	-5.6791666666666663	0	1	75	3.1058285412302489	5.9958718202307253	-1	-5.8941714587697511	4.9958718202307253	0.0	-5.5952380952380949	1	1
0.14627408981323242	1	-0.27976190476190477	-5.7071428571428573	-0.27976190476190477	-5.7071428571428573	0	1	75	3.1058285412302489	5.9958718202307253	-1	-5.8941714587697511	4.9958718202307253	0.0	-5.5952380952380949	1	1
0.1629500389099121	1	-0.27976190476190477	-5.7071428571428573	-0.27976190476190477	-5.7071428571428573	0	1	75	3.1058285412302489	5.9958718202307253	-1	-5.8941714587697511	4.9958718202307253	0.0	-5.5952380952380949	1	1
0.17954587936401367	1	-0.27976190476190477	-5.7071428571428573	-0.27976190476190477	-5.7071428571428573	0	1	75	3.1058285412302489	5.9958718202307253	-1	-5.8941714587697511	4.9958718202307253	0.0	-5.5952380952380949	1	1
0.19611406326293945	1	-0.27976190476190477	-5.7351190476190474	-0.27976190476190477	-5.7351190476190474	0	1	75	3.1058285412302489	5.9958718202307253	-1	-5.8941714587697511	4.9958718202307253	0.0	-5.5952380952380949	1	1
0.21269798278808594	1	-0.27976190476190477	-5.7351190476190474	-0.27976190476190477	-5.7351190476190474	0	1	75	3.1058285412302489	5.9958718202307253	-1	-5.8941714587697511	4.9958718202307253	0.0	-5.5952380952380949	1	1
0.2292780876159668	1	-0.30773809523809526	-5.7351190476190474	-0.30773809523809526	-5.7351190476190474	0	1	75	3.1058285412302489	5.9958718202307253	-1	-5.8941714587697511	4.9958718202307253	0.0	-5.5952380952380949	1	1
0.24590086936950684	1	-0.30773809523809526	-5.7351190476190474	-0.30773809523809526	-5.7351190476190474	0	1	75	3.1058285412302489	5.9958718202307253	-1	-5.8941714587697511	4.9958718202307253	0.0	-5.5952380952380949	1	1
0.2625088691711426	1	-0.30773809523809526	-5.7071428571428573	-0.30773809523809526	-5.7071428571428573	0	1	75	3.1058285412302489	5.9958718202307253	-1	-5.8941714587697511	4.9958718202307253	0.0	-5.5952380952380949	1	1
0.2790510654449463	1	-0.30773809523809526	-5.7071428571428573	-0.30773809523809526	-5.7071428571428573	0	1	75	3.1058285412302489	5.9958718202307253	-1	-5.8941714587697511	4.9958718202307253	0.0	-5.5952380952380949	1	1
0.2956380844116211	1	-0.30773809523809526	-5.7071428571428573	-0.30773809523809526	-5.7071428571428573	0	1	75	3.1058285412302489	5.9958718202307253	-1	-5.8941714587697511	4.9958718202307253	0.0	-5.5952380952380949	1	1
0.3122899532318115	1	-0.30773809523809526	-5.7071428571428573	-0.30773809523809526	-5.7071428571428573	0	1	75	3.1058285412302489	5.9958718202307253	-1	-5.8941714587697511	4.9958718202307253	0.0	-5.5952380952380949	1	1
0.3287510871887207	1	-0.27976190476190477	-5.7071428571428573	-0.27976190476190477	-5.7071428571428573	0	1	75	3.1058285412302489	5.9958718202307253	-1	-5.8941714587697511	4.9958718202307253	0.0	-5.5952380952380949	1	1
0.3454439640045166	1	-0.27976190476190477	-5.7071428571428573	-0.27976190476190477	-5.7071428571428573	0	1	75	3.1058285412302489	5.9958718202307253	-1	-5.8941714587697511	4.9958718202307253	0.0	-5.5952380952380949	1	1
0.36208105087280273	1	-0.27976190476190477	-5.7071428571428573	-0.27976190476190477	-5.7071428571428573	0	1	75	3.1058285412302489	5.9958718202307253	-1	-5.8941714587697511	4.9958718202307253	0.0	-5.5952380952380949	1	1
0.37869906425476074	1	-0.27976190476190477	-5.7071428571428573	-0.27976190476190477	-5.7071428571428573	0	1	75	3.1058285412302489	5.9958718202307253	-1	-5.8941714587697511	4.9958718202307253	0.0	-5.5952380952380949	1	1
0.394974946975708	1	-0.27976190476190477	-5.7071428571428573	-0.27976190476190477	-5.7071428571428573	0	1	75	3.1058285412302489	5.9958718202307253	-1	-5.8941714587697511	4.9958718202307253	0.0	-5.5952380952380949	1	1
0.41155195236206055	1	-0.27976190476190477	-5.7071428571428573	-0.27976190476190477	-5.7071428571428573	0	1	75	3.1058285412302489	5.9958718202307253	-1	-5.8941714587697511	4.9958718202307253	0.0	-5.5952380952380949	1	1
0.4281580448150635	1	-0.27976190476190477	-5.6791666666666663	-0.27976190476190477	-5.6791666666666663	0	1	75	3.1058285412302489	5.9958718202307253	-1	-5.8941714587697511	4.9958718202307253	0.0	-5.5952380952380949	1	1
0.44475603103637695	1	-0.22380952380952382	-5.5672619047619047	-0.22380952380952382	-5.5672619047619047	0	1	75	3.1058285412302489	5.9958718202307253	-1	-5.8941714587697511	4.9958718202307253	0.0	-5.5952380952380949	1	1
0.4613630771636963	1	-0.13988095238095238	-5.399404761904762	-0.13988095238095238	-5.399404761904762	0	1	75	3.1058285412302489	5.9958718202307253	-1	-5.8941714587697511	4.9958718202307253	0.0	-5.5952380952380949	1	1
0.47797393798828125	1	-0.027976190476190477	-5.147619047619048	-0.027976190476190477	-5.147619047619048	0	1	75	3.1058285412302489	5.9958718202307253	-1	-5.8941714587697511	4.9958718202307253	0.0	-5.5952380952380949	1	1
0.49451589584350586	1	0.055952380952380955	-4.9797619047619044	0.055952380952380955	-4.9797619047619044	0	1	75	3.1058285412302489	5.9958718202307253	-1	-5.8941714587697511	4.9958718202307253	0.0	-5.5952380952380949	1	1
0.5111348628997803	1	0.16785714285714284	-4.6720238095238091	0.16785714285714284	-4.6720238095238091	0	1	75	3.1058285412302489	5.9958718202307253	-1	-5.8941714587697511	4.9958718202307253	0.0	-5.5952380952380949	1	1
0.5276949405670166	1	0.22380952380952382	-4.4761904761904763	0.22380952380952382	-4.4761904761904763	0	1	75	3.1058285412302489	5.9958718202307253	-1	-5.8941714587697511	4.9958718202307253	0.0	-5.5952380952380949	1	1
0.5445618629455566	1	0.3357142857142857	-4.0845238095238097	0.33571428571428569	-4.0845238095238097	0	1	75	3.1058285412302489	5.9958718202307253	-1	-5.8941714587697511	4.9958718202307253	0.0	-5.5952380952380949	1	1
0.5611779689788818	1	0.44761904761904764	-3.6648809523809525	0.44761904761904764	-3.6648809523809525	0	1	75	3.1058285412302489	5.9958718202307253	-1	-5.8941714587697511	4.9958718202307253	0.0	-5.5952380952380949	1	1
0.577826976776123	1	0.5595238095238095	-3.1892857142857145	0.55952380952380953	-3.1892857142857145	0	1	75	3.1058285412302489	5.9958718202307253	-1	-5.8941714587697511	4.9958718202307253	0.0	-5.5952380952380949	1	1
0.5943560600280762	1	0.6154761904761905	-2.9375	0.61547619047619051	-2.9375	0	1	75	3.1058285412302489	5.9958718202307253	-1	-5.8941714587697511	4.9958718202307253	0.0	-5.5952380952380949	1	1
0.6109390258789062	1	0.7273809523809524	-2.4059523809523808	0.72738095238095235	-2.4059523809523808	0	2	75	3.1058285412302489	5.9958718202307253	-1	-5.8941714587697511	4.9958718202307253	0.0	-5.5952380952380949	1	1
0.6275289058685303	1	0.7833333333333333	-2.1541666666666668	0.78333333333333333	-2.1541666666666668	0	2	75	3.1058285412302489	5.9958718202307253	-1	-5.8941714587697511	4.9958718202307253	0.0	-5.5952380952380949	1	1
0.6441769599914551	1	0.8952380952380953	-1.6226190476190476	0.89523809523809528	-1.6226190476190476	0	2	75	3.1058285412302489	5.9958718202307253	-1	-5.8941714587697511	4.9958718202307253	0.0	-5.5952380952380949	1	1
0.6606030464172363	1	1.0351190476190477	-1.0630952380952383	1.0351190476190477	-1.0630952380952381	0	2	75	3.1058285412302489	5.9958718202307253	-1	-5.8941714587697511	4.9958718202307253	0.0	-5.5952380952380949	1	1
0.6773838996887207	1	1.2029761904761904	-0.53154761904761916	1.2029761904761904	-0.53154761904761905	0	2	75	3.1058285412302489	5.9958718202307253	-1	-5.8941714587697511	4.9958718202307253	0.0	-5.5952380952380949	1	1
0.6939659118652344	1	1.286904761904762	-0.2797619047619051	1.286904761904762	-0.27976190476190477	0	2	75	3.1058285412302489	5.9958718202307253	-1	-5.8941714587697511	4.9958718202307253	0.0	-5.5952380952380949	1	1
0.7102758884429932	1	1.4827380952380953	0.25178571428571406	1.4827380952380953	0.25178571428571428	0	2	75	3.1058285412302489	5.9958718202307253	-1	-5.8941714587697511	4.9958718202307253	0.0	-5.5952380952380949	1	1
0.7268190383911133	1	1.5666666666666667	0.53154761904761916	1.5666666666666667	0.53154761904761905	0	2	75	3.1058285412302489	5.9958718202307253	-1	-5.8941714587697511	4.9958718202307253	0.0	-5.5952380952380949	1	1
0.7433750629425049	1	1.706547619047619	1.0351190476190482	1.706547619047619	1.0351190476190477	0	2	75	3.1058285412302489	5.9958718202307253	-1	-5.8941714587697511	4.9958718202307253	0.0	-5.5952380952380949	1	1
0.7600328922271729	1	1.818452380952381	1.5386904761904763	1.8184523809523809	1.5386904761904763	0	2	75	3.1058285412302489	5.9958718202307253	-1	-5.8941714587697511	4.9958718202307253	0.0	-5.5952380952380949	1	1
0.7766640186309814	1	1.9303571428571429	2.0142857142857142	1.9303571428571429	2.0142857142857142	0	2	75	3.1058285412302489	5.9958718202307253	-1	-5.8941714587697511	4.9958718202307253	0.0	-5.5952380952380949	1	1
0.7932488918304443	1	1.9863095238095239	2.2380952380952381	1.9863095238095239	2.2380952380952381	0	2	75	3.1058285412302489	5.9958718202307253	-1	-5.8941714587697511	4.9958718202307253	0.0	-5.5952380952380949	1	1
0.8098030090332031	1	2.126190476190476	2.6857142857142851	2.1261904761904762	2.6857142857142855	0	2	75	3.1058285412302489	5.9958718202307253	-1	-5.8941714587697511	4.9958718202307253	0.0	-5.5952380952380949	1	1
0.8263599872589111	1	2.182142857142857	2.9095238095238098	2.1821428571428569	2.9095238095238094	0	2	75	3.1058285412302489	5.9958718202307253	-1	-5.8941714587697511	4.9958718202307253	0.0	-5.5952380952380949	1	1
0.8430459499359131	1	2.3220238095238095	3.3291666666666657	2.3220238095238095	3.3291666666666666	0	2	75	3.1058285412302489	5.9958718202307253	-1	-5.8941714587697511	4.9958718202307253	0.0	-5.5952380952380949	1	1
0.8598339557647705	1	2.405952380952381	3.6928571428571431	2.4059523809523808	3.6928571428571431	0	2	75	3.1058285412302489	5.9958718202307253	-1	-5.8941714587697511	4.9958718202307253	0.0	-5.5952380952380949	1	1
0.8765099048614502	1	2.489880952380952	4.0285714285714285	2.4898809523809522	4.0285714285714285	0	2	75	3.1058285412302489	5.9958718202307253	-1	-5.8941714587697511	4.9958718202307253	0.0	-5.5952380952380949	1	1
0.8929519653320312	1	2.517857142857143	4.1964285714285712	2.5178571428571428	4.1964285714285712	0	2	75	3.1058285412302489	5.9958718202307253	-1	-5.8941714587697511	4.9958718202307253	0.0	-5.5952380952380949	1	1
0.9096958637237549	1	2.573809523809524	4.4761904761904763	2.573809523809524	4.4761904761904763	0	2	75	3.1058285412302489	5.9958718202307253	-1	-5.8941714587697511	4.9958718202307253	0.0	-5.5952380952380949	1	1
0.926231861114502	1	2.601785714285714	4.6160714285714288	2.6017857142857141	4.6160714285714288	0	2	75	3.1058285412302489	5.9958718202307253	-1	-5.8941714587697511	4.9958718202307253	0.0	-5.5952380952380949	1	1
0.9427649974822998	1	2.6577380952380953	4.8678571428571438	2.6577380952380953	4.8678571428571429	0	2	75	3.1058285412302489	5.9958718202307253	-1	-5.8941714587697511	4.9958718202307253	0.0	-5.5952380952380949	1	1
0.9594478607177734	1	2.713690476190476	5.0916666666666668	2.7136904761904761	5.0916666666666668	0	2	75	3.1058285412302489	5.9958718202307253	-1	-5.8941714587697511	4.9958718202307253	0.0	-5.5952380952380949	1	1
0.9760739803314209	1	2.713690476190476	5.1755952380952372	2.7136904761904761	5.1755952380952381	0	2	75	3.1058285412302489	5.9958718202307253	-1	-5.8941714587697511	4.9958718202307253	0.0	-5.5952380952380949	1	1
0.9925010204315186	1	2.7416666666666667	5.3434523809523817	2.7416666666666667	5.3434523809523808	0	2	75	3.1058285412302489	5.9958718202307253	-1	-5.8941714587697511	4.9958718202307253	0.0	-5.5952380952380949	1	1
1.0092029571533203	1	2.7696428571428573	5.4553571428571423	2.7696428571428573	5.4553571428571432	0	2	75	3.1058285412302489	5.9958718202307253	-1	-5.8941714587697511	4.9958718202307253	0.0	-5.5952380952380949	1	1
1.0255239009857178	1	2.7696428571428573	5.5113095238095227	2.7696428571428573	5.5113095238095235	0	2	75	3.1058285412302489	5.9958718202307253	-1	-5.8941714587697511	4.9958718202307253	0.0	-5.5952380952380949	1	1
1.0421700477600098	1	2.7976190476190474	5.5952380952380949	2.7976190476190474	5.5952380952380949	0	2	75	3.1058285412302489	5.9958718202307253	-1	-5.8941714587697511	4.9958718202307253	0.0	-5.5952380952380949	1	1
1.0587048530578613	1	2.825595238095238	5.6232142857142868	2.825595238095238	5.6232142857142859	0	2	75	3.1058285412302489	5.9958718202307253	-1	-5.8941714587697511	4.9958718202307253	0.0	-5.5952380952380949	1	1
1.0753939151763916	1	2.825595238095238	5.6511904761904752	2.825595238095238	5.6511904761904761	0	2	75	3.1058285412302489	5.9958718202307253	-1	-5.8941714587697511	4.9958718202307253	0.0	-5.5952380952380949	1	1
1.0919148921966553	1	2.825595238095238	5.6511904761904752	2.825595238095238	5.6511904761904761	0	2	75	3.1058285412302489	5.9958718202307253	-1	-5.8941714587697511	4.9958718202307253	0.0	-5.5952380952380949	1	1
1.1085178852081299	1	2.825595238095238	5.6511904761904752	2.825595238095238	5.6511904761904761	0	2	75	3.1058285412302489	5.9958718202307253	-1	-5.8941714587697511	4.9958718202307253	0.0	-5.5952380952380949	1	1
1.1250948905944824	1	2.825595238095238	5.6511904761904752	2.825595238095238	5.6511904761904761	0	2	75	3.1058285412302489	5.9958718202307253	-1	-5.8941714587697511	4.9958718202307253	0.0	-5.5952380952380949	1	1
1.1417040824890137	1	2.825595238095238	5.6511904761904752	2.825595238095238	5.6511904761904761	0	2	75	3.1058285412302489	5.9958718202307253	-1	-5.8941714587697511	4.9958718202307253	0.0	-5.5952380952380949	1	1
1.1582200527191162	1	2.8535714285714286	5.6791666666666671	2.8535714285714286	5.6791666666666663	0	2	75	3.1058285412302489	5.9958718202307253	-1	-5.8941714587697511	4.9958718202307253	0.0	-5.5952380952380949	1	1
1.174915075302124	1	2.8535714285714286	5.6791666666666671	2.8535714285714286	5.6791666666666663	0	2	75	3.1058285412302489	5.9958718202307253	-1	-5.8941714587697511	4.9958718202307253	0.0	-5.5952380952380949	1	1
1.1914939880371094	1	2.9095238095238094	5.7071428571428573	2.9095238095238094	5.7071428571428573	0	2	75	3.1058285412302489	5.9958718202307253	-1	-5.8941714587697511	4.9958718202307253	0.0	-5.5952380952380949	1	1
1.2080729007720947	1	2.9375	5.7351190476190474	2.9375	5.7351190476190474	0	2	75	3.1058285412302489	5.9958718202307253	-1	-5.8941714587697511	4.9958718202307253	0.0	-5.5952380952380949	1	1
1.224653959274292	1	2.9934523809523808	5.7910714285714278	2.9934523809523808	5.7910714285714286	0	2	75	3.1058285412302489	5.9958718202307253	-1	-5.8941714587697511	4.9958718202307253	0.0	-5.5952380952380949	1	1
1.2413089275360107	1	3.0214285714285714	5.8470238095238098	3.0214285714285714	5.8470238095238098	0	2	75	3.1058285412302489	5.9958718202307253	-1	-5.8941714587697511	4.9958718202307253	0.0	-5.5952380952380949	1	1
1.257817029953003	1	3.0214285714285714	5.8470238095238098	3.0214285714285714	5.8470238095238098	0	2	75	3.1058285412302489	5.9958718202307253	-1	-5.8941714587697511	4.9958718202307253	0.0	-5.5952380952380949	1	1
1.2743968963623047	1	3.0214285714285714	5.8470238095238098	3.0214285714285714	5.8470238095238098	0	2	75	3.1058285412302489	5.9958718202307253	-1	-5.8941714587697511	4.9958718202307253	0.0	-5.5952380952380949	1	1
1.2910540103912354	1	3.0214285714285714	5.8470238095238098	3.0214285714285714	5.8470238095238098	0	2	75	3.1058285412302489	5.9958718202307253	-1	-5.8941714587697511	4.9958718202307253	0.0	-5.5952380952380949	1	1
1.3076250553131104	1	3.0214285714285714	5.8470238095238098	3.0214285714285714	5.8470238095238098	0	2	75	3.1058285412302489	5.9958718202307253	-1	-5.8941714587697511	4.9958718202307253	0.0	-5.5952380952380949	1	1
1.3242220878601074	1	3.0214285714285714	5.8470238095238098	3.0214285714285714	5.8470238095238098	0	2	75	3.1058285412302489	5.9958718202307253	-1	-5.8941714587697511	4.9958718202307253	0.0	-5.5952380952380949	1	1
1.3408160209655762	1	3.0214285714285714	5.8470238095238098	3.0214285714285714	5.8470238095238098	0	2	75	3.1058285412302489	5.9958718202307253	-1	-5.8941714587697511	4.9958718202307253	0.0	-5.5952380952380949	1	1
1.3577179908752441	1	3.0214285714285714	5.8470238095238098	3.0214285714285714	5.8470238095238098	0	2	75	3.1058285412302489	5.9958718202307253	-1	-5.8941714587697511	4.9958718202307253	0.0	-5.5952380952380949	1	1
1.374258041381836	1	3.0214285714285714	5.8470238095238098	3.0214285714285714	5.8470238095238098	0	2	75	3.1058285412302489	5.9958718202307253	-1	-5.8941714587697511	4.9958718202307253	0.0	-5.5952380952380949	1	1
1.3908939361572266	1	3.0214285714285714	5.8470238095238098	3.0214285714285714	5.8470238095238098	0	2	75	3.1058285412302489	5.9958718202307253	-1	-5.8941714587697511	4.9958718202307253	0.0	-5.5952380952380949	1	1
1.4074430465698242	1	3.0214285714285714	5.8470238095238098	3.0214285714285714	5.8470238095238098	0	2	75	3.1058285412302489	5.9958718202307253	-1	-5.8941714587697511	4.9958718202307253	0.0	-5.5952380952380949	1	1
1.4240639209747314	1	3.0214285714285714	5.8470238095238098	3.0214285714285714	5.8470238095238098	0	2	75	3.1058285412302489	5.9958718202307253	-1	-5.8941714587697511	4.9958718202307253	0.0	-5.5952380952380949	1	1
1.4406569004058838	1	3.0214285714285714	5.8470238095238098	3.0214285714285714	5.8470238095238098	0	2	75	3.1058285412302489	5.9958718202307253	-1	-5.8941714587697511	4.9958718202307253	0.0	-5.5952380952380949	1	1
1.4571800231933594	1	3.0214285714285714	5.8470238095238098	3.0214285714285714	5.8470238095238098	0	2	75	3.1058285412302489	5.9958718202307253	-1	-5.8941714587697511	4.9958718202307253	0.0	-5.5952380952380949	1	1
1.4739000797271729	1	3.0214285714285714	5.8470238095238098	3.0214285714285714	5.8470238095238098	0	2	75	3.1058285412302489	5.9958718202307253	-1	-5.8941714587697511	4.9958718202307253	0.0	-5.5952380952380949	1	1
1.4904379844665527	1	3.0214285714285714	5.8470238095238098	3.0214285714285714	5.8470238095238098	0	2	75	3.1058285412302489	5.9958718202307253	-1	-5.8941714587697511	4.9958718202307253	0.0	-5.5952380952380949	1	1
1.5070619583129883	1	3.0214285714285714	5.8470238095238098	3.0214285714285714	5.8470238095238098	0	2	75	3.1058285412302489	5.9958718202307253	-1	-5.8941714587697511	4.9958718202307253	0.0	-5.5952380952380949	1	1
1.5233240127563477	1	3.0214285714285714	5.8470238095238098	3.0214285714285714	5.8470238095238098	0	2	75	3.1058285412302489	5.9958718202307253	-1	-5.8941714587697511	4.9958718202307253	0.0	-5.5952380952380949	1	1
1.5399529933929443	1	3.0214285714285714	5.8470238095238098	3.0214285714285714	5.8470238095238098	0	2	75	3.1058285412302489	5.9958718202307253	-1	-5.8941714587697511	4.9958718202307253	0.0	-5.5952380952380949	1	1
1.556541919708252	1	3.0214285714285714	5.8470238095238098	3.0214285714285714	5.8470238095238098	0	2	75	3.1058285412302489	5.9958718202307253	-1	-5.8941714587697511	4.9958718202307253	0.0	-5.5952380952380949	1	1
1.5731780529022217	1	3.0214285714285714	5.8470238095238098	3.0214285714285714	5.8470238095238098	0	2	75	3.1058285412302489	5.9958718202307253	-1	-5.8941714587697511	4.9958718202307253	0.0	-5.5952380952380949	1	1
1.5897750854492188	1	3.0214285714285714	5.8470238095238098	3.0214285714285714	5.8470238095238098	0	2	75	3.1058285412302489	5.9958718202307253	-1	-5.8941714587697511	4.9958718202307253	0.0	-5.5952380952380949	1	1
1.606287956237793	1	3.0214285714285714	5.8470238095238098	3.0214285714285714	5.8470238095238098	0	2	75	3.1058285412302489	5.9958718202307253	-1	-5.8941714587697511	4.9958718202307253	0.0	-5.5952380952380949	1	1
1.6228909492492676	1	3.0214285714285714	5.8470238095238098	3.0214285714285714	5.8470238095238098	0	2	75	3.1058285412302489	5.9958718202307253	-1	-5.8941714587697511	4.9958718202307253	0.0	-5.5952380952380949	1	1
1.6395609378814697	1	3.0214285714285714	5.8470238095238098	3.0214285714285714	5.8470238095238098	0	2	75	3.1058285412302489	5.9958718202307253	-1	-5.8941714587697511	4.9958718202307253	0.0	-5.5952380952380949	1	1
1.6561028957366943	1	3.0214285714285714	5.8470238095238098	3.0214285714285714	5.8470238095238098	0	2	75	3.1058285412302489	5.9958718202307253	-1	-5.8941714587697511	4.9958718202307253	0.0	-5.5952380952380949	1	1
1.672929048538208	1	3.0214285714285714	5.8470238095238098	3.0214285714285714	5.8470238095238098	0	2	75	3.1058285412302489	5.9958718202307253	-1	-5.8941714587697511	4.9958718202307253	0.0	-5.5952380952380949	1	1
1.6895880699157715	1	3.0214285714285714	5.8470238095238098	3.0214285714285714	5.8470238095238098	0	2	75	3.1058285412302489	5.9958718202307253	-1	-5.8941714587697511	4.9958718202307253	0.0	-5.5952380952380949	1	1
1.7062220573425293	1	3.0214285714285714	5.8470238095238098	3.0214285714285714	5.8470238095238098	0	2	75	3.1058285412302489	5.9958718202307253	-1	-5.8941714587697511	4.9958718202307253	0.0	-5.5952380952380949	1	1
1.7227699756622314	1	3.0214285714285714	5.8470238095238098	3.0214285714285714	5.8470238095238098	0	2	75	3.1058285412302489	5.9958718202307253	-1	-5.8941714587697511	4.9958718202307253	0.0	-5.5952380952380949	1	1
1.7393450736999512	1	3.0214285714285714	5.8470238095238098	3.0214285714285714	5.8470238095238098	0	2	75	3.1058285412302489	5.9958718202307253	-1	-5.8941714587697511	4.9958718202307253	0.0	-5.5952380952380949	1	1
1.75593900680542	1	3.0214285714285714	5.8470238095238098	3.0214285714285714	5.8470238095238098	0	2	75	3.1058285412302489	5.9958718202307253	-1	-5.8941714587697511	4.9958718202307253	0.0	-5.5952380952380949	1	1
1.7725639343261719	1	3.0214285714285714	5.8470238095238098	3.0214285714285714	5.8470238095238098	0	2	75	3.1058285412302489	5.9958718202307253	-1	-5.8941714587697511	4.9958718202307253	0.0	-5.5952380952380949	1	1
1.7891509532928467	1	3.0214285714285714	5.8470238095238098	3.0214285714285714	5.8470238095238098	0	3	75	3.1058285412302489	5.9958718202307253	-1	-5.8941714587697511	4.9958718202307253	0.0	-5.5952380952380949	1	1
1.8057360649108887	1	3.0214285714285714	5.8470238095238098	3.0214285714285714	5.8470238095238098	0	4	75	3.1058285412302489	5.9958718202307253	-1	-5.8941714587697511	4.9958718202307253	0.0	-5.5952380952380949	1	1
1.8222990036010742	1	3.0214285714285714	5.8470238095238098	3.0214285714285714	5.8470238095238098	0	4	75	3.1058285412302489	5.9958718202307253	-1	-5.8941714587697511	4.9958718202307253	0.0	-5.5952380952380949	1	1
1.8386578559875488	1	3.0214285714285714	5.8470238095238098	3.0214285714285714	5.8470238095238098	0	4	75	3.1058285412302489	5.9958718202307253	-1	-5.8941714587697511	4.9958718202307253	0.0	-5.5952380952380949	1	1
1.8552439212799072	1	3.0214285714285714	5.8470238095238098	3.0214285714285714	5.8470238095238098	0	4	75	3.1058285412302489	5.9958718202307253	-1	-5.8941714587697511	4.9958718202307253	0.0	-5.5952380952380949	1	1
1.8718008995056152	1	3.0214285714285714	5.8470238095238098	3.0214285714285714	5.8470238095238098	0	4	75	3.1058285412302489	5.9958718202307253	-1	-5.8941714587697511	4.9958718202307253	0.0	-5.5952380952380949	1	1
1.888429880142212	1	3.0214285714285714	5.8470238095238098	3.0214285714285714	5.8470238095238098	0	4	75	3.1058285412302489	5.9958718202307253	-1	-5.8941714587697511	4.9958718202307253	0.0	-5.5952380952380949	1	1
1.9050869941711426	1	3.0214285714285714	5.8470238095238098	3.0214285714285714	5.8470238095238098	0	4	75	3.1058285412302489	5.9958718202307253	-1	-5.8941714587697511	4.9958718202307253	0.0	-5.5952380952380949	1	1
1.9216220378875732	1	3.0214285714285714	5.8470238095238098	3.0214285714285714	5.8470238095238098	0	4	75	3.1058285412302489	5.9958718202307253	-1	-5.8941714587697511	4.9958718202307253	0.0	-5.5952380952380949	1	1
1.9381780624389648	1	3.0214285714285714	5.8470238095238098	3.0214285714285714	5.8470238095238098	0	4	75	3.1058285412302489	5.9958718202307253	-1	-5.8941714587697511	4.9958718202307253	0.0	-5.5952380952380949	1	1
1.9547359943389893	1	3.0214285714285714	5.8470238095238098	3.0214285714285714	5.8470238095238098	0	4	75	3.1058285412302489	5.9958718202307253	-1	-5.8941714587697511	4.9958718202307253	0.0	-5.5952380952380949	1	1
1.9713680744171143	1	3.0214285714285714	5.8470238095238098	3.0214285714285714	5.8470238095238098	0	4	75	3.1058285412302489	5.9958718202307253	-1	-5.8941714587697511	4.9958718202307253	0.0	-5.5952380952380949	1	1
1.9879860877990723	1	3.0214285714285714	5.8470238095238098	3.0214285714285714	5.8470238095238098	0	4	75	3.1058285412302489	5.9958718202307253	-1	-5.8941714587697511	4.9958718202307253	0.0	-5.5952380952380949	1	1
2.0049118995666504	1	2.8815476190476192	5.8470238095238098	2.8815476190476192	5.875	0	4	75	3.1058285412302489	5.9958718202307253	-1	-5.8941714587697511	4.9958718202307253	0.0	-5.5952380952380949	1	1
2.0214200019836426	1	2.5458333333333334	5.8470238095238098	2.5458333333333334	5.875	0	4	75	3.1058285412302489	5.9958718202307253	-1	-5.8941714587697511	4.9958718202307253	0.0	-5.5952380952380949	1	1
2.038053035736084	1	2.2940476190476189	5.8470238095238098	2.2940476190476189	5.8470238095238098	0	4	75	3.1058285412302489	5.9958718202307253	-1	-5.8941714587697511	4.9958718202307253	0.0	-5.5952380952380949	1	1
2.0545880794525146	1	1.5666666666666667	5.8470238095238098	1.5666666666666667	5.8190476190476188	0	4	75	3.1058285412302489	5.9958718202307253	-1	-5.8941714587697511	4.9958718202307253	0.0	-5.5952380952380949	1	1
2.0711989402770996	1	0.47559523809523818	5.8470238095238098	0.47559523809523807	5.7071428571428573	0	4	75	3.1058285412302489	5.9958718202307253	-1	-5.8941714587697511	4.9958718202307253	0.0	-5.5952380952380949	1	1
2.0877959728240967	1	-0.22380952380952368	5.8470238095238098	-0.22380952380952382	5.6232142857142859	0	4	75	3.1058285412302489	5.9958718202307253	-1	-5.8941714587697511	4.9958718202307253	0.0	-5.5952380952380949	1	1
2.1044509410858154	1	-1.7624999999999997	5.8470238095238098	-1.7625	5.4273809523809522	0	4	75	3.1058285412302489	5.9958718202307253	-1	-5.8941714587697511	4.9958718202307253	0.0	-5.5952380952380949	1	1
2.120897054672241	1	-3.3851190476190478	5.8470238095238098	-3.3851190476190478	5.2035714285714283	0	4	75	3.1058285412302489	5.9958718202307253	-1	-5.8941714587697511	4.9958718202307253	0.0	-5.5952380952380949	1	1
2.137603998184204	1	-4.1124999999999998	5.8470238095238098	-4.1124999999999998	5.0916666666666668	0	4	75	3.1058285412302489	5.9958718202307253	-1	-5.8941714587697511	4.9958718202307253	0.0	-5.5952380952380949	1	1
2.154175043106079	1	-5.091666666666667	4.9517857142857142	-5.0916666666666668	4.9517857142857142	0	4	75	3.1058285412302489	5.9958718202307253	-1	-5.8941714587697511	4.9958718202307253	0.0	-5.5952380952380949	1	1
2.1705288887023926	1	-5.539285714285715	4.9238095238095241	-5.5392857142857146	4.9238095238095241	0	4	75	3.1058285412302489	5.9958718202307253	-1	-5.8941714587697511	4.9958718202307253	0.0	-5.5952380952380949	1	1
2.1871180534362793	1	-5.623214285714286	4.9238095238095241	-5.6232142857142859	4.9238095238095241	0	4	75	3.1058285412302489	5.9958718202307253	-1	-5.8941714587697511	4.9958718202307253	0.0	-5.5952380952380949	1	1
2.203770875930786	1	-5.679166666666666	4.9238095238095241	-5.6791666666666663	4.9238095238095241	0	4	75	3.1058285412302489	5.9958718202307253	-1	-5.8941714587697511	4.9958718202307253	0.0	-5.5952380952380949	1	1
2.2202999591827393	1	-5.651190476190476	4.9238095238095241	-5.6511904761904761	4.9238095238095241	0	5	75	3.1058285412302489	5.9958718202307253	-1	-5.8941714587697511	4.9958718202307253	0.0	-5.5952380952380949	1	1
2.236931085586548	1	-5.567261904761905	4.8958333333333321	-5.5672619047619047	4.895833333333333	0	5	75	3.1058285412302489	5.9958718202307253	-1	-5.8941714587697511	4.9958718202307253	0.0	-5.5952380952380949	1	1
2.253509044647217	1	-5.2595238095238095	4.8119047619047617	-5.2595238095238095	4.8119047619047617	0	5	75	3.1058285412302489	5.9958718202307253	-1	-5.8941714587697511	4.9958718202307253	0.0	-5.5952380952380949	1	1
2.270071029663086	1	-4.672023809523809	4.7279761904761912	-4.6720238095238091	4.7279761904761903	0	5	75	3.1058285412302489	5.9958718202307253	-1	-5.8941714587697511	4.9958718202307253	0.0	-5.5952380952380949	1	1
2.286623954772949	1	-4.336309523809524	4.6999999999999993	-4.3363095238095237	4.7000000000000002	0	5	75	3.1058285412302489	5.9958718202307253	-1	-5.8941714587697511	4.9958718202307253	0.0	-5.5952380952380949	1	1
2.3033390045166016	1	-3.525	4.5880952380952387	-3.5249999999999999	4.5880952380952378	0	5	75	3.1058285412302489	5.9958718202307253	-1	-5.8941714587697511	4.9958718202307253	0.0	-5.5952380952380949	1	1
2.320133924484253	1	-3.1053571428571427	4.5321428571428584	-3.1053571428571427	4.5321428571428575	0	5	75	3.1058285412302489	5.9958718202307253	-1	-5.8941714587697511	4.9958718202307253	0.0	-5.5952380952380949	1	1
2.3367319107055664	1	-2.3220238095238095	4.3922619047619058	-2.3220238095238095	4.3922619047619049	0	5	75	3.1058285412302489	5.9958718202307253	-1	-5.8941714587697511	4.9958718202307253	0.0	-5.5952380952380949	1	1
2.353337049484253	1	-1.650595238095238	4.1404761904761909	-1.650595238095238	4.1404761904761909	0	5	75	3.1058285412302489	5.9958718202307253	-1	-5.8941714587697511	4.9958718202307253	0.0	-5.5952380952380949	1	1
2.3699910640716553	1	-1.119047619047619	3.7767857142857153	-1.1190476190476191	3.7767857142857144	0	5	75	3.1058285412302489	5.9958718202307253	-1	-5.8941714587697511	4.9958718202307253	0.0	-5.5952380952380949	1	1
2.386453866958618	1	-0.8672619047619048	3.5529761904761905	-0.86726190476190479	3.5529761904761905	0	5	75	3.1058285412302489	5.9958718202307253	-1	-5.8941714587697511	4.9958718202307253	0.0	-5.5952380952380949	1	1
2.403153896331787	1	-0.44761904761904764	3.0214285714285722	-0.44761904761904764	3.0214285714285714	0	5	75	3.1058285412302489	5.9958718202307253	-1	-5.8941714587697511	4.9958718202307253	0.0	-5.5952380952380949	1	1
2.4196999073028564	1	-0.27976190476190477	2.7136904761904752	-0.27976190476190477	2.7136904761904761	0	5	75	3.1058285412302489	5.9958718202307253	-1	-5.8941714587697511	4.9958718202307253	0.0	-5.5952380952380949	1	1
2.4363410472869873	1	-0.055952380952380955	2.0142857142857142	-0.055952380952380955	2.0142857142857142	0	5	75	3.1058285412302489	5.9958718202307253	-1	-5.8941714587697511	4.9958718202307253	0.0	-5.5952380952380949	1	1
2.4527969360351562	1	0.055952380952380955	1.3148809523809524	0.055952380952380955	1.3148809523809524	0	5	75	3.1058285412302489	5.9958718202307253	-1	-5.8941714587697511	4.9958718202307253	0.0	-5.5952380952380949	1	1
2.469481945037842	1	0.11190476190476191	0.92321428571428577	0.11190476190476191	0.92321428571428577	0	5	75	3.1058285412302489	5.9958718202307253	-1	-5.8941714587697511	4.9958718202307253	0.0	-5.5952380952380949	1	1
2.4857890605926514	1	0.13988095238095238	0.19583333333333375	0.13988095238095238	0.19583333333333333	0	5	75	3.1058285412302489	5.9958718202307253	-1	-5.8941714587697511	4.9958718202307253	0.0	-5.5952380952380949	1	1
2.502532958984375	1	0.13988095238095238	-0.53154761904761916	0.13988095238095238	-0.53154761904761905	0	5	75	3.1058285412302489	5.9958718202307253	-1	-5.8941714587697511	4.9958718202307253	0.0	-5.5952380952380949	1	1
2.5189859867095947	1	0.11190476190476191	-0.86726190476190457	0.11190476190476191	-0.86726190476190479	0	5	75	3.1058285412302489	5.9958718202307253	-1	-5.8941714587697511	4.9958718202307253	0.0	-5.5952380952380949	1	1
2.535578966140747	1	0.08392857142857142	-1.5666666666666664	0.083928571428571422	-1.5666666666666667	0	5	75	3.1058285412302489	5.9958718202307253	-1	-5.8941714587697511	4.9958718202307253	0.0	-5.5952380952380949	1	1
2.552201986312866	1	0.055952380952380955	-1.8744047619047617	0.055952380952380955	-1.8744047619047619	0	5	75	3.1058285412302489	5.9958718202307253	-1	-5.8941714587697511	4.9958718202307253	0.0	-5.5952380952380949	1	1
2.568819046020508	1	0.027976190476190477	-2.4898809523809522	0.027976190476190477	-2.4898809523809522	0	5	75	3.1058285412302489	5.9958718202307253	-1	-5.8941714587697511	4.9958718202307253	0.0	-5.5952380952380949	1	1
2.585392951965332	1	-0.027976190476190477	-3.0214285714285714	-0.027976190476190477	-3.0214285714285714	0	5	75	3.1058285412302489	5.9958718202307253	-1	-5.8941714587697511	4.9958718202307253	0.0	-5.5952380952380949	1	1
2.6020729541778564	1	-0.08392857142857142	-3.5249999999999999	-0.083928571428571422	-3.5249999999999999	0	5	75	3.1058285412302489	5.9958718202307253	-1	-5.8941714587697511	4.9958718202307253	0.0	-5.5952380952380949	1	1
2.6185410022735596	1	-0.11190476190476191	-3.7488095238095238	-0.11190476190476191	-3.7488095238095238	0	5	75	3.1058285412302489	5.9958718202307253	-1	-5.8941714587697511	4.9958718202307253	0.0	-5.5952380952380949	1	1
2.6351840496063232	1	-0.16785714285714284	-4.1404761904761909	-0.16785714285714284	-4.1404761904761909	0	5	75	3.1058285412302489	5.9958718202307253	-1	-5.8941714587697511	4.9958718202307253	0.0	-5.5952380952380949	1	1
2.65203595161438	1	-0.19583333333333333	-4.3363095238095237	-0.19583333333333333	-4.3363095238095237	0	5	75	3.1058285412302489	5.9958718202307253	-1	-5.8941714587697511	4.9958718202307253	0.0	-5.5952380952380949	1	1
2.6686270236968994	1	-0.2517857142857143	-4.6720238095238091	-0.25178571428571428	-4.6720238095238091	0	5	75	3.1058285412302489	5.9958718202307253	-1	-5.8941714587697511	4.9958718202307253	0.0	-5.5952380952380949	1	1
2.6852099895477295	1	-0.3357142857142857	-4.9517857142857142	-0.33571428571428569	-4.9517857142857142	0	5	75	3.1058285412302489	5.9958718202307253	-1	-5.8941714587697511	4.9958718202307253	0.0	-5.5952380952380949	1	1
2.701843023300171	1	-0.39166666666666666	-5.2035714285714283	-0.39166666666666666	-5.2035714285714283	0	5	75	3.1058285412302489	5.9958718202307253	-1	-5.8941714587697511	4.9958718202307253	0.0	-5.5952380952380949	1	1
