time	trial	cursorx	cursory	hand_x	hand_Y	rotation	step	targetangle	targetposx	targetposy	garagelocation	garageposx	garageposy	homex	homey	group	trial_type
0.0	0	-0.1865976369706291	-4.9922796026707674	0.13988095238095238	-4.9797619047619044	-30	5	90	7.3478807948841188e-16	6.4047619047619051	-1	-9.0	5.4047619047619051	0.0	-5.5952380952380949	1	1
0.015447854995727539	0	-0.1865976369706291	-4.9922796026707674	0.13988095238095238	-4.9797619047619044	-30	1	90	7.3478807948841188e-16	6.4047619047619051	-1	-9.0	5.4047619047619051	0.0	-5.5952380952380949	1	1
0.03205084800720215	0	-0.1865976369706291	-4.9922796026707674	0.13988095238095238	-4.9797619047619044	-30	1	90	7.3478807948841188e-16	6.4047619047619051	-1	-9.0	5.4047619047619051	0.0	-5.5952380952380949	1	1
0.04864978790283203	0	-0.1865976369706291	-4.9922796026707674	0.13988095238095238	-4.9797619047619044	-30	1	90	7.3478807948841188e-16	6.4047619047619051	-1	-9.0	5.4047619047619051	0.0	-5.5952380952380949	1	1
0.06519484519958496	0	-0.1865976369706291	-4.9922796026707674	0.13988095238095238	-4.9797619047619044	-30	1	90	7.3478807948841188e-16	6.4047619047619051	-1	-9.0	5.4047619047619051	0.0	-5.5952380952380949	1	1
0.08178496360778809	0	-0.1865976369706291	-4.9922796026707674	0.13988095238095238	-4.9797619047619044	-30	1	90	7.3478807948841188e-16	6.4047619047619051	-1	-9.0	5.4047619047619051	0.0	-5.5952380952380949	1	1
0.0984039306640625	0	-0.1865976369706291	-4.9922796026707674	0.13988095238095238	-4.9797619047619044	-30	1	90	7.3478807948841188e-16	6.4047619047619051	-1	-9.0	5.4047619047619051	0.0	-5.5952380952380949	1	1
0.11501193046569824	0	-0.1865976369706291	-4.9922796026707674	0.13988095238095238	-4.9797619047619044	-30	1	90	7.3478807948841188e-16	6.4047619047619051	-1	-9.0	5.4047619047619051	0.0	-5.5952380952380949	1	1
0.1316988468170166	0	-0.1865976369706291	-4.9922796026707674	0.13988095238095238	-4.9797619047619044	-30	1	90	7.3478807948841188e-16	6.4047619047619051	-1	-9.0	5.4047619047619051	0.0	-5.5952380952380949	1	1
0.14836692810058594	0	-0.1865976369706291	-4.9922796026707674	0.13988095238095238	-4.9797619047619044	-30	1	90	7.3478807948841188e-16	6.4047619047619051	-1	-9.0	5.4047619047619051	0.0	-5.5952380952380949	1	1
0.16493487358093262	0	-0.1865976369706291	-4.9922796026707674	0.13988095238095238	-4.9797619047619044	-30	1	90	7.3478807948841188e-16	6.4047619047619051	-1	-9.0	5.4047619047619051	0.0	-5.5952380952380949	1	1
0.18147683143615723	0	-0.1865976369706291	-4.9922796026707674	0.13988095238095238	-4.9797619047619044	-30	1	90	7.3478807948841188e-16	6.4047619047619051	-1	-9.0	5.4047619047619051	0.0	-5.5952380952380949	1	1
0.19803190231323242	0	-0.1865976369706291	-4.9922796026707674	0.13988095238095238	-4.9797619047619044	-30	1	90	7.3478807948841188e-16	6.4047619047619051	-1	-9.0	5.4047619047619051	0.0	-5.5952380952380949	1	1
0.21436190605163574	0	-0.1865976369706291	-4.9922796026707674	0.13988095238095238	-4.9797619047619044	-30	1	90	7.3478807948841188e-16	6.4047619047619051	-1	-9.0	5.4047619047619051	0.0	-5.5952380952380949	1	1
0.23099088668823242	0	-0.1865976369706291	-4.9922796026707674	0.13988095238095238	-4.9797619047619044	-30	1	90	7.3478807948841188e-16	6.4047619047619051	-1	-9.0	5.4047619047619051	0.0	-5.5952380952380949	1	1
0.24758601188659668	0	-0.1865976369706291	-4.9922796026707674	0.13988095238095238	-4.9797619047619044	-30	1	90	7.3478807948841188e-16	6.4047619047619051	-1	-9.0	5.4047619047619051	0.0	-5.5952380952380949	1	1
0.26417994499206543	0	-0.1865976369706291	-4.9922796026707674	0.13988095238095238	-4.9797619047619044	-30	1	90	7.3478807948841188e-16	6.4047619047619051	-1	-9.0	5.4047619047619051	0.0	-5.5952380952380949	1	1
0.280742883682251	0	-0.1865976369706291	-4.9922796026707674	0.13988095238095238	-4.9797619047619044	-30	1	90	7.3478807948841188e-16	6.4047619047619051	-1	-9.0	5.4047619047619051	0.0	-5.5952380952380949	1	1
0.29742884635925293	0	-0.1865976369706291	-4.9922796026707674	0.13988095238095238	-4.9797619047619044	-30	1	90	7.3478807948841188e-16	6.4047619047619051	-1	-9.0	5.4047619047619051	0.0	-5.5952380952380949	1	1
0.3139607906341553	0	-0.1865976369706291	-4.9922796026707674	0.13988095238095238	-4.9797619047619044	-30	1	90	7.3478807948841188e-16	6.4047619047619051	-1	-9.0	5.4047619047619051	0.0	-5.5952380952380949	1	1
0.33059000968933105	0	-0.1865976369706291	-4.9922796026707674	0.13988095238095238	-4.9797619047619044	-30	1	90	7.3478807948841188e-16	6.4047619047619051	-1	-9.0	5.4047619047619051	0.0	-5.5952380952380949	1	1
0.3472468852996826	0	-0.1865976369706291	-4.9922796026707674	0.13988095238095238	-4.9797619047619044	-30	1	90	7.3478807948841188e-16	6.4047619047619051	-1	-9.0	5.4047619047619051	0.0	-5.5952380952380949	1	1
0.3638589382171631	0	-0.1865976369706291	-4.9922796026707674	0.13988095238095238	-4.9797619047619044	-30	1	90	7.3478807948841188e-16	6.4047619047619051	-1	-9.0	5.4047619047619051	0.0	-5.5952380952380949	1	1
0.3807189464569092	0	-0.1865976369706291	-4.9922796026707674	0.13988095238095238	-4.9797619047619044	-30	1	90	7.3478807948841188e-16	6.4047619047619051	-1	-9.0	5.4047619047619051	0.0	-5.5952380952380949	1	1
0.3973109722137451	0	-0.1865976369706291	-4.9922796026707674	0.13988095238095238	-4.9797619047619044	-30	1	90	7.3478807948841188e-16	6.4047619047619051	-1	-9.0	5.4047619047619051	0.0	-5.5952380952380949	1	1
0.4138917922973633	0	-0.1865976369706291	-4.9922796026707674	0.13988095238095238	-4.9797619047619044	-30	1	90	7.3478807948841188e-16	6.4047619047619051	-1	-9.0	5.4047619047619051	0.0	-5.5952380952380949	1	1
0.43047380447387695	0	-0.1865976369706291	-4.9922796026707674	0.13988095238095238	-4.9797619047619044	-30	1	90	7.3478807948841188e-16	6.4047619047619051	-1	-9.0	5.4047619047619051	0.0	-5.5952380952380949	1	1
0.4471549987792969	0	-0.1865976369706291	-4.9922796026707674	0.13988095238095238	-4.9797619047619044	-30	1	90	7.3478807948841188e-16	6.4047619047619051	-1	-9.0	5.4047619047619051	0.0	-5.5952380952380949	1	1
0.4636518955230713	0	-0.1865976369706291	-4.9922796026707674	0.13988095238095238	-4.9797619047619044	-30	1	90	7.3478807948841188e-16	6.4047619047619051	-1	-9.0	5.4047619047619051	0.0	-5.5952380952380949	1	1
0.4802398681640625	0	-0.1865976369706291	-4.9922796026707674	0.13988095238095238	-4.9797619047619044	-30	1	90	7.3478807948841188e-16	6.4047619047619051	-1	-9.0	5.4047619047619051	0.0	-5.5952380952380949	1	1
0.4968910217285156	0	-0.22481382386221738	-4.9820396062553698	0.11190476190476191	-4.9517857142857142	-30	1	90	7.3478807948841188e-16	6.4047619047619051	-1	-9.0	5.4047619047619051	0.0	-5.5952380952380949	1	1
0.5134568214416504	0	-0.2770181059919012	-4.9475715181864786	0.083928571428571422	-4.895833333333333	-30	1	90	7.3478807948841188e-16	6.4047619047619051	-1	-9.0	5.4047619047619051	0.0	-5.5952380952380949	1	1
0.5300250053405762	0	-0.3012461976453944	-4.9615596134245736	0.055952380952380955	-4.895833333333333	-30	1	90	7.3478807948841188e-16	6.4047619047619051	-1	-9.0	5.4047619047619051	0.0	-5.5952380952380949	1	1
0.5464718341827393	0	-0.3534504797750778	-4.9270915253556833	0.027976190476190477	-4.8398809523809527	-30	1	90	7.3478807948841188e-16	6.4047619047619051	-1	-9.0	5.4047619047619051	0.0	-5.5952380952380949	1	1
0.5629839897155762	0	-0.4438709487963499	-4.8823834408713935	-0.027976190476190477	-4.7559523809523814	-30	1	90	7.3478807948841188e-16	6.4047619047619051	-1	-9.0	5.4047619047619051	0.0	-5.5952380952380949	1	1
0.5795278549194336	0	-0.4960752309260338	-4.8479153528025023	-0.055952380952380955	-4.7000000000000002	-30	1	90	7.3478807948841188e-16	6.4047619047619051	-1	-9.0	5.4047619047619051	0.0	-5.5952380952380949	1	1
0.5961439609527588	0	-0.6386999820769896	-4.7687391802493222	-0.13988095238095238	-4.5601190476190476	-30	1	90	7.3478807948841188e-16	6.4047619047619051	-1	-9.0	5.4047619047619051	0.0	-5.5952380952380949	1	1
0.6127297878265381	0	-0.7570966415744524	-4.6755749124580461	-0.19583333333333333	-4.4202380952380951	-30	1	90	7.3478807948841188e-16	6.4047619047619051	-1	-9.0	5.4047619047619051	0.0	-5.5952380952380949	1	1
0.6293509006500244	0	-0.8372771141803264	-4.5926506410821695	-0.22380952380952382	-4.3083333333333336	-30	1	90	7.3478807948841188e-16	6.4047619047619051	-1	-9.0	5.4047619047619051	0.0	-5.5952380952380949	1	1
0.6459259986877441	0	-1.007878055807473	-4.4650182852220013	-0.30773809523809526	-4.1124999999999998	-30	1	90	7.3478807948841188e-16	6.4047619047619051	-1	-9.0	5.4047619047619051	0.0	-5.5952380952380949	1	1
0.6625628471374512	0	-1.2027070890881124	-4.3513740245999299	-0.41964285714285715	-3.9166666666666665	-30	1	90	7.3478807948841188e-16	6.4047619047619051	-1	-9.0	5.4047619047619051	0.0	-5.5952380952380949	1	1
0.6791088581085205	0	-1.2828875616939868	-4.2684497532240524	-0.44761904761904764	-3.8047619047619046	-30	1	90	7.3478807948841188e-16	6.4047619047619051	-1	-9.0	5.4047619047619051	0.0	-5.5952380952380949	1	1
0.6960368156433105	0	-1.5056927854508164	-4.1063493092949948	-0.55952380952380953	-3.5529761904761905	-30	1	90	7.3478807948841188e-16	6.4047619047619051	-1	-9.0	5.4047619047619051	0.0	-5.5952380952380949	1	1
0.7125868797302246	0	-1.7042699175541536	-3.9302607701278411	-0.643452380952381	-3.301190476190476	-30	1	90	7.3478807948841188e-16	6.4047619047619051	-1	-9.0	5.4047619047619051	0.0	-5.5952380952380949	1	1
0.7291738986968994	0	-1.8226665770516157	-3.8370965023365655	-0.69940476190476186	-3.1613095238095239	-30	1	90	7.3478807948841188e-16	6.4047619047619051	-1	-9.0	5.4047619047619051	0.0	-5.5952380952380949	1	1
0.7457687854766846	0	-2.0594598960465413	-3.6507679667540147	-0.81130952380952381	-2.8815476190476192	-30	1	90	7.3478807948841188e-16	6.4047619047619051	-1	-9.0	5.4047619047619051	0.0	-5.5952380952380949	1	1
0.7623939514160156	0	-2.2720251233879734	-3.4504513359333675	-0.89523809523809528	-2.6017857142857141	-30	1	90	7.3478807948841188e-16	6.4047619047619051	-1	-9.0	5.4047619047619051	0.0	-5.5952380952380949	1	1
0.7789509296417236	0	-2.366193691231943	-3.3432989729039968	-0.92321428571428577	-2.461904761904762	-30	1	90	7.3478807948841188e-16	6.4047619047619051	-1	-9.0	5.4047619047619051	0.0	-5.5952380952380949	1	1
0.7955520153045654	0	-2.578758918573375	-3.14298234208335	-1.0071428571428571	-2.1821428571428569	-30	1	90	7.3478807948841188e-16	6.4047619047619051	-1	-9.0	5.4047619047619051	0.0	-5.5952380952380949	1	1
0.8121650218963623	0	-2.683167482832742	-3.0740461659455676	-1.0630952380952381	-2.0702380952380954	-30	1	90	7.3478807948841188e-16	6.4047619047619051	-1	-9.0	5.4047619047619051	0.0	-5.5952380952380949	1	1
0.8287708759307861	0	-2.8957327101741743	-2.8737295351249212	-1.1470238095238094	-1.7904761904761906	-30	1	90	7.3478807948841188e-16	6.4047619047619051	-1	-9.0	5.4047619047619051	0.0	-5.5952380952380949	1	1
0.8453497886657715	0	-3.108297937515606	-2.6734129043042749	-1.230952380952381	-1.5107142857142857	-30	1	90	7.3478807948841188e-16	6.4047619047619051	-1	-9.0	5.4047619047619051	0.0	-5.5952380952380949	1	1
0.8616869449615479	0	-3.331103161272436	-2.5113124603752164	-1.3428571428571427	-1.2589285714285714	-30	1	90	7.3478807948841188e-16	6.4047619047619051	-1	-9.0	5.4047619047619051	0.0	-5.5952380952380949	1	1
0.878248929977417	0	-3.4355117255318035	-2.4423762842374344	-1.3988095238095237	-1.1470238095238094	-30	1	90	7.3478807948841188e-16	6.4047619047619051	-1	-9.0	5.4047619047619051	0.0	-5.5952380952380949	1	1
0.8948409557342529	0	-3.620100762397045	-2.2905158367237743	-1.4827380952380953	-0.92321428571428577	-30	1	90	7.3478807948841188e-16	6.4047619047619051	-1	-9.0	5.4047619047619051	0.0	-5.5952380952380949	1	1
0.9114418029785156	0	-3.7002812350029197	-2.2075915653478959	-1.5107142857142857	-0.81130952380952381	-30	1	90	7.3478807948841188e-16	6.4047619047619051	-1	-9.0	5.4047619047619051	0.0	-5.5952380952380949	1	1
0.9280269145965576	0	-3.909098363521654	-2.0697192130723319	-1.6226190476190476	-0.58750000000000002	-30	1	90	7.3478807948841188e-16	6.4047619047619051	-1	-9.0	5.4047619047619051	0.0	-5.5952380952380949	1	1
0.9445948600769043	0	-4.0796993051488	-1.942086857212165	-1.706547619047619	-0.39166666666666666	-30	1	90	7.3478807948841188e-16	6.4047619047619051	-1	-9.0	5.4047619047619051	0.0	-5.5952380952380949	1	1
0.9612569808959961	0	-4.159879777754675	-1.8591625858362875	-1.7345238095238096	-0.27976190476190477	-30	1	90	7.3478807948841188e-16	6.4047619047619051	-1	-9.0	5.4047619047619051	0.0	-5.5952380952380949	1	1
0.9778439998626709	0	-4.330480719381821	-1.7315302299761197	-1.8184523809523809	-0.083928571428571422	-30	1	90	7.3478807948841188e-16	6.4047619047619051	-1	-9.0	5.4047619047619051	0.0	-5.5952380952380949	1	1
0.9944028854370117	0	-4.462865474117379	-1.6141378705313514	-1.8744047619047619	0.083928571428571422	-30	1	90	7.3478807948841188e-16	6.4047619047619051	-1	-9.0	5.4047619047619051	0.0	-5.5952380952380949	1	1
1.0109868049621582	0	-4.539297847900556	-1.5936578777005543	-1.9303571428571429	0.13988095238095238	-30	1	90	7.3478807948841188e-16	6.4047619047619051	-1	-9.0	5.4047619047619051	0.0	-5.5952380952380949	1	1
1.0279338359832764	0	-4.671682602636114	-1.4762655182557864	-1.9863095238095239	0.30773809523809526	-30	1	90	7.3478807948841188e-16	6.4047619047619051	-1	-9.0	5.4047619047619051	0.0	-5.5952380952380949	1	1
1.0444819927215576	0	-4.790079262133577	-1.3831012504645104	-2.0422619047619048	0.44761904761904764	-30	1	90	7.3478807948841188e-16	6.4047619047619051	-1	-9.0	5.4047619047619051	0.0	-5.5952380952380949	1	1
1.0611598491668701	0	-4.818055452609767	-1.334645067157525	-2.0422619047619048	0.50357142857142856	-30	1	90	7.3478807948841188e-16	6.4047619047619051	-1	-9.0	5.4047619047619051	0.0	-5.5952380952380949	1	1
1.0776698589324951	0	-4.8842478299775465	-1.2759488874351392	-2.0702380952380954	0.58750000000000002	-30	1	90	7.3478807948841188e-16	6.4047619047619051	-1	-9.0	5.4047619047619051	0.0	-5.5952380952380949	1	1
1.0942609310150146	0	-4.950440207345324	-1.2172527077127544	-2.0982142857142856	0.67142857142857137	-30	1	90	7.3478807948841188e-16	6.4047619047619051	-1	-9.0	5.4047619047619051	0.0	-5.5952380952380949	1	1
1.110795021057129	0	-4.978416397821515	-1.168796524405769	-2.0982142857142856	0.72738095238095235	-30	1	90	7.3478807948841188e-16	6.4047619047619051	-1	-9.0	5.4047619047619051	0.0	-5.5952380952380949	1	1
1.1274349689483643	0	-5.006392588297706	-1.1203403410987818	-2.0982142857142856	0.78333333333333333	-30	1	90	7.3478807948841188e-16	6.4047619047619051	-1	-9.0	5.4047619047619051	0.0	-5.5952380952380949	1	1
1.1439919471740723	0	-5.034368778773896	-1.0718841577917955	-2.0982142857142856	0.8392857142857143	-30	1	90	7.3478807948841188e-16	6.4047619047619051	-1	-9.0	5.4047619047619051	0.0	-5.5952380952380949	1	1
1.1606929302215576	0	-5.038116877596593	-1.0094398792467141	-2.0702380952380954	0.89523809523809528	-30	1	90	7.3478807948841188e-16	6.4047619047619051	-1	-9.0	5.4047619047619051	0.0	-5.5952380952380949	1	1
1.1772468090057373	0	-5.066093068072783	-0.96098369593972777	-2.0702380952380954	0.95119047619047614	-30	1	90	7.3478807948841188e-16	6.4047619047619051	-1	-9.0	5.4047619047619051	0.0	-5.5952380952380949	1	1
1.1935248374938965	0	-5.069841166895481	-0.89853941739464638	-2.0422619047619048	1.0071428571428571	-30	1	90	7.3478807948841188e-16	6.4047619047619051	-1	-9.0	5.4047619047619051	0.0	-5.5952380952380949	1	1
1.2101328372955322	0	-5.059601170480083	-0.8603232305030577	-2.0142857142857142	1.0351190476190477	-30	1	90	7.3478807948841188e-16	6.4047619047619051	-1	-9.0	5.4047619047619051	0.0	-5.5952380952380949	1	1
1.2267568111419678	0	-5.0428692764719845	-0.72144657817479896	-1.9303571428571429	1.1470238095238094	-30	1	90	7.3478807948841188e-16	6.4047619047619051	-1	-9.0	5.4047619047619051	0.0	-5.5952380952380949	1	1
1.2432878017425537	0	-5.032629280056586	-0.68323039128321028	-1.9023809523809523	1.175	-30	1	90	7.3478807948841188e-16	6.4047619047619051	-1	-9.0	5.4047619047619051	0.0	-5.5952380952380949	1	1
1.2599408626556396	0	-4.9916692943949945	-0.53036564371685735	-1.7904761904761906	1.286904761904762	-30	1	90	7.3478807948841188e-16	6.4047619047619051	-1	-9.0	5.4047619047619051	0.0	-5.5952380952380949	1	1
1.2764928340911865	0	-4.926481217079909	-0.36351280091240845	-1.650595238095238	1.3988095238095237	-30	1	90	7.3478807948841188e-16	6.4047619047619051	-1	-9.0	5.4047619047619051	0.0	-5.5952380952380949	1	1
1.2931249141693115	0	-4.826825051695932	-0.14445567597827491	-1.4547619047619047	1.5386904761904763	-30	1	90	7.3478807948841188e-16	6.4047619047619051	-1	-9.0	5.4047619047619051	0.0	-5.5952380952380949	1	1
1.309708833694458	0	-4.757888875558151	-0.040047111718907402	-1.3428571428571427	1.5946428571428573	-30	1	90	7.3478807948841188e-16	6.4047619047619051	-1	-9.0	5.4047619047619051	0.0	-5.5952380952380949	1	1
1.3262739181518555	0	-4.575308438798297	0.25919048582109916	-1.0351190476190477	1.7625	-30	1	90	7.3478807948841188e-16	6.4047619047619051	-1	-9.0	5.4047619047619051	0.0	-5.5952380952380949	1	1
1.3431129455566406	0	-4.471904174591623	0.41580333221015042	-0.86726190476190479	1.8464285714285715	-30	1	90	7.3478807948841188e-16	6.4047619047619051	-1	-9.0	5.4047619047619051	0.0	-5.5952380952380949	1	1
1.3597009181976318	0	-4.230627558109384	0.78123330711793582	-0.47559523809523807	2.0422619047619048	-30	1	90	7.3478807948841188e-16	6.4047619047619051	-1	-9.0	5.4047619047619051	0.0	-5.5952380952380949	1	1
1.376343011856079	0	-3.951134754735557	1.1364232856103245	-0.055952380952380955	2.2101190476190475	-30	1	90	7.3478807948841188e-16	6.4047619047619051	-1	-9.0	5.4047619047619051	0.0	-5.5952380952380949	1	1
1.3929359912872314	0	-3.6614019549463324	1.5298294509943009	0.39166666666666666	2.4059523809523808	-30	1	90	7.3478807948841188e-16	6.4047619047619051	-1	-9.0	5.4047619047619051	0.0	-5.5952380952380949	1	1
1.4095377922058105	0	-3.54775769432426	1.72465848427494	0.58750000000000002	2.5178571428571428	-30	1	90	7.3478807948841188e-16	6.4047619047619051	-1	-9.0	5.4047619047619051	0.0	-5.5952380952380949	1	1
1.4261369705200195	0	-3.2337968028815416	2.1320527448970115	1.0630952380952381	2.7136904761904761	-30	1	90	7.3478807948841188e-16	6.4047619047619051	-1	-9.0	5.4047619047619051	0.0	-5.5952380952380949	1	1
1.4426419734954834	0	-3.0819363553678816	2.3166417817622529	1.286904761904762	2.7976190476190474	-30	1	90	7.3478807948841188e-16	6.4047619047619051	-1	-9.0	5.4047619047619051	0.0	-5.5952380952380949	1	1
1.4593079090118408	0	-2.7297592770335752	2.7137960459689268	1.7904761904761906	2.9654761904761906	-30	1	90	7.3478807948841188e-16	6.4047619047619051	-1	-9.0	5.4047619047619051	0.0	-5.5952380952380949	1	1
1.4759879112243652	0	-2.4018102903527616	3.0969622149375056	2.2660714285714287	3.1333333333333333	-30	1	90	7.3478807948841188e-16	6.4047619047619051	-1	-9.0	5.4047619047619051	0.0	-5.5952380952380949	1	1
1.4925739765167236	0	-2.087849398910043	3.5043564755595753	2.7416666666666667	3.3291666666666666	-30	1	90	7.3478807948841188e-16	6.4047619047619051	-1	-9.0	5.4047619047619051	0.0	-5.5952380952380949	1	1
1.5088329315185547	0	-1.9359889513963835	3.6889455124248194	2.9654761904761906	3.413095238095238	-30	1	90	7.3478807948841188e-16	6.4047619047619051	-1	-9.0	5.4047619047619051	0.0	-5.5952380952380949	1	1
1.525420904159546	0	-1.6564961480225566	4.0441354909172063	3.3851190476190478	3.5809523809523811	-30	1	90	7.3478807948841188e-16	6.4047619047619051	-1	-9.0	5.4047619047619051	0.0	-5.5952380952380949	1	1
1.5419819355010986	0	-1.5148756969242947	4.1905083408908617	3.5809523809523811	3.6369047619047619	-30	1	90	7.3478807948841188e-16	6.4047619047619051	-1	-9.0	5.4047619047619051	0.0	-5.5952380952380949	1	1
1.5586400032043457	0	-1.2698509816193595	4.4934940372535639	3.9446428571428571	3.7767857142857144	-30	1	90	7.3478807948841188e-16	6.4047619047619051	-1	-9.0	5.4047619047619051	0.0	-5.5952380952380949	1	1
1.5752079486846924	0	-1.0592943543833142	4.7442754514865833	4.2523809523809524	3.8886904761904764	-30	1	90	7.3478807948841188e-16	6.4047619047619051	-1	-9.0	5.4047619047619051	0.0	-5.5952380952380949	1	1
1.591763973236084	0	-0.9903581782455317	4.8486840157459508	4.3642857142857139	3.9446428571428571	-30	1	90	7.3478807948841188e-16	6.4047619047619051	-1	-9.0	5.4047619047619051	0.0	-5.5952380952380949	1	1
1.6083598136901855	0	-0.8627258223853649	5.0192849573730971	4.5601190476190476	4.0285714285714285	-30	1	90	7.3478807948841188e-16	6.4047619047619051	-1	-9.0	5.4047619047619051	0.0	-5.5952380952380949	1	1
1.624997854232788	0	-0.7695615545940893	5.1376816168705606	4.7000000000000002	4.0845238095238097	-30	1	90	7.3478807948841188e-16	6.4047619047619051	-1	-9.0	5.4047619047619051	0.0	-5.5952380952380949	1	1
1.6415789127349854	0	-0.7108653748717053	5.2038739942383412	4.7839285714285715	4.1124999999999998	-30	1	90	7.3478807948841188e-16	6.4047619047619051	-1	-9.0	5.4047619047619051	0.0	-5.5952380952380949	1	1
1.6582059860229492	0	-0.6763972868028141	5.256078276368024	4.8398809523809527	4.1404761904761909	-30	1	90	7.3478807948841188e-16	6.4047619047619051	-1	-9.0	5.4047619047619051	0.0	-5.5952380952380949	1	1
1.6750788688659668	0	-0.6419291987339228	5.3082825584977069	4.895833333333333	4.168452380952381	-30	1	90	7.3478807948841188e-16	6.4047619047619051	-1	-9.0	5.4047619047619051	0.0	-5.5952380952380949	1	1
1.6916658878326416	0	-0.6419291987339228	5.3082825584977069	4.895833333333333	4.168452380952381	-30	1	90	7.3478807948841188e-16	6.4047619047619051	-1	-9.0	5.4047619047619051	0.0	-5.5952380952380949	1	1
1.708237886428833	0	-0.6177011070804292	5.3222706537358029	4.9238095238095241	4.168452380952381	-30	1	90	7.3478807948841188e-16	6.4047619047619051	-1	-9.0	5.4047619047619051	0.0	-5.5952380952380949	1	1
1.7248189449310303	0	-0.6177011070804292	5.3222706537358029	4.9238095238095241	4.168452380952381	-30	1	90	7.3478807948841188e-16	6.4047619047619051	-1	-9.0	5.4047619047619051	0.0	-5.5952380952380949	1	1
1.7414088249206543	0	-0.6177011070804292	5.3222706537358029	4.9238095238095241	4.168452380952381	-30	1	90	7.3478807948841188e-16	6.4047619047619051	-1	-9.0	5.4047619047619051	0.0	-5.5952380952380949	1	1
1.758023977279663	0	-0.6177011070804292	5.3222706537358029	4.9238095238095241	4.168452380952381	-30	1	90	7.3478807948841188e-16	6.4047619047619051	-1	-9.0	5.4047619047619051	0.0	-5.5952380952380949	1	1
1.7746520042419434	0	-0.6177011070804292	5.3222706537358029	4.9238095238095241	4.168452380952381	-30	1	90	7.3478807948841188e-16	6.4047619047619051	-1	-9.0	5.4047619047619051	0.0	-5.5952380952380949	1	1
1.7911930084228516	0	-0.6177011070804292	5.3222706537358029	4.9238095238095241	4.168452380952381	-30	1	90	7.3478807948841188e-16	6.4047619047619051	-1	-9.0	5.4047619047619051	0.0	-5.5952380952380949	1	1
1.8077797889709473	0	-0.5552568285353479	5.3260187525585003	4.9797619047619044	4.1404761904761909	-30	1	90	7.3478807948841188e-16	6.4047619047619051	-1	-9.0	5.4047619047619051	0.0	-5.5952380952380949	1	1
1.824138879776001	0	-0.49281254999026647	5.3297668513811978	5.0357142857142856	4.1124999999999998	-30	1	90	7.3478807948841188e-16	6.4047619047619051	-1	-9.0	5.4047619047619051	0.0	-5.5952380952380949	1	1
1.8406829833984375	0	-0.4545963630986769	5.3195268549657992	5.0636904761904766	4.0845238095238097	-30	1	90	7.3478807948841188e-16	6.4047619047619051	-1	-9.0	5.4047619047619051	0.0	-5.5952380952380949	1	1
1.857280969619751	0	-0.4303682714451842	5.3335149502038934	5.0916666666666668	4.0845238095238097	-30	1	90	7.3478807948841188e-16	6.4047619047619051	-1	-9.0	5.4047619047619051	0.0	-5.5952380952380949	1	1
1.8739268779754639	0	-0.3679239929001019	5.3372630490265891	5.147619047619048	4.0565476190476186	-30	1	90	7.3478807948841188e-16	6.4047619047619051	-1	-9.0	5.4047619047619051	0.0	-5.5952380952380949	1	1
1.8905069828033447	0	-0.3679239929001019	5.3372630490265891	5.147619047619048	4.0565476190476186	-30	1	90	7.3478807948841188e-16	6.4047619047619051	-1	-9.0	5.4047619047619051	0.0	-5.5952380952380949	1	1
1.9070639610290527	0	-0.3436959012466092	5.3512511442646851	5.1755952380952381	4.0565476190476186	-30	1	90	7.3478807948841188e-16	6.4047619047619051	-1	-9.0	5.4047619047619051	0.0	-5.5952380952380949	1	1
1.9236609935760498	0	-0.3436959012466092	5.3512511442646851	5.1755952380952381	4.0565476190476186	-30	1	90	7.3478807948841188e-16	6.4047619047619051	-1	-9.0	5.4047619047619051	0.0	-5.5952380952380949	1	1
1.940260887145996	0	-0.295239717939622	5.3792273347408752	5.2315476190476193	4.0565476190476186	-30	1	90	7.3478807948841188e-16	6.4047619047619051	-1	-9.0	5.4047619047619051	0.0	-5.5952380952380949	1	1
1.9567968845367432	0	-0.2710116262861293	5.3932154299789712	5.2595238095238095	4.0565476190476186	-30	1	90	7.3478807948841188e-16	6.4047619047619051	-1	-9.0	5.4047619047619051	0.0	-5.5952380952380949	1	1
1.9734928607940674	0	-0.24678353463263658	5.4072035252170654	5.2874999999999996	4.0565476190476186	-30	1	90	7.3478807948841188e-16	6.4047619047619051	-1	-9.0	5.4047619047619051	0.0	-5.5952380952380949	1	1
1.9900498390197754	0	-0.24678353463263658	5.4072035252170654	5.2874999999999996	4.0565476190476186	-30	1	90	7.3478807948841188e-16	6.4047619047619051	-1	-9.0	5.4047619047619051	0.0	-5.5952380952380949	1	1
2.0066118240356445	0	-0.24678353463263658	5.4072035252170654	5.2874999999999996	4.0565476190476186	-30	1	90	7.3478807948841188e-16	6.4047619047619051	-1	-9.0	5.4047619047619051	0.0	-5.5952380952380949	1	1
2.023221969604492	0	-0.24678353463263658	5.4072035252170654	5.2874999999999996	4.0565476190476186	-30	1	90	7.3478807948841188e-16	6.4047619047619051	-1	-9.0	5.4047619047619051	0.0	-5.5952380952380949	1	1
2.0397849082946777	0	-0.24678353463263658	5.4072035252170654	5.2874999999999996	4.0565476190476186	-30	1	90	7.3478807948841188e-16	6.4047619047619051	-1	-9.0	5.4047619047619051	0.0	-5.5952380952380949	1	1
2.056398868560791	0	-0.21880734415644643	5.35874734191008	5.2874999999999996	4.0005952380952383	-30	1	90	7.3478807948841188e-16	6.4047619047619051	-1	-9.0	5.4047619047619051	0.0	-5.5952380952380949	1	1
2.073077917098999	0	-0.17309495961946286	5.2236187884045204	5.2595238095238095	3.8607142857142858	-30	1	90	7.3478807948841188e-16	6.4047619047619051	-1	-9.0	5.4047619047619051	0.0	-5.5952380952380949	1	1
2.0896828174591064	0	-0.14137067032057438	5.1127183265524501	5.2315476190476193	3.7488095238095238	-30	1	90	7.3478807948841188e-16	6.4047619047619051	-1	-9.0	5.4047619047619051	0.0	-5.5952380952380949	1	1
2.1062068939208984	0	-0.07417399290010174	4.8284731243032333	5.147619047619048	3.4690476190476192	-30	1	90	7.3478807948841188e-16	6.4047619047619051	-1	-9.0	5.4047619047619051	0.0	-5.5952380952380949	1	1
2.122797966003418	0	-0.024713509540422507	4.6309002922525906	5.0916666666666668	3.2732142857142859	-30	1	90	7.3478807948841188e-16	6.4047619047619051	-1	-9.0	5.4047619047619051	0.0	-5.5952380952380949	1	1
2.1393749713897705	0	0.07420745717893773	4.2357546281513052	4.9797619047619044	2.8815476190476192	-30	1	90	7.3478807948841188e-16	6.4047619047619051	-1	-9.0	5.4047619047619051	0.0	-5.5952380952380949	1	1
2.1559898853302	0	0.1516441310148089	3.9897256127936753	4.9238095238095241	2.6297619047619047	-30	1	90	7.3478807948841188e-16	6.4047619047619051	-1	-9.0	5.4047619047619051	0.0	-5.5952380952380949	1	1
2.172712802886963	0	0.2925293834484539	3.5218956737319083	4.8119047619047617	2.1541666666666668	-30	1	90	7.3478807948841188e-16	6.4047619047619051	-1	-9.0	5.4047619047619051	0.0	-5.5952380952380949	1	1
2.189208984375	0	0.45115082994289235	2.9673933644715689	4.6720238095238091	1.5946428571428573	-30	1	90	7.3478807948841188e-16	6.4047619047619051	-1	-9.0	5.4047619047619051	0.0	-5.5952380952380949	1	1
2.2057650089263916	0	0.5613160931303449	2.3849148647350376	4.4761904761904763	1.0351190476190477	-30	1	90	7.3478807948841188e-16	6.4047619047619051	-1	-9.0	5.4047619047619051	0.0	-5.5952380952380949	1	1
2.2224268913269043	0	0.628512770550818	2.100669662485819	4.3922619047619049	0.75535714285714284	-30	1	90	7.3478807948841188e-16	6.4047619047619051	-1	-9.0	5.4047619047619051	0.0	-5.5952380952380949	1	1
2.238955020904541	0	0.7489180301536682	1.5564073496408763	4.2244047619047622	0.22380952380952382	-30	1	90	7.3478807948841188e-16	6.4047619047619051	-1	-9.0	5.4047619047619051	0.0	-5.5952380952380949	1	1
2.2554938793182373	0	0.8161147075741413	1.2721621473916578	4.1404761904761909	-0.055952380952380955	-30	1	90	7.3478807948841188e-16	6.4047619047619051	-1	-9.0	5.4047619047619051	0.0	-5.5952380952380949	1	1
2.272218942642212	0	0.9607480588304846	0.74188792978481111	4.0005952380952383	-0.58750000000000002	-30	1	90	7.3478807948841188e-16	6.4047619047619051	-1	-9.0	5.4047619047619051	0.0	-5.5952380952380949	1	1
2.288815975189209	0	1.1538375933938139	0.23958990265415459	3.9166666666666665	-1.1190476190476191	-30	1	90	7.3478807948841188e-16	6.4047619047619051	-1	-9.0	5.4047619047619051	0.0	-5.5952380952380949	1	1
2.305356979370117	0	1.3049628422428579	-0.19002384951602291	3.8327380952380952	-1.5666666666666667	-30	1	90	7.3478807948841188e-16	6.4047619047619051	-1	-9.0	5.4047619047619051	0.0	-5.5952380952380949	1	1
2.3221628665924072	0	1.3544233256025386	-0.38759668156666649	3.7767857142857144	-1.7625	-30	1	90	7.3478807948841188e-16	6.4047619047619051	-1	-9.0	5.4047619047619051	0.0	-5.5952380952380949	1	1
2.338758945465088	0	1.5260285672823783	-0.74077805995366663	3.7488095238095238	-2.1541666666666668	-30	1	90	7.3478807948841188e-16	6.4047619047619051	-1	-9.0	5.4047619047619051	0.0	-5.5952380952380949	1	1
2.3553760051727295	0	1.5857290470574565	-0.90013470511272153	3.7208333333333332	-2.3220238095238095	-30	1	90	7.3478807948841188e-16	6.4047619047619051	-1	-9.0	5.4047619047619051	0.0	-5.5952380952380949	1	1
2.371985912322998	0	1.6669138197160243	-1.2086079990154328	3.6369047619047619	-2.6297619047619047	-30	1	90	7.3478807948841188e-16	6.4047619047619051	-1	-9.0	5.4047619047619051	0.0	-5.5952380952380949	1	1
2.388547897338867	0	1.709882405483004	-1.5068412965027456	3.5249999999999999	-2.9095238095238094	-30	1	90	7.3478807948841188e-16	6.4047619047619051	-1	-9.0	5.4047619047619051	0.0	-5.5952380952380949	1	1
2.4051828384399414	0	1.680166716289504	-1.8470388797043453	3.3291666666666666	-3.1892857142857145	-30	1	90	7.3478807948841188e-16	6.4047619047619051	-1	-9.0	5.4047619047619051	0.0	-5.5952380952380949	1	1
2.4218249320983887	0	1.6149786389744185	-2.0138917225087933	3.1892857142857145	-3.301190476190476	-30	1	90	7.3478807948841188e-16	6.4047619047619051	-1	-9.0	5.4047619047619051	0.0	-5.5952380952380949	1	1
2.438246011734009	0	1.4398943998599592	-2.4380178771389645	2.825595238095238	-3.5809523809523811	-30	1	90	7.3478807948841188e-16	6.4047619047619051	-1	-9.0	5.4047619047619051	0.0	-5.5952380952380949	1	1
2.4549148082733154	0	1.3262501392378874	-2.6328469104196039	2.6297619047619047	-3.6928571428571431	-30	1	90	7.3478807948841188e-16	6.4047619047619051	-1	-9.0	5.4047619047619051	0.0	-5.5952380952380949	1	1
2.4715068340301514	0	1.078481625162948	-3.0989373507640599	2.1821428571428569	-3.9726190476190477	-30	1	90	7.3478807948841188e-16	6.4047619047619051	-1	-9.0	5.4047619047619051	0.0	-5.5952380952380949	1	1
2.4878828525543213	0	0.8511931039188049	-3.4885954173253388	1.7904761904761906	-4.1964285714285712	-30	1	90	7.3478807948841188e-16	6.4047619047619051	-1	-9.0	5.4047619047619051	0.0	-5.5952380952380949	1	1
2.504472017288208	0	0.7030807552278421	-3.7356287327356621	1.5386904761904763	-4.3363095238095237	-30	1	90	7.3478807948841188e-16	6.4047619047619051	-1	-9.0	5.4047619047619051	0.0	-5.5952380952380949	1	1
2.521068811416626	0	0.6583726707435528	-3.8260492017569341	1.4547619047619047	-4.3922619047619049	-30	1	90	7.3478807948841188e-16	6.4047619047619051	-1	-9.0	5.4047619047619051	0.0	-5.5952380952380949	1	1
2.537632942199707	0	0.6174126850819607	-3.9789139493232879	1.3428571428571427	-4.5041666666666664	-30	1	90	7.3478807948841188e-16	6.4047619047619051	-1	-9.0	5.4047619047619051	0.0	-5.5952380952380949	1	1
2.5542337894439697	0	0.5727046005976716	-4.0693344183445603	1.2589285714285714	-4.5601190476190476	-30	1	90	7.3478807948841188e-16	6.4047619047619051	-1	-9.0	5.4047619047619051	0.0	-5.5952380952380949	1	1
2.5708279609680176	0	0.49727652686718843	-4.2744034480405979	1.0910714285714285	-4.7000000000000002	-30	1	90	7.3478807948841188e-16	6.4047619047619051	-1	-9.0	5.4047619047619051	0.0	-5.5952380952380949	1	1
2.587453842163086	0	0.43208844955210307	-4.4412562908450468	0.95119047619047614	-4.8119047619047617	-30	1	90	7.3478807948841188e-16	6.4047619047619051	-1	-9.0	5.4047619047619051	0.0	-5.5952380952380949	1	1
2.604029893875122	0	0.3873803650678141	-4.5316767598663192	0.86726190476190479	-4.8678571428571429	-30	1	90	7.3478807948841188e-16	6.4047619047619051	-1	-9.0	5.4047619047619051	0.0	-5.5952380952380949	1	1
2.620649814605713	0	0.342672280583525	-4.6220972288875917	0.78333333333333333	-4.9238095238095241	-30	1	90	7.3478807948841188e-16	6.4047619047619051	-1	-9.0	5.4047619047619051	0.0	-5.5952380952380949	1	1
2.6374619007110596	0	0.30820419251463355	-4.6743015110172745	0.72738095238095235	-4.9517857142857142	-30	1	90	7.3478807948841188e-16	6.4047619047619051	-1	-9.0	5.4047619047619051	0.0	-5.5952380952380949	1	1
2.6540629863739014	0	0.3221922877527286	-4.6985296026707681	0.72738095238095235	-4.9797619047619044	-30	1	90	7.3478807948841188e-16	6.4047619047619051	-1	-9.0	5.4047619047619051	0.0	-5.5952380952380949	1	1
2.6706249713897705	0	0.3119522913373309	-4.7367457895623568	0.69940476190476186	-5.0077380952380954	-30	1	90	7.3478807948841188e-16	6.4047619047619051	-1	-9.0	5.4047619047619051	0.0	-5.5952380952380949	1	1
2.6873209476470947	0	0.3157003901600283	-4.7991900681074391	0.67142857142857137	-5.0636904761904766	-30	1	90	7.3478807948841188e-16	6.4047619047619051	-1	-9.0	5.4047619047619051	0.0	-5.5952380952380949	1	1
2.7038488388061523	0	0.3436765806362184	-4.8476462514144245	0.67142857142857137	-5.1196428571428569	-30	1	90	7.3478807948841188e-16	6.4047619047619051	-1	-9.0	5.4047619047619051	0.0	-5.5952380952380949	1	1
2.720158815383911	0	0.3856408663505041	-4.9203305263749044	0.67142857142857137	-5.2035714285714283	-30	1	90	7.3478807948841188e-16	6.4047619047619051	-1	-9.0	5.4047619047619051	0.0	-5.5952380952380949	1	1
2.7370200157165527	0	0.41736515564939214	-5.031230988226973	0.643452380952381	-5.3154761904761907	-30	1	90	7.3478807948841188e-16	6.4047619047619051	-1	-9.0	5.4047619047619051	0.0	-5.5952380952380949	1	1
2.7536728382110596	0	0.4453413461255823	-5.0796871715339584	0.643452380952381	-5.371428571428571	-30	1	90	7.3478807948841188e-16	6.4047619047619051	-1	-9.0	5.4047619047619051	0.0	-5.5952380952380949	1	1
2.7701199054718018	0	0.4770656354244702	-5.190587633386027	0.61547619047619051	-5.4833333333333334	-30	1	90	7.3478807948841188e-16	6.4047619047619051	-1	-9.0	5.4047619047619051	0.0	-5.5952380952380949	1	1
2.7868809700012207	0	0.4705737378317694	-5.2912480988226971	0.55952380952380953	-5.5672619047619047	-30	1	90	7.3478807948841188e-16	6.4047619047619051	-1	-9.0	5.4047619047619051	0.0	-5.5952380952380949	1	1
2.803151845932007	0	0.4743218366544668	-5.3536923773677794	0.53154761904761905	-5.6232142857142859	-30	1	90	7.3478807948841188e-16	6.4047619047619051	-1	-9.0	5.4047619047619051	0.0	-5.5952380952380949	1	1
2.819736957550049	0	0.467829939061766	-5.4543528428044494	0.47559523809523807	-5.7071428571428573	-30	1	90	7.3478807948841188e-16	6.4047619047619051	-1	-9.0	5.4047619047619051	0.0	-5.5952380952380949	1	1
2.836329936981201	0	0.4473499462309702	-5.5307852165876259	0.41964285714285715	-5.7630952380952385	-30	1	90	7.3478807948841188e-16	6.4047619047619051	-1	-9.0	5.4047619047619051	0.0	-5.5952380952380949	1	1
2.8528950214385986	0	0.43710994981557205	-5.5690014034792146	0.39166666666666666	-5.7910714285714286	-30	1	90	7.3478807948841188e-16	6.4047619047619051	-1	-9.0	5.4047619047619051	0.0	-5.5952380952380949	1	1
2.8694980144500732	0	0.40264186174668065	-5.6212056856088983	0.33571428571428569	-5.8190476190476188	-30	1	90	7.3478807948841188e-16	6.4047619047619051	-1	-9.0	5.4047619047619051	0.0	-5.5952380952380949	1	1
2.8862760066986084	0	0.37841377009318744	-5.6351937808469934	0.30773809523809526	-5.8190476190476188	-30	1	90	7.3478807948841188e-16	6.4047619047619051	-1	-9.0	5.4047619047619051	0.0	-5.5952380952380949	1	1
2.9027068614959717	0	0.3681737736777897	-5.6734099677385821	0.27976190476190477	-5.8470238095238098	-30	1	90	7.3478807948841188e-16	6.4047619047619051	-1	-9.0	5.4047619047619051	0.0	-5.5952380952380949	1	1
2.919268846511841	0	0.3197175903708033	-5.7013861582147722	0.22380952380952382	-5.8470238095238098	-30	1	90	7.3478807948841188e-16	6.4047619047619051	-1	-9.0	5.4047619047619051	0.0	-5.5952380952380949	1	1
2.9358928203582764	0	0.28150140347921454	-5.6911461617993737	0.19583333333333333	-5.8190476190476188	-30	1	90	7.3478807948841188e-16	6.4047619047619051	-1	-9.0	5.4047619047619051	0.0	-5.5952380952380949	1	1
2.9525198936462402	0	0.19482903328063977	-5.7088823558601671	0.11190476190476191	-5.7910714285714286	-30	1	90	7.3478807948841188e-16	6.4047619047619051	-1	-9.0	5.4047619047619051	0.0	-5.5952380952380949	1	1
2.9693849086761475	0	0.10815666308206501	-5.7266185499209596	0.027976190476190477	-5.7630952380952385	-30	1	90	7.3478807948841188e-16	6.4047619047619051	-1	-9.0	5.4047619047619051	0.0	-5.5952380952380949	1	1
2.9860079288482666	0	0.007496197645394734	-5.7201266523282586	-0.055952380952380955	-5.7071428571428573	-30	1	90	7.3478807948841188e-16	6.4047619047619051	-1	-9.0	5.4047619047619051	0.0	-5.5952380952380949	1	1
3.0024960041046143	0	-0.016731894008098484	-5.7341147475663536	-0.083928571428571422	-5.7071428571428573	-30	1	90	7.3478807948841188e-16	6.4047619047619051	-1	-9.0	5.4047619047619051	0.0	-5.5952380952380949	1	1
3.0191547870635986	0	-0.04095998566159172	-5.7481028428044496	-0.11190476190476191	-5.7071428571428573	-30	1	90	7.3478807948841188e-16	6.4047619047619051	-1	-9.0	5.4047619047619051	0.0	-5.5952380952380949	1	1
3.035723924636841	0	-0.04095998566159172	-5.7481028428044496	-0.11190476190476191	-5.7071428571428573	-30	1	90	7.3478807948841188e-16	6.4047619047619051	-1	-9.0	5.4047619047619051	0.0	-5.5952380952380949	1	1
3.0523428916931152	0	-0.04095998566159172	-5.7481028428044496	-0.11190476190476191	-5.7071428571428573	-30	1	90	7.3478807948841188e-16	6.4047619047619051	-1	-9.0	5.4047619047619051	0.0	-5.5952380952380949	1	1
3.068943977355957	0	-0.04095998566159172	-5.7481028428044496	-0.11190476190476191	-5.7071428571428573	-30	1	90	7.3478807948841188e-16	6.4047619047619051	-1	-9.0	5.4047619047619051	0.0	-5.5952380952380949	1	1
3.0855579376220703	0	-0.04095998566159172	-5.7481028428044496	-0.11190476190476191	-5.7071428571428573	-30	1	90	7.3478807948841188e-16	6.4047619047619051	-1	-9.0	5.4047619047619051	0.0	-5.5952380952380949	1	1
3.10212779045105	0	-0.04095998566159172	-5.7481028428044496	-0.11190476190476191	-5.7071428571428573	-30	1	90	7.3478807948841188e-16	6.4047619047619051	-1	-9.0	5.4047619047619051	0.0	-5.5952380952380949	1	1
3.1184439659118652	0	-0.04095998566159172	-5.7481028428044496	-0.11190476190476191	-5.7071428571428573	-30	1	90	7.3478807948841188e-16	6.4047619047619051	-1	-9.0	5.4047619047619051	0.0	-5.5952380952380949	1	1
3.1349949836730957	0	-0.04095998566159172	-5.7481028428044496	-0.11190476190476191	-5.7071428571428573	-30	1	90	7.3478807948841188e-16	6.4047619047619051	-1	-9.0	5.4047619047619051	0.0	-5.5952380952380949	1	1
3.1516239643096924	0	-0.04095998566159172	-5.7481028428044496	-0.11190476190476191	-5.7071428571428573	-30	1	90	7.3478807948841188e-16	6.4047619047619051	-1	-9.0	5.4047619047619051	0.0	-5.5952380952380949	1	1
3.1682069301605225	0	-0.04095998566159172	-5.7481028428044496	-0.11190476190476191	-5.7071428571428573	-30	1	90	7.3478807948841188e-16	6.4047619047619051	-1	-9.0	5.4047619047619051	0.0	-5.5952380952380949	1	1
3.1847918033599854	0	-0.04095998566159172	-5.7481028428044496	-0.11190476190476191	-5.7071428571428573	-30	1	90	7.3478807948841188e-16	6.4047619047619051	-1	-9.0	5.4047619047619051	0.0	-5.5952380952380949	1	1
3.2014729976654053	0	-0.04095998566159172	-5.7481028428044496	-0.11190476190476191	-5.7071428571428573	-30	1	90	7.3478807948841188e-16	6.4047619047619051	-1	-9.0	5.4047619047619051	0.0	-5.5952380952380949	1	1
3.21801495552063	0	-0.04095998566159172	-5.7481028428044496	-0.11190476190476191	-5.7071428571428573	-30	1	90	7.3478807948841188e-16	6.4047619047619051	-1	-9.0	5.4047619047619051	0.0	-5.5952380952380949	1	1
3.2345988750457764	0	-0.04095998566159172	-5.7481028428044496	-0.11190476190476191	-5.7071428571428573	-30	1	90	7.3478807948841188e-16	6.4047619047619051	-1	-9.0	5.4047619047619051	0.0	-5.5952380952380949	1	1
3.2511379718780518	0	-0.04095998566159172	-5.7481028428044496	-0.11190476190476191	-5.7071428571428573	-30	1	90	7.3478807948841188e-16	6.4047619047619051	-1	-9.0	5.4047619047619051	0.0	-5.5952380952380949	1	1
3.267728805541992	0	-0.04095998566159172	-5.7481028428044496	-0.11190476190476191	-5.7071428571428573	-30	1	90	7.3478807948841188e-16	6.4047619047619051	-1	-9.0	5.4047619047619051	0.0	-5.5952380952380949	1	1
3.2843739986419678	0	-0.04095998566159172	-5.7481028428044496	-0.11190476190476191	-5.7071428571428573	-30	1	90	7.3478807948841188e-16	6.4047619047619051	-1	-9.0	5.4047619047619051	0.0	-5.5952380952380949	1	1
3.301041841506958	0	-0.04095998566159172	-5.7481028428044496	-0.11190476190476191	-5.7071428571428573	-30	1	90	7.3478807948841188e-16	6.4047619047619051	-1	-9.0	5.4047619047619051	0.0	-5.5952380952380949	1	1
3.31756591796875	0	-0.04095998566159172	-5.7481028428044496	-0.11190476190476191	-5.7071428571428573	-30	1	90	7.3478807948841188e-16	6.4047619047619051	-1	-9.0	5.4047619047619051	0.0	-5.5952380952380949	1	1
3.3341758251190186	0	-0.04095998566159172	-5.7481028428044496	-0.11190476190476191	-5.7071428571428573	-30	1	90	7.3478807948841188e-16	6.4047619047619051	-1	-9.0	5.4047619047619051	0.0	-5.5952380952380949	1	1
3.35078501701355	0	-0.054948080899687245	-5.7238747511509551	-0.11190476190476191	-5.6791666666666663	-30	1	90	7.3478807948841188e-16	6.4047619047619051	-1	-9.0	5.4047619047619051	0.0	-5.5952380952380949	1	1
3.3673088550567627	0	-0.044708084484289076	-5.6856585642593673	-0.083928571428571422	-5.6511904761904761	-30	1	90	7.3478807948841188e-16	6.4047619047619051	-1	-9.0	5.4047619047619051	0.0	-5.5952380952380949	1	1
3.3839008808135986	0	-0.10066046543666983	-5.5887461976453947	-0.083928571428571422	-5.5392857142857146	-30	1	90	7.3478807948841188e-16	6.4047619047619051	-1	-9.0	5.4047619047619051	0.0	-5.5952380952380949	1	1
3.4006187915802	0	-0.14637284997365288	-5.4536176441398334	-0.055952380952380955	-5.399404761904762	-30	1	90	7.3478807948841188e-16	6.4047619047619051	-1	-9.0	5.4047619047619051	0.0	-5.5952380952380949	1	1
3.417184829711914	0	-0.18184523809523775	-5.2802729037426834	0.0	-5.2315476190476193	-30	1	90	7.3478807948841188e-16	6.4047619047619051	-1	-9.0	5.4047619047619051	0.0	-5.5952380952380949	1	1
3.43375301361084	0	-0.2135695273941257	-5.1693724418906148	0.027976190476190477	-5.1196428571428569	-30	1	90	7.3478807948841188e-16	6.4047619047619051	-1	-9.0	5.4047619047619051	0.0	-5.5952380952380949	1	1
3.4503209590911865	0	-0.26303001075380567	-4.9717996098399722	0.083928571428571422	-4.9238095238095241	-30	1	90	7.3478807948841188e-16	6.4047619047619051	-1	-9.0	5.4047619047619051	0.0	-5.5952380952380949	1	1
3.46687388420105	0	-0.31898239170618686	-4.8748872432259986	0.083928571428571422	-4.8119047619047617	-30	1	90	7.3478807948841188e-16	6.4047619047619051	-1	-9.0	5.4047619047619051	0.0	-5.5952380952380949	1	1
3.4834868907928467	0	-0.3964190655420574	-4.6288582278683696	0.13988095238095238	-4.5601190476190476	-30	1	90	7.3478807948841188e-16	6.4047619047619051	-1	-9.0	5.4047619047619051	0.0	-5.5952380952380949	1	1
3.500180959701538	0	-0.4878438346160235	-4.3586011208572462	0.19583333333333333	-4.2803571428571425	-30	1	90	7.3478807948841188e-16	6.4047619047619051	-1	-9.0	5.4047619047619051	0.0	-5.5952380952380949	1	1
3.516690969467163	0	-0.5792686036899891	-4.0883440138461244	0.25178571428571428	-4.0005952380952383	-30	1	90	7.3478807948841188e-16	6.4047619047619051	-1	-9.0	5.4047619047619051	0.0	-5.5952380952380949	1	1
3.5333058834075928	0	-0.6389690834650675	-3.9289873686870695	0.27976190476190477	-3.8327380952380952	-30	1	90	7.3478807948841188e-16	6.4047619047619051	-1	-9.0	5.4047619047619051	0.0	-5.5952380952380949	1	1
3.5499188899993896	0	-0.7341419513617307	-3.5962859831308651	0.36369047619047618	-3.4970238095238093	-30	1	90	7.3478807948841188e-16	6.4047619047619051	-1	-9.0	5.4047619047619051	0.0	-5.5952380952380949	1	1
3.566471815109253	0	-0.7798543358987134	-3.4611574296253038	0.39166666666666666	-3.3571428571428572	-30	1	90	7.3478807948841188e-16	6.4047619047619051	-1	-9.0	5.4047619047619051	0.0	-5.5952380952380949	1	1
3.5830628871917725	0	-0.8610391085572815	-3.1526841357225925	0.47559523809523807	-3.049404761904762	-30	2	90	7.3478807948841188e-16	6.4047619047619051	-1	-9.0	5.4047619047619051	0.0	-5.5952380952380949	1	1
3.5996978282928467	0	-0.9422238812158494	-2.8442108418198817	0.55952380952380953	-2.7416666666666667	-30	2	90	7.3478807948841188e-16	6.4047619047619051	-1	-9.0	5.4047619047619051	0.0	-5.5952380952380949	1	1
3.616583824157715	0	-1.009420558636322	-2.5599656395706636	0.643452380952381	-2.461904761904762	-30	2	90	7.3478807948841188e-16	6.4047619047619051	-1	-9.0	5.4047619047619051	0.0	-5.5952380952380949	1	1
3.633143901824951	0	-1.030904851519812	-2.4108489908270068	0.69940476190476186	-2.3220238095238095	-30	2	90	7.3478807948841188e-16	6.4047619047619051	-1	-9.0	5.4047619047619051	0.0	-5.5952380952380949	1	1
3.649729013442993	0	-1.0738734372867913	-2.112615693339694	0.81130952380952381	-2.0422619047619048	-30	2	90	7.3478807948841188e-16	6.4047619047619051	-1	-9.0	5.4047619047619051	0.0	-5.5952380952380949	1	1
3.6662778854370117	0	-1.095357730170281	-1.9634990445960372	0.86726190476190479	-1.9023809523809523	-30	2	90	7.3478807948841188e-16	6.4047619047619051	-1	-9.0	5.4047619047619051	0.0	-5.5952380952380949	1	1
3.682904005050659	0	-1.128086319521862	-1.6270495602171358	1.0071428571428571	-1.5946428571428573	-30	2	90	7.3478807948841188e-16	6.4047619047619051	-1	-9.0	5.4047619047619051	0.0	-5.5952380952380949	1	1
3.6995458602905273	0	-1.1365868172199505	-1.2766119806001388	1.175	-1.286904761904762	-30	2	90	7.3478807948841188e-16	6.4047619047619051	-1	-9.0	5.4047619047619051	0.0	-5.5952380952380949	1	1
3.7161309719085693	0	-1.1208592232645453	-0.91218630574504633	1.3708333333333333	-0.97916666666666663	-30	2	90	7.3478807948841188e-16	6.4047619047619051	-1	-9.0	5.4047619047619051	0.0	-5.5952380952380949	1	1
3.732736825942993	0	-1.0938873328410488	-0.7350934665251998	1.4827380952380953	-0.8392857142857143	-30	2	90	7.3478807948841188e-16	6.4047619047619051	-1	-9.0	5.4047619047619051	0.0	-5.5952380952380949	1	1
3.7493138313293457	0	-1.0679197424702462	-0.33245160477851865	1.706547619047619	-0.50357142857142856	-30	2	90	7.3478807948841188e-16	6.4047619047619051	-1	-9.0	5.4047619047619051	0.0	-5.5952380952380949	1	1
3.7658679485321045	0	-1.0307078556313514	-0.11714257866708255	1.8464285714285715	-0.33571428571428569	-30	2	90	7.3478807948841188e-16	6.4047619047619051	-1	-9.0	5.4047619047619051	0.0	-5.5952380952380949	1	1
3.782205820083618	0	-0.9320559903000685	0.32746356879388294	2.1541666666666668	0.0	-30	2	90	7.3478807948841188e-16	6.4047619047619051	-1	-9.0	5.4047619047619051	0.0	-5.5952380952380949	1	1
3.7988338470458984	0	-0.8091760333152926	0.7860578114929444	2.4898809523809522	0.33571428571428569	-30	2	90	7.3478807948841188e-16	6.4047619047619051	-1	-9.0	5.4047619047619051	0.0	-5.5952380952380949	1	1
3.8154118061065674	0	-0.7617241500610001	1.0395830244959692	2.6577380952380953	0.53154761904761905	-30	2	90	7.3478807948841188e-16	6.4047619047619051	-1	-9.0	5.4047619047619051	0.0	-5.5952380952380949	1	1
3.8319759368896484	0	-0.6286041966608265	1.5363934540866184	3.0214285714285714	0.89523809523809528	-30	2	90	7.3478807948841188e-16	6.4047619047619051	-1	-9.0	5.4047619047619051	0.0	-5.5952380952380949	1	1
3.8485379219055176	0	-0.5197123349141455	2.0192157884391726	3.3571428571428572	1.2589285714285714	-30	2	90	7.3478807948841188e-16	6.4047619047619051	-1	-9.0	5.4047619047619051	0.0	-5.5952380952380949	1	1
3.8651278018951416	0	-0.45827235642175745	2.2485129097887047	3.5249999999999999	1.4267857142857143	-30	2	90	7.3478807948841188e-16	6.4047619047619051	-1	-9.0	5.4047619047619051	0.0	-5.5952380952380949	1	1
3.881779909133911	0	-0.33539239943698185	2.7071071524877652	3.8607142857142858	1.7625	-30	2	90	7.3478807948841188e-16	6.4047619047619051	-1	-9.0	5.4047619047619051	0.0	-5.5952380952380949	1	1
3.8983399868011475	0	-0.21251244245220624	3.1657013951868276	4.1964285714285712	2.0982142857142856	-30	2	90	7.3478807948841188e-16	6.4047619047619051	-1	-9.0	5.4047619047619051	0.0	-5.5952380952380949	1	1
3.914979934692383	0	-0.15107246395981866	3.3949985165363579	4.3642857142857139	2.2660714285714287	-30	2	90	7.3478807948841188e-16	6.4047619047619051	-1	-9.0	5.4047619047619051	0.0	-5.5952380952380949	1	1
3.931816816329956	0	-0.07664869028202848	3.8256165687592301	4.644047619047619	2.6017857142857141	-30	2	90	7.3478807948841188e-16	6.4047619047619051	-1	-9.0	5.4047619047619051	0.0	-5.5952380952380949	1	1
3.9484570026397705	0	-0.026453008257732336	4.2422465257440045	4.895833333333333	2.9375	-30	2	90	7.3478807948841188e-16	6.4047619047619051	-1	-9.0	5.4047619047619051	0.0	-5.5952380952380949	1	1
3.9650228023529053	0	0.0005188821657649001	4.4193393649638519	5.0077380952380954	3.0773809523809526	-30	2	90	7.3478807948841188e-16	6.4047619047619051	-1	-9.0	5.4047619047619051	0.0	-5.5952380952380949	1	1
3.9816248416900635	0	0.030234571359263995	4.7595369481654508	5.2035714285714283	3.3571428571428572	-30	2	90	7.3478807948841188e-16	6.4047619047619051	-1	-9.0	5.4047619047619051	0.0	-5.5952380952380949	1	1
3.9981958866119385	0	0.04971026413736723	5.061518344475461	5.371428571428571	3.6089285714285713	-30	2	90	7.3478807948841188e-16	6.4047619047619051	-1	-9.0	5.4047619047619051	0.0	-5.5952380952380949	1	1
4.014832973480225	0	0.017985974838479635	5.1724188063275296	5.399404761904762	3.7208333333333332	-30	2	90	7.3478807948841188e-16	6.4047619047619051	-1	-9.0	5.4047619047619051	0.0	-5.5952380952380949	1	1
4.031391859054565	0	-0.02123451210580196	5.4082078252697592	5.4833333333333334	3.9446428571428571	-30	2	90	7.3478807948841188e-16	6.4047619047619051	-1	-9.0	5.4047619047619051	0.0	-5.5952380952380949	1	1
4.047922849655151	0	-0.05295880140469045	5.5191082871218278	5.5113095238095235	4.0565476190476186	-30	2	90	7.3478807948841188e-16	6.4047619047619051	-1	-9.0	5.4047619047619051	0.0	-5.5952380952380949	1	1
4.064580917358398	0	-0.16486356330945195	5.712933020349773	5.5113095238095235	4.2803571428571425	-30	2	90	7.3478807948841188e-16	6.4047619047619051	-1	-9.0	5.4047619047619051	0.0	-5.5952380952380949	1	1
4.081218004226685	0	-0.2245640430845306	5.8722896655088306	5.5392857142857146	4.4482142857142861	-30	2	90	7.3478807948841188e-16	6.4047619047619051	-1	-9.0	5.4047619047619051	0.0	-5.5952380952380949	1	1
4.097491979598999	0	-0.2805164240369109	5.9692020321228014	5.5392857142857146	4.5601190476190476	-30	2	90	7.3478807948841188e-16	6.4047619047619051	-1	-9.0	5.4047619047619051	0.0	-5.5952380952380949	1	1
4.1141698360443115	0	-0.29450451927500687	5.9934301237762959	5.5392857142857146	4.5880952380952378	-30	2	90	7.3478807948841188e-16	6.4047619047619051	-1	-9.0	5.4047619047619051	0.0	-5.5952380952380949	1	1
4.1306939125061035	0	-0.30849261451310195	6.0176582154297904	5.5392857142857146	4.6160714285714288	-30	2	90	7.3478807948841188e-16	6.4047619047619051	-1	-9.0	5.4047619047619051	0.0	-5.5952380952380949	1	1
4.147265911102295	0	-0.30849261451310195	6.0176582154297904	5.5392857142857146	4.6160714285714288	-30	2	90	7.3478807948841188e-16	6.4047619047619051	-1	-9.0	5.4047619047619051	0.0	-5.5952380952380949	1	1
4.163838863372803	0	-0.322480709751197	6.0418863070832831	5.5392857142857146	4.644047619047619	-30	2	90	7.3478807948841188e-16	6.4047619047619051	-1	-9.0	5.4047619047619051	0.0	-5.5952380952380949	1	1
4.1804358959198	0	-0.2982526180977043	6.0558744023213773	5.5672619047619047	4.644047619047619	-30	2	90	7.3478807948841188e-16	6.4047619047619051	-1	-9.0	5.4047619047619051	0.0	-5.5952380952380949	1	1
4.197024822235107	0	-0.2982526180977043	6.0558744023213773	5.5672619047619047	4.644047619047619	-30	2	90	7.3478807948841188e-16	6.4047619047619051	-1	-9.0	5.4047619047619051	0.0	-5.5952380952380949	1	1
4.213749885559082	0	-0.2982526180977043	6.0558744023213773	5.5672619047619047	4.644047619047619	-30	2	90	7.3478807948841188e-16	6.4047619047619051	-1	-9.0	5.4047619047619051	0.0	-5.5952380952380949	1	1
4.230230808258057	0	-0.2982526180977043	6.0558744023213773	5.5672619047619047	4.644047619047619	-30	2	90	7.3478807948841188e-16	6.4047619047619051	-1	-9.0	5.4047619047619051	0.0	-5.5952380952380949	1	1
4.246795892715454	0	-0.2982526180977043	6.0558744023213773	5.5672619047619047	4.644047619047619	-30	2	90	7.3478807948841188e-16	6.4047619047619051	-1	-9.0	5.4047619047619051	0.0	-5.5952380952380949	1	1
4.263650894165039	0	-0.2982526180977043	6.0558744023213773	5.5672619047619047	4.644047619047619	-30	2	90	7.3478807948841188e-16	6.4047619047619051	-1	-9.0	5.4047619047619051	0.0	-5.5952380952380949	1	1
4.280337810516357	0	-0.2982526180977043	6.0558744023213773	5.5672619047619047	4.644047619047619	-30	2	90	7.3478807948841188e-16	6.4047619047619051	-1	-9.0	5.4047619047619051	0.0	-5.5952380952380949	1	1
4.296895980834961	0	-0.2982526180977043	6.0558744023213773	5.5672619047619047	4.644047619047619	-30	2	90	7.3478807948841188e-16	6.4047619047619051	-1	-9.0	5.4047619047619051	0.0	-5.5952380952380949	1	1
4.313579797744751	0	-0.2982526180977043	6.0558744023213773	5.5672619047619047	4.644047619047619	-30	2	90	7.3478807948841188e-16	6.4047619047619051	-1	-9.0	5.4047619047619051	0.0	-5.5952380952380949	1	1
4.329941987991333	0	-0.2982526180977043	6.0558744023213773	5.5672619047619047	4.644047619047619	-30	2	90	7.3478807948841188e-16	6.4047619047619051	-1	-9.0	5.4047619047619051	0.0	-5.5952380952380949	1	1
4.346676826477051	0	-0.2982526180977043	6.0558744023213773	5.5672619047619047	4.644047619047619	-30	2	90	7.3478807948841188e-16	6.4047619047619051	-1	-9.0	5.4047619047619051	0.0	-5.5952380952380949	1	1
4.363260984420776	0	-0.2982526180977043	6.0558744023213773	5.5672619047619047	4.644047619047619	-30	2	90	7.3478807948841188e-16	6.4047619047619051	-1	-9.0	5.4047619047619051	0.0	-5.5952380952380949	1	1
4.379839897155762	0	-0.2982526180977043	6.0558744023213773	5.5672619047619047	4.644047619047619	-30	2	90	7.3478807948841188e-16	6.4047619047619051	-1	-9.0	5.4047619047619051	0.0	-5.5952380952380949	1	1
4.396456956863403	0	-0.2982526180977043	6.0558744023213773	5.5672619047619047	4.644047619047619	-30	2	90	7.3478807948841188e-16	6.4047619047619051	-1	-9.0	5.4047619047619051	0.0	-5.5952380952380949	1	1
4.413179874420166	0	-0.2982526180977043	6.0558744023213773	5.5672619047619047	4.644047619047619	-30	2	90	7.3478807948841188e-16	6.4047619047619051	-1	-9.0	5.4047619047619051	0.0	-5.5952380952380949	1	1
4.429353952407837	0	-0.2982526180977043	6.0558744023213773	5.5672619047619047	4.644047619047619	-30	2	90	7.3478807948841188e-16	6.4047619047619051	-1	-9.0	5.4047619047619051	0.0	-5.5952380952380949	1	1
4.445966958999634	0	-0.2982526180977043	6.0558744023213773	5.5672619047619047	4.644047619047619	-30	2	90	7.3478807948841188e-16	6.4047619047619051	-1	-9.0	5.4047619047619051	0.0	-5.5952380952380949	1	1
4.46254301071167	0	-0.2982526180977043	6.0558744023213773	5.5672619047619047	4.644047619047619	-30	2	90	7.3478807948841188e-16	6.4047619047619051	-1	-9.0	5.4047619047619051	0.0	-5.5952380952380949	1	1
4.479156970977783	0	-0.2982526180977043	6.0558744023213773	5.5672619047619047	4.644047619047619	-30	2	90	7.3478807948841188e-16	6.4047619047619051	-1	-9.0	5.4047619047619051	0.0	-5.5952380952380949	1	1
4.495701789855957	0	-0.322480709751197	6.0418863070832831	5.5392857142857146	4.644047619047619	-30	2	90	7.3478807948841188e-16	6.4047619047619051	-1	-9.0	5.4047619047619051	0.0	-5.5952380952380949	1	1
4.512425899505615	0	-0.322480709751197	6.0418863070832831	5.5392857142857146	4.644047619047619	-30	2	90	7.3478807948841188e-16	6.4047619047619051	-1	-9.0	5.4047619047619051	0.0	-5.5952380952380949	1	1
4.528932809829712	0	-0.322480709751197	6.0418863070832831	5.5392857142857146	4.644047619047619	-30	2	90	7.3478807948841188e-16	6.4047619047619051	-1	-9.0	5.4047619047619051	0.0	-5.5952380952380949	1	1
4.5455639362335205	0	-0.322480709751197	6.0418863070832831	5.5392857142857146	4.644047619047619	-30	2	90	7.3478807948841188e-16	6.4047619047619051	-1	-9.0	5.4047619047619051	0.0	-5.5952380952380949	1	1
4.562114000320435	0	-0.322480709751197	6.0418863070832831	5.5392857142857146	4.644047619047619	-30	2	90	7.3478807948841188e-16	6.4047619047619051	-1	-9.0	5.4047619047619051	0.0	-5.5952380952380949	1	1
4.578952789306641	0	-0.322480709751197	6.0418863070832831	5.5392857142857146	4.644047619047619	-30	2	90	7.3478807948841188e-16	6.4047619047619051	-1	-9.0	5.4047619047619051	0.0	-5.5952380952380949	1	1
4.595552921295166	0	-0.322480709751197	6.0418863070832831	5.5392857142857146	4.644047619047619	-30	2	90	7.3478807948841188e-16	6.4047619047619051	-1	-9.0	5.4047619047619051	0.0	-5.5952380952380949	1	1
4.61220383644104	0	-0.322480709751197	6.0418863070832831	5.5392857142857146	4.644047619047619	-30	2	90	7.3478807948841188e-16	6.4047619047619051	-1	-9.0	5.4047619047619051	0.0	-5.5952380952380949	1	1
4.62883186340332	0	-0.322480709751197	6.0418863070832831	5.5392857142857146	4.644047619047619	-30	2	90	7.3478807948841188e-16	6.4047619047619051	-1	-9.0	5.4047619047619051	0.0	-5.5952380952380949	1	1
4.645402908325195	0	-0.322480709751197	6.0418863070832831	5.5392857142857146	4.644047619047619	-30	2	90	7.3478807948841188e-16	6.4047619047619051	-1	-9.0	5.4047619047619051	0.0	-5.5952380952380949	1	1
4.661942005157471	0	-0.322480709751197	6.0418863070832831	5.5392857142857146	4.644047619047619	-30	2	90	7.3478807948841188e-16	6.4047619047619051	-1	-9.0	5.4047619047619051	0.0	-5.5952380952380949	1	1
4.678555011749268	0	-0.32248070975119703	6.0418863070832831	5.5392857142857146	4.644047619047619	-30	2	90	7.3478807948841188e-16	6.4047619047619051	-1	-9.0	5.4047619047619051	0.0	-5.5952380952380949	1	1
4.6951189041137695	0	-0.32248070975119703	6.0418863070832831	5.5392857142857146	4.644047619047619	-30	2	90	7.3478807948841188e-16	6.4047619047619051	-1	-9.0	5.4047619047619051	0.0	-5.5952380952380949	1	1
4.711706876754761	0	-0.32248070975119703	6.0418863070832831	5.5392857142857146	4.644047619047619	-30	3	90	7.3478807948841188e-16	6.4047619047619051	-1	-9.0	5.4047619047619051	0.0	-5.5952380952380949	1	1
4.72834587097168	0	-0.32248070975119703	6.0418863070832831	5.5392857142857146	4.644047619047619	-30	4	90	7.3478807948841188e-16	6.4047619047619051	-1	-9.0	5.4047619047619051	0.0	-5.5952380952380949	1	1
4.7447028160095215	0	-0.32248070975119703	6.0418863070832831	5.5392857142857146	4.644047619047619	-30	4	90	7.3478807948841188e-16	6.4047619047619051	-1	-9.0	5.4047619047619051	0.0	-5.5952380952380949	1	1
4.761262893676758	0	-0.32248070975119703	6.0418863070832831	5.5392857142857146	4.644047619047619	-30	4	90	7.3478807948841188e-16	6.4047619047619051	-1	-9.0	5.4047619047619051	0.0	-5.5952380952380949	1	1
4.777832984924316	0	-0.32248070975119703	6.0418863070832831	5.5392857142857146	4.644047619047619	-30	4	90	7.3478807948841188e-16	6.4047619047619051	-1	-9.0	5.4047619047619051	0.0	-5.5952380952380949	1	1
4.794425964355469	0	-0.32248070975119703	6.0418863070832831	5.5392857142857146	4.644047619047619	-30	4	90	7.3478807948841188e-16	6.4047619047619051	-1	-9.0	5.4047619047619051	0.0	-5.5952380952380949	1	1
4.810993909835815	0	-0.32248070975119703	6.0418863070832831	5.5392857142857146	4.644047619047619	-30	4	90	7.3478807948841188e-16	6.4047619047619051	-1	-9.0	5.4047619047619051	0.0	-5.5952380952380949	1	1
4.82762598991394	0	-0.32248070975119703	6.0418863070832831	5.5392857142857146	4.644047619047619	-30	4	90	7.3478807948841188e-16	6.4047619047619051	-1	-9.0	5.4047619047619051	0.0	-5.5952380952380949	1	1
4.844183921813965	0	-0.32248070975119703	6.0418863070832831	5.5392857142857146	4.644047619047619	-30	4	90	7.3478807948841188e-16	6.4047619047619051	-1	-9.0	5.4047619047619051	0.0	-5.5952380952380949	1	1
4.860767841339111	0	-0.32248070975119703	6.0418863070832831	5.5392857142857146	4.644047619047619	-30	4	90	7.3478807948841188e-16	6.4047619047619051	-1	-9.0	5.4047619047619051	0.0	-5.5952380952380949	1	1
4.877409934997559	0	-0.32248070975119703	6.0418863070832831	5.5392857142857146	4.644047619047619	-30	4	90	7.3478807948841188e-16	6.4047619047619051	-1	-9.0	5.4047619047619051	0.0	-5.5952380952380949	1	1
4.893980979919434	0	-0.32248070975119703	6.0418863070832831	5.5392857142857146	4.644047619047619	-30	4	90	7.3478807948841188e-16	6.4047619047619051	-1	-9.0	5.4047619047619051	0.0	-5.5952380952380949	1	1
4.910844802856445	0	-0.32248070975119703	6.0418863070832831	5.5392857142857146	4.644047619047619	-30	4	90	7.3478807948841188e-16	6.4047619047619051	-1	-9.0	5.4047619047619051	0.0	-5.5952380952380949	1	1
4.927502870559692	0	-0.32248070975119703	6.0418863070832831	5.5392857142857146	4.644047619047619	-30	4	90	7.3478807948841188e-16	6.4047619047619051	-1	-9.0	5.4047619047619051	0.0	-5.5952380952380949	1	1
4.944087982177734	0	-0.32248070975119703	6.0418863070832831	5.5392857142857146	4.644047619047619	-30	4	90	7.3478807948841188e-16	6.4047619047619051	-1	-9.0	5.4047619047619051	0.0	-5.5952380952380949	1	1
4.960673809051514	0	-0.32248070975119703	6.0418863070832831	5.5392857142857146	4.644047619047619	-30	4	90	7.3478807948841188e-16	6.4047619047619051	-1	-9.0	5.4047619047619051	0.0	-5.5952380952380949	1	1
4.9772138595581055	0	-0.32248070975119703	6.0418863070832831	5.5392857142857146	4.644047619047619	-30	4	90	7.3478807948841188e-16	6.4047619047619051	-1	-9.0	5.4047619047619051	0.0	-5.5952380952380949	1	1
4.99384880065918	0	-0.32248070975119703	6.0418863070832831	5.5392857142857146	4.644047619047619	-30	4	90	7.3478807948841188e-16	6.4047619047619051	-1	-9.0	5.4047619047619051	0.0	-5.5952380952380949	1	1
5.010422945022583	0	-0.43438547165595942	6.0418863070832831	5.4273809523809522	4.644047619047619	-30	4	90	7.3478807948841188e-16	6.4047619047619051	-1	-9.0	5.4047619047619051	0.0	-5.5952380952380949	1	1
5.02708101272583	0	-0.57426642403691197	6.0418863070832831	5.2874999999999996	4.644047619047619	-30	4	90	7.3478807948841188e-16	6.4047619047619051	-1	-9.0	5.4047619047619051	0.0	-5.5952380952380949	1	1
5.043627977371216	0	-0.96593309070357858	6.0418863070832831	4.895833333333333	4.644047619047619	-30	4	90	7.3478807948841188e-16	6.4047619047619051	-1	-9.0	5.4047619047619051	0.0	-5.5952380952380949	1	1
5.060214996337891	0	-1.4974807097511977	6.0418863070832831	4.3642857142857139	4.644047619047619	-30	4	90	7.3478807948841188e-16	6.4047619047619051	-1	-9.0	5.4047619047619051	0.0	-5.5952380952380949	1	1
5.0765838623046875	0	-1.805218804989293	6.0418863070832831	4.0565476190476186	4.644047619047619	-30	4	90	7.3478807948841188e-16	6.4047619047619051	-1	-9.0	5.4047619047619051	0.0	-5.5952380952380949	1	1
5.09316086769104	0	-2.532599757370245	6.0418863070832831	3.3291666666666666	4.6720238095238091	-30	4	90	7.3478807948841188e-16	6.4047619047619051	-1	-9.0	5.4047619047619051	0.0	-5.5952380952380949	1	1
5.109755992889404	0	-3.3439092811797688	6.0418863070832831	2.5178571428571428	4.7279761904761903	-30	4	90	7.3478807948841188e-16	6.4047619047619051	-1	-9.0	5.4047619047619051	0.0	-5.5952380952380949	1	1
5.126379013061523	0	-3.763552138322626	6.0418863070832831	2.0982142857142856	4.7559523809523814	-30	4	90	7.3478807948841188e-16	6.4047619047619051	-1	-9.0	5.4047619047619051	0.0	-5.5952380952380949	1	1
5.1429359912872314	0	-4.6867664240369118	6.0418863070832831	1.175	4.7839285714285715	-30	4	90	7.3478807948841188e-16	6.4047619047619051	-1	-9.0	5.4047619047619051	0.0	-5.5952380952380949	1	1
5.159463882446289	0	-5.1903378526083408	6.0418863070832831	0.67142857142857137	4.8119047619047617	-30	4	90	7.3478807948841188e-16	6.4047619047619051	-1	-9.0	5.4047619047619051	0.0	-5.5952380952380949	1	1
5.176079988479614	0	-6.2814092811797693	6.0418863070832831	-0.41964285714285715	4.7839285714285715	-30	4	90	7.3478807948841188e-16	6.4047619047619051	-1	-9.0	5.4047619047619051	0.0	-5.5952380952380949	1	1
5.192662954330444	0	-7.4004569002273879	6.0418863070832831	-1.5386904761904763	4.7000000000000002	-30	4	90	7.3478807948841188e-16	6.4047619047619051	-1	-9.0	5.4047619047619051	0.0	-5.5952380952380949	1	1
5.209308862686157	0	-7.199510640520577	2.0068229809191536	-2.4339285714285714	4.5880952380952378	-30	4	90	7.3478807948841188e-16	6.4047619047619051	-1	-9.0	5.4047619047619051	0.0	-5.5952380952380949	1	1
5.226238012313843	0	-7.4864996415397975	1.7765215595169295	-2.7976190476190474	4.5321428571428575	-30	4	90	7.3478807948841188e-16	6.4047619047619051	-1	-9.0	5.4047619047619051	0.0	-5.5952380952380949	1	1
5.242703914642334	0	-7.832184822281404	1.4800277607469257	-3.2452380952380953	4.4482142857142861	-30	4	90	7.3478807948841188e-16	6.4047619047619051	-1	-9.0	5.4047619047619051	0.0	-5.5952380952380949	1	1
5.259322881698608	0	-7.929097188895376	1.4240753797945445	-3.3571428571428572	4.4482142857142861	-30	4	90	7.3478807948841188e-16	6.4047619047619051	-1	-9.0	5.4047619047619051	0.0	-5.5952380952380949	1	1
5.275977849960327	0	-8.012021460271253	1.3438949071886697	-3.4690476190476192	4.4202380952380951	-30	5	90	7.3478807948841188e-16	6.4047619047619051	-1	-9.0	5.4047619047619051	0.0	-5.5952380952380949	1	1
5.2924909591674805	0	-8.022261456686653	1.3056787202970837	-3.4970238095238093	4.3922619047619049	-30	5	90	7.3478807948841188e-16	6.4047619047619051	-1	-9.0	5.4047619047619051	0.0	-5.5952380952380949	1	1
5.309134006500244	0	-7.935589086488077	1.3234149143578744	-3.413095238095238	4.3642857142857139	-30	5	90	7.3478807948841188e-16	6.4047619047619051	-1	-9.0	5.4047619047619051	0.0	-5.5952380952380949	1	1
5.325769901275635	0	-7.848916716289502	1.3411511084186678	-3.3291666666666666	4.3363095238095237	-30	5	90	7.3478807948841188e-16	6.4047619047619051	-1	-9.0	5.4047619047619051	0.0	-5.5952380952380949	1	1
5.342327833175659	0	-7.450022953365519	1.3776277965929458	-2.9654761904761906	4.168452380952381	-30	5	90	7.3478807948841188e-16	6.4047619047619051	-1	-9.0	5.4047619047619051	0.0	-5.5952380952380949	1	1
5.358852863311768	0	-7.176017747531699	1.4066082871218288	-2.7136904761904761	4.0565476190476186	-30	5	90	7.3478807948841188e-16	6.4047619047619051	-1	-9.0	5.4047619047619051	0.0	-5.5952380952380949	1	1
5.375473976135254	0	-6.509610676366597	1.3714050003883225	-2.1541666666666668	3.6928571428571431	-30	5	90	7.3478807948841188e-16	6.4047619047619051	-1	-9.0	5.4047619047619051	0.0	-5.5952380952380949	1	1
5.392045021057129	0	-5.7770112278337145	1.2775055339324313	-1.5666666666666667	3.2452380952380953	-30	5	90	7.3478807948841188e-16	6.4047619047619051	-1	-9.0	5.4047619047619051	0.0	-5.5952380952380949	1	1
5.408711910247803	0	-5.040663680478136	1.1211617889314587	-1.0071428571428571	2.7416666666666667	-30	5	90	7.3478807948841188e-16	6.4047619047619051	-1	-9.0	5.4047619047619051	0.0	-5.5952380952380949	1	1
5.425297021865845	0	-4.644513716324156	0.9945337331239843	-0.72738095238095235	2.4339285714285714	-30	5	90	7.3478807948841188e-16	6.4047619047619051	-1	-9.0	5.4047619047619051	0.0	-5.5952380952380949	1	1
5.4419169425964355	0	-3.9146580665612785	0.73752952268634164	-0.22380952380952382	1.8464285714285715	-30	5	90	7.3478807948841188e-16	6.4047619047619051	-1	-9.0	5.4047619047619051	0.0	-5.5952380952380949	1	1
5.458356857299805	0	-3.556724289298887	0.62114146329426578	0.027976190476190477	1.5666666666666667	-30	5	90	7.3478807948841188e-16	6.4047619047619051	-1	-9.0	5.4047619047619051	0.0	-5.5952380952380949	1	1
5.475097894668579	0	-2.8613367276049	0.31193297072693849	0.47559523809523807	0.95119047619047614	-30	5	90	7.3478807948841188e-16	6.4047619047619051	-1	-9.0	5.4047619047619051	0.0	-5.5952380952380949	1	1
5.491644859313965	0	-2.1901772575644065	-0.01126361707848389	0.89523809523809528	0.33571428571428569	-30	5	90	7.3478807948841188e-16	6.4047619047619051	-1	-9.0	5.4047619047619051	0.0	-5.5952380952380949	1	1
5.508263826370239	0	-1.8806996636090019	-0.15562786694674902	1.0910714285714285	0.055952380952380955	-30	5	90	7.3478807948841188e-16	6.4047619047619051	-1	-9.0	5.4047619047619051	0.0	-5.5952380952380949	1	1
5.524847984313965	0	-1.3241887542432735	-0.4481044655059776	1.4267857142857143	-0.47559523809523807	-30	5	90	7.3478807948841188e-16	6.4047619047619051	-1	-9.0	5.4047619047619051	0.0	-5.5952380952380949	1	1
5.541494846343994	0	-0.8683383103142155	-0.73408916647250511	1.6785714285714286	-0.95119047619047614	-30	5	90	7.3478807948841188e-16	6.4047619047619051	-1	-9.0	5.4047619047619051	0.0	-5.5952380952380949	1	1
5.55794095993042	0	-0.6492811853800826	-0.83374533185648225	1.8184523809523809	-1.1470238095238094	-30	5	90	7.3478807948841188e-16	6.4047619047619051	-1	-9.0	5.4047619047619051	0.0	-5.5952380952380949	1	1
5.574620008468628	0	-0.2736112140568985	-1.0368057614471322	2.0422619047619048	-1.5107142857142857	-30	5	90	7.3478807948841188e-16	6.4047619047619051	-1	-9.0	5.4047619047619051	0.0	-5.5952380952380949	1	1
5.591195821762085	0	-0.0787821807762592	-1.1504500220692035	2.1541666666666668	-1.706547619047619	-30	5	90	7.3478807948841188e-16	6.4047619047619051	-1	-9.0	5.4047619047619051	0.0	-5.5952380952380949	1	1
5.607838869094849	0	0.3006358893696217	-1.4159547302049358	2.3500000000000001	-2.1261904761904762	-30	5	90	7.3478807948841188e-16	6.4047619047619051	-1	-9.0	5.4047619047619051	0.0	-5.5952380952380949	1	1
5.624374866485596	0	0.6418377726239144	-1.6712194419252691	2.5178571428571428	-2.5178571428571428	-30	5	90	7.3478807948841188e-16	6.4047619047619051	-1	-9.0	5.4047619047619051	0.0	-5.5952380952380949	1	1
5.641075849533081	0	0.9345834725712208	-1.9544603441217934	2.6297619047619047	-2.9095238095238094	-30	5	90	7.3478807948841188e-16	6.4047619047619051	-1	-9.0	5.4047619047619051	0.0	-5.5952380952380949	1	1
5.6576478481292725	0	1.0669682273067786	-2.0718527035665626	2.6857142857142855	-3.0773809523809526	-30	5	90	7.3478807948841188e-16	6.4047619047619051	-1	-9.0	5.4047619047619051	0.0	-5.5952380952380949	1	1
5.674198865890503	0	1.283281553470908	-2.3346136129322903	2.7416666666666667	-3.413095238095238	-30	5	90	7.3478807948841188e-16	6.4047619047619051	-1	-9.0	5.4047619047619051	0.0	-5.5952380952380949	1	1
5.690719842910767	0	1.3774501213148775	-2.441765975961661	2.7696428571428573	-3.5529761904761905	-30	5	90	7.3478807948841188e-16	6.4047619047619051	-1	-9.0	5.4047619047619051	0.0	-5.5952380952380949	1	1
5.707354784011841	0	1.527571070111227	-2.6458307056050048	2.7976190476190474	-3.8047619047619046	-30	5	90	7.3478807948841188e-16	6.4047619047619051	-1	-9.0	5.4047619047619051	0.0	-5.5952380952380949	1	1
5.723967790603638	0	1.6012596451244012	-2.8294154424175533	2.7696428571428573	-4.0005952380952383	-30	5	90	7.3478807948841188e-16	6.4047619047619051	-1	-9.0	5.4047619047619051	0.0	-5.5952380952380949	1	1
5.740635871887207	0	1.6125039415924927	-3.0167482780527983	2.6857142857142855	-4.168452380952381	-30	5	90	7.3478807948841188e-16	6.4047619047619051	-1	-9.0	5.4047619047619051	0.0	-5.5952380952380949	1	1
5.757211923599243	0	1.620000139237887	-3.1416368351429611	2.6297619047619047	-4.2803571428571425	-30	5	90	7.3478807948841188e-16	6.4047619047619051	-1	-9.0	5.4047619047619051	0.0	-5.5952380952380949	1	1
5.773769855499268	0	1.5623082595681965	-3.4333782350375737	2.4339285714285714	-4.5041666666666664	-30	5	90	7.3478807948841188e-16	6.4047619047619051	-1	-9.0	5.4047619047619051	0.0	-5.5952380952380949	1	1
5.790294885635376	0	1.5213482739066047	-3.5862429826039279	2.3220238095238095	-4.6160714285714288	-30	5	90	7.3478807948841188e-16	6.4047619047619051	-1	-9.0	5.4047619047619051	0.0	-5.5952380952380949	1	1
5.806959867477417	0	1.4599082954142169	-3.8155401039534587	2.1541666666666668	-4.7839285714285715	-30	5	90	7.3478807948841188e-16	6.4047619047619051	-1	-9.0	5.4047619047619051	0.0	-5.5952380952380949	1	1
5.8235249519348145	0	1.4571644966442134	-3.9786448479352106	2.0702380952380954	-4.9238095238095241	-30	5	90	7.3478807948841188e-16	6.4047619047619051	-1	-9.0	5.4047619047619051	0.0	-5.5952380952380949	1	1
5.840181827545166	0	1.4506725990515126	-4.0793053133718811	2.0142857142857142	-5.0077380952380954	-30	5	90	7.3478807948841188e-16	6.4047619047619051	-1	-9.0	5.4047619047619051	0.0	-5.5952380952380949	1	1
5.856759786605835	0	1.4162045109826211	-4.1315095955015639	1.9583333333333333	-5.0357142857142856	-30	5	90	7.3478807948841188e-16	6.4047619047619051	-1	-9.0	5.4047619047619051	0.0	-5.5952380952380949	1	1
5.873295783996582	0	1.361256430082934	-4.2601462514144242	1.8464285714285715	-5.1196428571428569	-30	5	90	7.3478807948841188e-16	6.4047619047619051	-1	-9.0	5.4047619047619051	0.0	-5.5952380952380949	1	1
5.889753818511963	0	1.2783321587070566	-4.340326724020299	1.7345238095238096	-5.147619047619048	-30	5	90	7.3478807948841188e-16	6.4047619047619051	-1	-9.0	5.4047619047619051	0.0	-5.5952380952380949	1	1
5.906466960906982	0	1.0537874362329167	-4.5668800465998265	1.4267857142857143	-5.2315476190476193	-30	5	90	7.3478807948841188e-16	6.4047619047619051	-1	-9.0	5.4047619047619051	0.0	-5.5952380952380949	1	1
5.923089981079102	0	0.7807865304517905	-4.8214095596555442	1.0630952380952381	-5.3154761904761907	-30	5	90	7.3478807948841188e-16	6.4047619047619051	-1	-9.0	5.4047619047619051	0.0	-5.5952380952380949	1	1
5.939783811569214	0	0.4593294413636778	-5.103915263187452	0.643452380952381	-5.399404761904762	-30	5	90	7.3478807948841188e-16	6.4047619047619051	-1	-9.0	5.4047619047619051	0.0	-5.5952380952380949	1	1
5.9563148021698	0	0.27949280337382704	-5.2400481167457071	0.41964285714285715	-5.4273809523809522	-30	5	90	7.3478807948841188e-16	6.4047619047619051	-1	-9.0	5.4047619047619051	0.0	-5.5952380952380949	1	1
