time	trial	cursorx	cursory	hand_x	hand_Y	rotation	step	targetangle	targetposx	targetposy	garagelocation	garageposx	garageposy	homex	homey	group	trial_type
9.5367431640625e-07	4	-0.47559523809523807	-5.4273809523809522	-0.47559523809523807	-5.4273809523809522	0	5	75	3.1058285412302489	5.9958718202307253	-1	-5.8941714587697511	4.9958718202307253	0.0	-5.5952380952380949	1	-1
0.02953505516052246	4	-0.3636904761904762	-5.5113095238095235	-0.36369047619047618	-5.5113095238095235	0	1	75	3.1058285412302489	5.9958718202307253	-1	-5.8941714587697511	4.9958718202307253	0.0	-5.5952380952380949	1	-1
0.046144962310791016	4	-0.3357142857142857	-5.5113095238095235	-0.33571428571428569	-5.5113095238095235	0	1	75	3.1058285412302489	5.9958718202307253	-1	-5.8941714587697511	4.9958718202307253	0.0	-5.5952380952380949	1	-1
0.0625	4	-0.30773809523809526	-5.5672619047619047	-0.30773809523809526	-5.5672619047619047	0	1	75	3.1058285412302489	5.9958718202307253	-1	-5.8941714587697511	4.9958718202307253	0.0	-5.5952380952380949	1	-1
0.07906198501586914	4	-0.27976190476190477	-5.5672619047619047	-0.27976190476190477	-5.5672619047619047	0	1	75	3.1058285412302489	5.9958718202307253	-1	-5.8941714587697511	4.9958718202307253	0.0	-5.5952380952380949	1	-1
0.09568309783935547	4	-0.2517857142857143	-5.5952380952380949	-0.25178571428571428	-5.5952380952380949	0	1	75	3.1058285412302489	5.9958718202307253	-1	-5.8941714587697511	4.9958718202307253	0.0	-5.5952380952380949	1	-1
0.11218905448913574	4	-0.2517857142857143	-5.6232142857142859	-0.25178571428571428	-5.6232142857142859	0	1	75	3.1058285412302489	5.9958718202307253	-1	-5.8941714587697511	4.9958718202307253	0.0	-5.5952380952380949	1	-1
0.1288440227508545	4	-0.22380952380952382	-5.6232142857142859	-0.22380952380952382	-5.6232142857142859	0	1	75	3.1058285412302489	5.9958718202307253	-1	-5.8941714587697511	4.9958718202307253	0.0	-5.5952380952380949	1	-1
0.14540410041809082	4	-0.19583333333333333	-5.6511904761904761	-0.19583333333333333	-5.6511904761904761	0	1	75	3.1058285412302489	5.9958718202307253	-1	-5.8941714587697511	4.9958718202307253	0.0	-5.5952380952380949	1	-1
0.16201305389404297	4	-0.16785714285714284	-5.6791666666666663	-0.16785714285714284	-5.6791666666666663	0	1	75	3.1058285412302489	5.9958718202307253	-1	-5.8941714587697511	4.9958718202307253	0.0	-5.5952380952380949	1	-1
0.17860102653503418	4	-0.16785714285714284	-5.6791666666666663	-0.16785714285714284	-5.6791666666666663	0	1	75	3.1058285412302489	5.9958718202307253	-1	-5.8941714587697511	4.9958718202307253	0.0	-5.5952380952380949	1	-1
0.19526195526123047	4	-0.13988095238095238	-5.7071428571428573	-0.13988095238095238	-5.7071428571428573	0	1	75	3.1058285412302489	5.9958718202307253	-1	-5.8941714587697511	4.9958718202307253	0.0	-5.5952380952380949	1	-1
0.21178603172302246	4	-0.13988095238095238	-5.7071428571428573	-0.13988095238095238	-5.7071428571428573	0	1	75	3.1058285412302489	5.9958718202307253	-1	-5.8941714587697511	4.9958718202307253	0.0	-5.5952380952380949	1	-1
0.22866415977478027	4	-0.11190476190476191	-5.7071428571428573	-0.11190476190476191	-5.7071428571428573	0	1	75	3.1058285412302489	5.9958718202307253	-1	-5.8941714587697511	4.9958718202307253	0.0	-5.5952380952380949	1	-1
0.24526214599609375	4	-0.11190476190476191	-5.7351190476190474	-0.11190476190476191	-5.7351190476190474	0	1	75	3.1058285412302489	5.9958718202307253	-1	-5.8941714587697511	4.9958718202307253	0.0	-5.5952380952380949	1	-1
0.26187801361083984	4	-0.11190476190476191	-5.7351190476190474	-0.11190476190476191	-5.7351190476190474	0	1	75	3.1058285412302489	5.9958718202307253	-1	-5.8941714587697511	4.9958718202307253	0.0	-5.5952380952380949	1	-1
0.27846312522888184	4	-0.11190476190476191	-5.7351190476190474	-0.11190476190476191	-5.7351190476190474	0	1	75	3.1058285412302489	5.9958718202307253	-1	-5.8941714587697511	4.9958718202307253	0.0	-5.5952380952380949	1	-1
0.29517698287963867	4	-0.11190476190476191	-5.7351190476190474	-0.11190476190476191	-5.7351190476190474	0	1	75	3.1058285412302489	5.9958718202307253	-1	-5.8941714587697511	4.9958718202307253	0.0	-5.5952380952380949	1	-1
0.3116121292114258	4	-0.11190476190476191	-5.7351190476190474	-0.11190476190476191	-5.7351190476190474	0	1	75	3.1058285412302489	5.9958718202307253	-1	-5.8941714587697511	4.9958718202307253	0.0	-5.5952380952380949	1	-1
0.3282499313354492	4	-0.11190476190476191	-5.7071428571428573	-0.11190476190476191	-5.7071428571428573	0	1	75	3.1058285412302489	5.9958718202307253	-1	-5.8941714587697511	4.9958718202307253	0.0	-5.5952380952380949	1	-1
0.3447990417480469	4	-0.11190476190476191	-5.7071428571428573	-0.11190476190476191	-5.7071428571428573	0	1	75	3.1058285412302489	5.9958718202307253	-1	-5.8941714587697511	4.9958718202307253	0.0	-5.5952380952380949	1	-1
0.3614070415496826	4	-0.11190476190476191	-5.6511904761904761	-0.11190476190476191	-5.6511904761904761	0	1	75	3.1058285412302489	5.9958718202307253	-1	-5.8941714587697511	4.9958718202307253	0.0	-5.5952380952380949	1	-1
0.37773895263671875	4	-0.08392857142857142	-5.5672619047619047	-0.083928571428571422	-5.5672619047619047	0	1	75	3.1058285412302489	5.9958718202307253	-1	-5.8941714587697511	4.9958718202307253	0.0	-5.5952380952380949	1	-1
0.39438295364379883	4	-0.027976190476190477	-5.371428571428571	-0.027976190476190477	-5.371428571428571	0	1	75	3.1058285412302489	5.9958718202307253	-1	-5.8941714587697511	4.9958718202307253	0.0	-5.5952380952380949	1	-1
0.41094398498535156	4	0.0	-5.2595238095238095	0.0	-5.2595238095238095	0	1	75	3.1058285412302489	5.9958718202307253	-1	-5.8941714587697511	4.9958718202307253	0.0	-5.5952380952380949	1	-1
0.4275369644165039	4	0.08392857142857142	-5.0077380952380954	0.083928571428571422	-5.0077380952380954	0	1	75	3.1058285412302489	5.9958718202307253	-1	-5.8941714587697511	4.9958718202307253	0.0	-5.5952380952380949	1	-1
0.44409704208374023	4	0.19583333333333333	-4.7000000000000002	0.19583333333333333	-4.7000000000000002	0	1	75	3.1058285412302489	5.9958718202307253	-1	-5.8941714587697511	4.9958718202307253	0.0	-5.5952380952380949	1	-1
0.4607350826263428	4	0.2517857142857143	-4.5321428571428575	0.25178571428571428	-4.5321428571428575	0	1	75	3.1058285412302489	5.9958718202307253	-1	-5.8941714587697511	4.9958718202307253	0.0	-5.5952380952380949	1	-1
0.47728705406188965	4	0.39166666666666666	-4.1964285714285712	0.39166666666666666	-4.1964285714285712	0	1	75	3.1058285412302489	5.9958718202307253	-1	-5.8941714587697511	4.9958718202307253	0.0	-5.5952380952380949	1	-1
0.4939000606536865	4	0.5595238095238095	-3.8327380952380952	0.55952380952380953	-3.8327380952380952	0	1	75	3.1058285412302489	5.9958718202307253	-1	-5.8941714587697511	4.9958718202307253	0.0	-5.5952380952380949	1	-1
0.5105271339416504	4	0.643452380952381	-3.6089285714285713	0.643452380952381	-3.6089285714285713	0	1	75	3.1058285412302489	5.9958718202307253	-1	-5.8941714587697511	4.9958718202307253	0.0	-5.5952380952380949	1	-1
0.5271410942077637	4	0.8392857142857143	-3.1892857142857145	0.8392857142857143	-3.1892857142857145	0	1	75	3.1058285412302489	5.9958718202307253	-1	-5.8941714587697511	4.9958718202307253	0.0	-5.5952380952380949	1	-1
0.5436780452728271	4	1.0351190476190477	-2.7136904761904761	1.0351190476190477	-2.7136904761904761	0	2	75	3.1058285412302489	5.9958718202307253	-1	-5.8941714587697511	4.9958718202307253	0.0	-5.5952380952380949	1	-1
0.5602531433105469	4	1.1470238095238094	-2.4898809523809522	1.1470238095238094	-2.4898809523809522	0	2	75	3.1058285412302489	5.9958718202307253	-1	-5.8941714587697511	4.9958718202307253	0.0	-5.5952380952380949	1	-1
0.5768420696258545	4	1.3708333333333333	-1.9863095238095241	1.3708333333333333	-1.9863095238095239	0	2	75	3.1058285412302489	5.9958718202307253	-1	-5.8941714587697511	4.9958718202307253	0.0	-5.5952380952380949	1	-1
0.593480110168457	4	1.5666666666666667	-1.5107142857142861	1.5666666666666667	-1.5107142857142857	0	2	75	3.1058285412302489	5.9958718202307253	-1	-5.8941714587697511	4.9958718202307253	0.0	-5.5952380952380949	1	-1
0.6101119518280029	4	1.6785714285714286	-1.2589285714285712	1.6785714285714286	-1.2589285714285714	0	2	75	3.1058285412302489	5.9958718202307253	-1	-5.8941714587697511	4.9958718202307253	0.0	-5.5952380952380949	1	-1
0.6266751289367676	4	1.874404761904762	-0.75535714285714306	1.8744047619047619	-0.75535714285714284	0	2	75	3.1058285412302489	5.9958718202307253	-1	-5.8941714587697511	4.9958718202307253	0.0	-5.5952380952380949	1	-1
0.6432361602783203	4	2.0982142857142856	-0.2238095238095239	2.0982142857142856	-0.22380952380952382	0	2	75	3.1058285412302489	5.9958718202307253	-1	-5.8941714587697511	4.9958718202307253	0.0	-5.5952380952380949	1	-1
0.6598689556121826	4	2.2101190476190475	0.027976190476190155	2.2101190476190475	0.027976190476190477	0	2	75	3.1058285412302489	5.9958718202307253	-1	-5.8941714587697511	4.9958718202307253	0.0	-5.5952380952380949	1	-1
0.6763851642608643	4	2.4339285714285714	0.55952380952380931	2.4339285714285714	0.55952380952380953	0	2	75	3.1058285412302489	5.9958718202307253	-1	-5.8941714587697511	4.9958718202307253	0.0	-5.5952380952380949	1	-1
0.6930241584777832	4	2.5458333333333334	0.81130952380952337	2.5458333333333334	0.81130952380952381	0	2	75	3.1058285412302489	5.9958718202307253	-1	-5.8941714587697511	4.9958718202307253	0.0	-5.5952380952380949	1	-1
0.7096550464630127	4	2.7696428571428573	1.3428571428571425	2.7696428571428573	1.3428571428571427	0	2	75	3.1058285412302489	5.9958718202307253	-1	-5.8941714587697511	4.9958718202307253	0.0	-5.5952380952380949	1	-1
0.7262539863586426	4	2.9375	1.8464285714285715	2.9375	1.8464285714285715	0	2	75	3.1058285412302489	5.9958718202307253	-1	-5.8941714587697511	4.9958718202307253	0.0	-5.5952380952380949	1	-1
0.7428209781646729	4	3.1053571428571427	2.3779761904761907	3.1053571428571427	2.3779761904761907	0	2	75	3.1058285412302489	5.9958718202307253	-1	-5.8941714587697511	4.9958718202307253	0.0	-5.5952380952380949	1	-1
0.7593729496002197	4	3.161309523809524	2.6017857142857146	3.1613095238095239	2.6017857142857141	0	2	75	3.1058285412302489	5.9958718202307253	-1	-5.8941714587697511	4.9958718202307253	0.0	-5.5952380952380949	1	-1
0.7759799957275391	4	3.301190476190476	3.0773809523809526	3.301190476190476	3.0773809523809526	0	2	75	3.1058285412302489	5.9958718202307253	-1	-5.8941714587697511	4.9958718202307253	0.0	-5.5952380952380949	1	-1
0.7925741672515869	4	3.357142857142857	3.3011904761904756	3.3571428571428572	3.301190476190476	0	2	75	3.1058285412302489	5.9958718202307253	-1	-5.8941714587697511	4.9958718202307253	0.0	-5.5952380952380949	1	-1
0.8092539310455322	4	3.469047619047619	3.7488095238095234	3.4690476190476192	3.7488095238095238	0	2	75	3.1058285412302489	5.9958718202307253	-1	-5.8941714587697511	4.9958718202307253	0.0	-5.5952380952380949	1	-1
0.8257961273193359	4	3.580952380952381	4.1404761904761909	3.5809523809523811	4.1404761904761909	0	2	75	3.1058285412302489	5.9958718202307253	-1	-5.8941714587697511	4.9958718202307253	0.0	-5.5952380952380949	1	-1
0.842371940612793	4	3.6648809523809525	4.5041666666666664	3.6648809523809525	4.5041666666666664	0	2	75	3.1058285412302489	5.9958718202307253	-1	-5.8941714587697511	4.9958718202307253	0.0	-5.5952380952380949	1	-1
0.859018087387085	4	3.720833333333333	4.6720238095238091	3.7208333333333332	4.6720238095238091	0	2	75	3.1058285412302489	5.9958718202307253	-1	-5.8941714587697511	4.9958718202307253	0.0	-5.5952380952380949	1	-1
0.8758201599121094	4	3.8047619047619046	5.0077380952380963	3.8047619047619046	5.0077380952380954	0	2	75	3.1058285412302489	5.9958718202307253	-1	-5.8941714587697511	4.9958718202307253	0.0	-5.5952380952380949	1	-1
0.8924190998077393	4	3.832738095238095	5.1755952380952372	3.8327380952380952	5.1755952380952381	0	2	75	3.1058285412302489	5.9958718202307253	-1	-5.8941714587697511	4.9958718202307253	0.0	-5.5952380952380949	1	-1
0.9090499877929688	4	3.9166666666666665	5.4833333333333343	3.9166666666666665	5.4833333333333334	0	2	75	3.1058285412302489	5.9958718202307253	-1	-5.8941714587697511	4.9958718202307253	0.0	-5.5952380952380949	1	-1
0.9256119728088379	4	3.9726190476190477	5.7351190476190474	3.9726190476190477	5.7351190476190474	0	2	75	3.1058285412302489	5.9958718202307253	-1	-5.8941714587697511	4.9958718202307253	0.0	-5.5952380952380949	1	-1
0.9422259330749512	4	4.0285714285714285	5.9869047619047606	4.0285714285714285	5.9869047619047615	0	2	75	3.1058285412302489	5.9958718202307253	-1	-5.8941714587697511	4.9958718202307253	0.0	-5.5952380952380949	1	-1
0.9587910175323486	4	4.0285714285714285	6.0988095238095248	4.0285714285714285	6.0988095238095239	0	2	75	3.1058285412302489	5.9958718202307253	-1	-5.8941714587697511	4.9958718202307253	0.0	-5.5952380952380949	1	-1
0.9753930568695068	4	4.08452380952381	6.2666666666666657	4.0845238095238097	6.2666666666666666	0	2	75	3.1058285412302489	5.9958718202307253	-1	-5.8941714587697511	4.9958718202307253	0.0	-5.5952380952380949	1	-1
0.9920070171356201	4	4.08452380952381	6.350595238095238	4.0845238095238097	6.350595238095238	0	2	75	3.1058285412302489	5.9958718202307253	-1	-5.8941714587697511	4.9958718202307253	0.0	-5.5952380952380949	1	-1
1.0086469650268555	4	4.1125	6.4625000000000004	4.1124999999999998	6.4625000000000004	0	2	75	3.1058285412302489	5.9958718202307253	-1	-5.8941714587697511	4.9958718202307253	0.0	-5.5952380952380949	1	-1
1.0249149799346924	4	4.1125	6.5464285714285708	4.1124999999999998	6.5464285714285717	0	2	75	3.1058285412302489	5.9958718202307253	-1	-5.8941714587697511	4.9958718202307253	0.0	-5.5952380952380949	1	-1
1.0415101051330566	4	4.1125	6.5744047619047628	4.1124999999999998	6.5744047619047619	0	2	75	3.1058285412302489	5.9958718202307253	-1	-5.8941714587697511	4.9958718202307253	0.0	-5.5952380952380949	1	-1
1.0581490993499756	4	4.1125	6.6023809523809511	4.1124999999999998	6.602380952380952	0	2	75	3.1058285412302489	5.9958718202307253	-1	-5.8941714587697511	4.9958718202307253	0.0	-5.5952380952380949	1	-1
1.0746829509735107	4	4.1125	6.6023809523809511	4.1124999999999998	6.602380952380952	0	2	75	3.1058285412302489	5.9958718202307253	-1	-5.8941714587697511	4.9958718202307253	0.0	-5.5952380952380949	1	-1
1.091284990310669	4	4.1125	6.6023809523809511	4.1124999999999998	6.602380952380952	0	2	75	3.1058285412302489	5.9958718202307253	-1	-5.8941714587697511	4.9958718202307253	0.0	-5.5952380952380949	1	-1
1.1079919338226318	4	4.1125	6.6023809523809511	4.1124999999999998	6.602380952380952	0	2	75	3.1058285412302489	5.9958718202307253	-1	-5.8941714587697511	4.9958718202307253	0.0	-5.5952380952380949	1	-1
1.124459981918335	4	4.1125	6.6023809523809511	4.1124999999999998	6.602380952380952	0	2	75	3.1058285412302489	5.9958718202307253	-1	-5.8941714587697511	4.9958718202307253	0.0	-5.5952380952380949	1	-1
1.1410460472106934	4	4.1125	6.6023809523809511	4.1124999999999998	6.602380952380952	0	2	75	3.1058285412302489	5.9958718202307253	-1	-5.8941714587697511	4.9958718202307253	0.0	-5.5952380952380949	1	-1
1.1576831340789795	4	4.1125	6.6023809523809511	4.1124999999999998	6.602380952380952	0	2	75	3.1058285412302489	5.9958718202307253	-1	-5.8941714587697511	4.9958718202307253	0.0	-5.5952380952380949	1	-1
1.1742429733276367	4	4.1125	6.6023809523809511	4.1124999999999998	6.602380952380952	0	2	75	3.1058285412302489	5.9958718202307253	-1	-5.8941714587697511	4.9958718202307253	0.0	-5.5952380952380949	1	-1
1.1908090114593506	4	4.1125	6.6023809523809511	4.1124999999999998	6.602380952380952	0	2	75	3.1058285412302489	5.9958718202307253	-1	-5.8941714587697511	4.9958718202307253	0.0	-5.5952380952380949	1	-1
1.2074241638183594	4	4.1125	6.6023809523809511	4.1124999999999998	6.602380952380952	0	2	75	3.1058285412302489	5.9958718202307253	-1	-5.8941714587697511	4.9958718202307253	0.0	-5.5952380952380949	1	-1
1.2240359783172607	4	4.1125	6.6023809523809511	4.1124999999999998	6.602380952380952	0	2	75	3.1058285412302489	5.9958718202307253	-1	-5.8941714587697511	4.9958718202307253	0.0	-5.5952380952380949	1	-1
1.2405891418457031	4	4.1125	6.6023809523809511	4.1124999999999998	6.602380952380952	0	2	75	3.1058285412302489	5.9958718202307253	-1	-5.8941714587697511	4.9958718202307253	0.0	-5.5952380952380949	1	-1
1.2572431564331055	4	4.1125	6.6023809523809511	4.1124999999999998	6.602380952380952	0	2	75	3.1058285412302489	5.9958718202307253	-1	-5.8941714587697511	4.9958718202307253	0.0	-5.5952380952380949	1	-1
1.2738070487976074	4	4.1125	6.6023809523809511	4.1124999999999998	6.602380952380952	0	2	75	3.1058285412302489	5.9958718202307253	-1	-5.8941714587697511	4.9958718202307253	0.0	-5.5952380952380949	1	-1
1.290403127670288	4	4.1125	6.6023809523809511	4.1124999999999998	6.602380952380952	0	2	75	3.1058285412302489	5.9958718202307253	-1	-5.8941714587697511	4.9958718202307253	0.0	-5.5952380952380949	1	-1
1.3070061206817627	4	4.1125	6.6023809523809511	4.1124999999999998	6.602380952380952	0	2	75	3.1058285412302489	5.9958718202307253	-1	-5.8941714587697511	4.9958718202307253	0.0	-5.5952380952380949	1	-1
1.3236570358276367	4	4.1125	6.6023809523809511	4.1124999999999998	6.602380952380952	0	2	75	3.1058285412302489	5.9958718202307253	-1	-5.8941714587697511	4.9958718202307253	0.0	-5.5952380952380949	1	-1
1.340188980102539	4	4.1125	6.6023809523809511	4.1124999999999998	6.602380952380952	0	2	75	3.1058285412302489	5.9958718202307253	-1	-5.8941714587697511	4.9958718202307253	0.0	-5.5952380952380949	1	-1
1.3567490577697754	4	4.1125	6.6023809523809511	4.1124999999999998	6.602380952380952	0	2	75	3.1058285412302489	5.9958718202307253	-1	-5.8941714587697511	4.9958718202307253	0.0	-5.5952380952380949	1	-1
1.373317003250122	4	4.1125	6.6023809523809511	4.1124999999999998	6.602380952380952	0	2	75	3.1058285412302489	5.9958718202307253	-1	-5.8941714587697511	4.9958718202307253	0.0	-5.5952380952380949	1	-1
1.3900110721588135	4	4.1125	6.6023809523809511	4.1124999999999998	6.602380952380952	0	2	75	3.1058285412302489	5.9958718202307253	-1	-5.8941714587697511	4.9958718202307253	0.0	-5.5952380952380949	1	-1
1.4065890312194824	4	4.1125	6.6023809523809511	4.1124999999999998	6.602380952380952	0	2	75	3.1058285412302489	5.9958718202307253	-1	-5.8941714587697511	4.9958718202307253	0.0	-5.5952380952380949	1	-1
1.4232170581817627	4	4.1125	6.6023809523809511	4.1124999999999998	6.602380952380952	0	2	75	3.1058285412302489	5.9958718202307253	-1	-5.8941714587697511	4.9958718202307253	0.0	-5.5952380952380949	1	-1
1.4397599697113037	4	4.1125	6.6023809523809511	4.1124999999999998	6.602380952380952	0	2	75	3.1058285412302489	5.9958718202307253	-1	-5.8941714587697511	4.9958718202307253	0.0	-5.5952380952380949	1	-1
1.4563360214233398	4	4.1125	6.6023809523809511	4.1124999999999998	6.602380952380952	0	2	75	3.1058285412302489	5.9958718202307253	-1	-5.8941714587697511	4.9958718202307253	0.0	-5.5952380952380949	1	-1
1.4729280471801758	4	4.1125	6.6023809523809511	4.1124999999999998	6.602380952380952	0	2	75	3.1058285412302489	5.9958718202307253	-1	-5.8941714587697511	4.9958718202307253	0.0	-5.5952380952380949	1	-1
1.4895269870758057	4	4.1125	6.6023809523809511	4.1124999999999998	6.602380952380952	0	2	75	3.1058285412302489	5.9958718202307253	-1	-5.8941714587697511	4.9958718202307253	0.0	-5.5952380952380949	1	-1
1.5061330795288086	4	4.1125	6.6023809523809511	4.1124999999999998	6.602380952380952	0	2	75	3.1058285412302489	5.9958718202307253	-1	-5.8941714587697511	4.9958718202307253	0.0	-5.5952380952380949	1	-1
1.523036003112793	4	4.1125	6.6023809523809511	4.1124999999999998	6.602380952380952	0	2	75	3.1058285412302489	5.9958718202307253	-1	-5.8941714587697511	4.9958718202307253	0.0	-5.5952380952380949	1	-1
1.5395679473876953	4	4.1125	6.6023809523809511	4.1124999999999998	6.602380952380952	0	2	75	3.1058285412302489	5.9958718202307253	-1	-5.8941714587697511	4.9958718202307253	0.0	-5.5952380952380949	1	-1
1.5561800003051758	4	4.1125	6.6023809523809511	4.1124999999999998	6.602380952380952	0	2	75	3.1058285412302489	5.9958718202307253	-1	-5.8941714587697511	4.9958718202307253	0.0	-5.5952380952380949	1	-1
1.5727360248565674	4	4.1124999999999998	6.6023809523809511	4.1124999999999998	6.602380952380952	0	2	75	3.1058285412302489	5.9958718202307253	-1	-5.8941714587697511	4.9958718202307253	0.0	-5.5952380952380949	1	-1
1.5893909931182861	4	4.1124999999999998	6.6023809523809511	4.1124999999999998	6.602380952380952	0	2	75	3.1058285412302489	5.9958718202307253	-1	-5.8941714587697511	4.9958718202307253	0.0	-5.5952380952380949	1	-1
1.6059300899505615	4	4.1124999999999998	6.6023809523809511	4.1124999999999998	6.602380952380952	0	3	75	3.1058285412302489	5.9958718202307253	-1	-5.8941714587697511	4.9958718202307253	0.0	-5.5952380952380949	1	-1
1.622615098953247	4	4.1124999999999998	6.6023809523809511	4.1124999999999998	6.602380952380952	0	4	75	3.1058285412302489	5.9958718202307253	-1	-5.8941714587697511	4.9958718202307253	0.0	-5.5952380952380949	1	-1
1.6390459537506104	4	4.1124999999999998	6.6023809523809511	4.1124999999999998	6.602380952380952	0	4	75	3.1058285412302489	5.9958718202307253	-1	-5.8941714587697511	4.9958718202307253	0.0	-5.5952380952380949	1	-1
1.655785083770752	4	4.1124999999999998	6.6023809523809511	4.1124999999999998	6.602380952380952	0	4	75	3.1058285412302489	5.9958718202307253	-1	-5.8941714587697511	4.9958718202307253	0.0	-5.5952380952380949	1	-1
1.6720521450042725	4	4.1124999999999998	6.6023809523809511	4.1124999999999998	6.602380952380952	0	4	75	3.1058285412302489	5.9958718202307253	-1	-5.8941714587697511	4.9958718202307253	0.0	-5.5952380952380949	1	-1
1.6886820793151855	4	4.1124999999999998	6.6023809523809511	4.1124999999999998	6.602380952380952	0	4	75	3.1058285412302489	5.9958718202307253	-1	-5.8941714587697511	4.9958718202307253	0.0	-5.5952380952380949	1	-1
1.7052440643310547	4	4.1124999999999998	6.6023809523809511	4.1124999999999998	6.602380952380952	0	4	75	3.1058285412302489	5.9958718202307253	-1	-5.8941714587697511	4.9958718202307253	0.0	-5.5952380952380949	1	-1
1.7219159603118896	4	4.1124999999999998	6.6023809523809511	4.1124999999999998	6.602380952380952	0	4	75	3.1058285412302489	5.9958718202307253	-1	-5.8941714587697511	4.9958718202307253	0.0	-5.5952380952380949	1	-1
1.7384729385375977	4	4.1124999999999998	6.6023809523809511	4.1124999999999998	6.602380952380952	0	4	75	3.1058285412302489	5.9958718202307253	-1	-5.8941714587697511	4.9958718202307253	0.0	-5.5952380952380949	1	-1
1.7550270557403564	4	4.1124999999999998	6.6023809523809511	4.1124999999999998	6.602380952380952	0	4	75	3.1058285412302489	5.9958718202307253	-1	-5.8941714587697511	4.9958718202307253	0.0	-5.5952380952380949	1	-1
1.771604061126709	4	4.1124999999999998	6.6023809523809511	4.1124999999999998	6.602380952380952	0	4	75	3.1058285412302489	5.9958718202307253	-1	-5.8941714587697511	4.9958718202307253	0.0	-5.5952380952380949	1	-1
1.7882201671600342	4	4.1124999999999998	6.6023809523809511	4.1124999999999998	6.602380952380952	0	4	75	3.1058285412302489	5.9958718202307253	-1	-5.8941714587697511	4.9958718202307253	0.0	-5.5952380952380949	1	-1
1.8048241138458252	4	4.1124999999999998	6.6023809523809511	4.1124999999999998	6.602380952380952	0	4	75	3.1058285412302489	5.9958718202307253	-1	-5.8941714587697511	4.9958718202307253	0.0	-5.5952380952380949	1	-1
1.821619987487793	4	4.1124999999999998	6.6023809523809511	4.1124999999999998	6.602380952380952	0	4	75	3.1058285412302489	5.9958718202307253	-1	-5.8941714587697511	4.9958718202307253	0.0	-5.5952380952380949	1	-1
1.8380341529846191	4	4.0285714285714285	6.6023809523809511	4.0285714285714285	6.602380952380952	0	4	75	3.1058285412302489	5.9958718202307253	-1	-5.8941714587697511	4.9958718202307253	0.0	-5.5952380952380949	1	-1
1.8546421527862549	4	3.7767857142857144	6.6023809523809511	3.7767857142857144	6.6303571428571431	0	4	75	3.1058285412302489	5.9958718202307253	-1	-5.8941714587697511	4.9958718202307253	0.0	-5.5952380952380949	1	-1
1.871217966079712	4	3.6089285714285713	6.6023809523809511	3.6089285714285713	6.6303571428571431	0	4	75	3.1058285412302489	5.9958718202307253	-1	-5.8941714587697511	4.9958718202307253	0.0	-5.5952380952380949	1	-1
1.8877711296081543	4	3.1333333333333333	6.6023809523809511	3.1333333333333333	6.602380952380952	0	4	75	3.1058285412302489	5.9958718202307253	-1	-5.8941714587697511	4.9958718202307253	0.0	-5.5952380952380949	1	-1
1.9043259620666504	4	2.825595238095238	6.6023809523809511	2.825595238095238	6.602380952380952	0	4	75	3.1058285412302489	5.9958718202307253	-1	-5.8941714587697511	4.9958718202307253	0.0	-5.5952380952380949	1	-1
1.9210619926452637	4	2.1541666666666668	6.6023809523809511	2.1541666666666668	6.5464285714285717	0	4	75	3.1058285412302489	5.9958718202307253	-1	-5.8941714587697511	4.9958718202307253	0.0	-5.5952380952380949	1	-1
1.9375360012054443	4	1.3708333333333333	6.6023809523809511	1.3708333333333333	6.5184523809523807	0	4	75	3.1058285412302489	5.9958718202307253	-1	-5.8941714587697511	4.9958718202307253	0.0	-5.5952380952380949	1	-1
1.9541730880737305	4	0.44761904761904758	6.6023809523809511	0.44761904761904764	6.4345238095238093	0	4	75	3.1058285412302489	5.9958718202307253	-1	-5.8941714587697511	4.9958718202307253	0.0	-5.5952380952380949	1	-1
1.9707651138305664	4	-0.055952380952380976	6.6023809523809511	-0.055952380952380955	6.4065476190476192	0	4	75	3.1058285412302489	5.9958718202307253	-1	-5.8941714587697511	4.9958718202307253	0.0	-5.5952380952380949	1	-1
1.987394094467163	4	-1.1190476190476191	6.6023809523809511	-1.1190476190476191	6.2946428571428568	0	4	75	3.1058285412302489	5.9958718202307253	-1	-5.8941714587697511	4.9958718202307253	0.0	-5.5952380952380949	1	-1
2.004239082336426	4	-1.6785714285714286	6.6023809523809511	-1.6785714285714286	6.2386904761904765	0	4	75	3.1058285412302489	5.9958718202307253	-1	-5.8941714587697511	4.9958718202307253	0.0	-5.5952380952380949	1	-1
2.0208051204681396	4	-2.825595238095238	6.6023809523809511	-2.825595238095238	6.1267857142857141	0	4	75	3.1058285412302489	5.9958718202307253	-1	-5.8941714587697511	4.9958718202307253	0.0	-5.5952380952380949	1	-1
2.0373940467834473	4	-3.9446428571428571	6.6023809523809511	-3.9446428571428571	6.0428571428571427	0	4	75	3.1058285412302489	5.9958718202307253	-1	-5.8941714587697511	4.9958718202307253	0.0	-5.5952380952380949	1	-1
2.0540249347686768	4	-5.0357142857142856	6.6023809523809511	-5.0357142857142856	5.9309523809523812	0	4	75	3.1058285412302489	5.9958718202307253	-1	-5.8941714587697511	4.9958718202307253	0.0	-5.5952380952380949	1	-1
2.0706400871276855	4	-5.567261904761905	5.9029761904761902	-5.5672619047619047	5.9029761904761902	0	4	75	3.1058285412302489	5.9958718202307253	-1	-5.8941714587697511	4.9958718202307253	0.0	-5.5952380952380949	1	-1
2.0871729850769043	4	-6.630357142857143	5.7910714285714278	-6.6303571428571431	5.7910714285714286	0	4	75	3.1058285412302489	5.9958718202307253	-1	-5.8941714587697511	4.9958718202307253	0.0	-5.5952380952380949	1	-1
2.10378098487854	4	-7.161904761904762	5.7351190476190474	-7.1619047619047622	5.7351190476190474	0	4	75	3.1058285412302489	5.9958718202307253	-1	-5.8941714587697511	4.9958718202307253	0.0	-5.5952380952380949	1	-1
2.1203839778900146	4	-8.14107142857143	5.6232142857142868	-8.1410714285714292	5.6232142857142859	0	4	75	3.1058285412302489	5.9958718202307253	-1	-5.8941714587697511	4.9958718202307253	0.0	-5.5952380952380949	1	-1
2.1370279788970947	4	-9.064285714285715	5.5113095238095227	-9.0642857142857149	5.5113095238095235	0	5	75	3.1058285412302489	5.9958718202307253	-1	-5.8941714587697511	4.9958718202307253	0.0	-5.5952380952380949	1	-1
2.153588056564331	4	-9.875595238095238	5.4273809523809522	-9.8755952380952383	5.4273809523809522	0	5	75	3.1058285412302489	5.9958718202307253	-1	-5.8941714587697511	4.9958718202307253	0.0	-5.5952380952380949	1	-1
2.1699130535125732	4	-10.211309523809524	5.3714285714285701	-10.211309523809524	5.371428571428571	0	5	75	3.1058285412302489	5.9958718202307253	-1	-5.8941714587697511	4.9958718202307253	0.0	-5.5952380952380949	1	-1
2.186537027359009	4	-10.826785714285714	5.3154761904761898	-10.826785714285714	5.3154761904761907	0	5	75	3.1058285412302489	5.9958718202307253	-1	-5.8941714587697511	4.9958718202307253	0.0	-5.5952380952380949	1	-1
2.2030789852142334	4	-11.050595238095237	5.2595238095238095	-11.050595238095237	5.2595238095238095	0	5	75	3.1058285412302489	5.9958718202307253	-1	-5.8941714587697511	4.9958718202307253	0.0	-5.5952380952380949	1	-1
2.219675064086914	4	-11.442261904761905	5.2035714285714292	-11.442261904761905	5.2035714285714283	0	5	75	3.1058285412302489	5.9958718202307253	-1	-5.8941714587697511	4.9958718202307253	0.0	-5.5952380952380949	1	-1
2.236319065093994	4	-11.69404761904762	5.1755952380952372	-11.69404761904762	5.1755952380952381	0	5	75	3.1058285412302489	5.9958718202307253	-1	-5.8941714587697511	4.9958718202307253	0.0	-5.5952380952380949	1	-1
2.252916097640991	4	-11.833928571428572	5.1476190476190489	-11.833928571428572	5.147619047619048	0	5	75	3.1058285412302489	5.9958718202307253	-1	-5.8941714587697511	4.9958718202307253	0.0	-5.5952380952380949	1	-1
2.269447088241577	4	-11.833928571428572	5.1476190476190489	-11.833928571428572	5.147619047619048	0	5	75	3.1058285412302489	5.9958718202307253	-1	-5.8941714587697511	4.9958718202307253	0.0	-5.5952380952380949	1	-1
2.2860519886016846	4	-11.861904761904762	5.1196428571428569	-11.861904761904762	5.1196428571428569	0	5	75	3.1058285412302489	5.9958718202307253	-1	-5.8941714587697511	4.9958718202307253	0.0	-5.5952380952380949	1	-1
2.302639961242676	4	-11.833928571428572	5.0916666666666668	-11.833928571428572	5.0916666666666668	0	5	75	3.1058285412302489	5.9958718202307253	-1	-5.8941714587697511	4.9958718202307253	0.0	-5.5952380952380949	1	-1
2.319470167160034	4	-11.75	5.0077380952380963	-11.75	5.0077380952380954	0	5	75	3.1058285412302489	5.9958718202307253	-1	-5.8941714587697511	4.9958718202307253	0.0	-5.5952380952380949	1	-1
2.3361520767211914	4	-11.582142857142857	4.8958333333333321	-11.582142857142857	4.895833333333333	0	5	75	3.1058285412302489	5.9958718202307253	-1	-5.8941714587697511	4.9958718202307253	0.0	-5.5952380952380949	1	-1
2.3527259826660156	4	-11.470238095238095	4.8119047619047617	-11.470238095238095	4.8119047619047617	0	5	75	3.1058285412302489	5.9958718202307253	-1	-5.8941714587697511	4.9958718202307253	0.0	-5.5952380952380949	1	-1
2.3691959381103516	4	-11.1625	4.6160714285714288	-11.1625	4.6160714285714288	0	5	75	3.1058285412302489	5.9958718202307253	-1	-5.8941714587697511	4.9958718202307253	0.0	-5.5952380952380949	1	-1
2.3858981132507324	4	-10.798809523809524	4.3922619047619058	-10.798809523809524	4.3922619047619049	0	5	75	3.1058285412302489	5.9958718202307253	-1	-5.8941714587697511	4.9958718202307253	0.0	-5.5952380952380949	1	-1
2.402477979660034	4	-10.602976190476191	4.2523809523809533	-10.602976190476191	4.2523809523809524	0	5	75	3.1058285412302489	5.9958718202307253	-1	-5.8941714587697511	4.9958718202307253	0.0	-5.5952380952380949	1	-1
2.419079065322876	4	-10.155357142857143	3.9446428571428562	-10.155357142857143	3.9446428571428571	0	5	75	3.1058285412302489	5.9958718202307253	-1	-5.8941714587697511	4.9958718202307253	0.0	-5.5952380952380949	1	-1
2.435724973678589	4	-9.707738095238096	3.5250000000000004	-9.7077380952380956	3.5249999999999999	0	5	75	3.1058285412302489	5.9958718202307253	-1	-5.8941714587697511	4.9958718202307253	0.0	-5.5952380952380949	1	-1
2.45231294631958	4	-9.48392857142857	3.3011904761904756	-9.4839285714285708	3.301190476190476	0	5	75	3.1058285412302489	5.9958718202307253	-1	-5.8941714587697511	4.9958718202307253	0.0	-5.5952380952380949	1	-1
2.468834161758423	4	-9.036309523809523	2.7976190476190474	-9.036309523809523	2.7976190476190474	0	5	75	3.1058285412302489	5.9958718202307253	-1	-5.8941714587697511	4.9958718202307253	0.0	-5.5952380952380949	1	-1
2.4851419925689697	4	-8.588690476190477	2.2380952380952381	-8.588690476190477	2.2380952380952381	0	5	75	3.1058285412302489	5.9958718202307253	-1	-5.8941714587697511	4.9958718202307253	0.0	-5.5952380952380949	1	-1
2.501732110977173	4	-8.364880952380952	1.9303571428571429	-8.3648809523809522	1.9303571428571429	0	5	75	3.1058285412302489	5.9958718202307253	-1	-5.8941714587697511	4.9958718202307253	0.0	-5.5952380952380949	1	-1
2.5184149742126465	4	-7.917261904761904	1.3148809523809524	-7.9172619047619044	1.3148809523809524	0	5	75	3.1058285412302489	5.9958718202307253	-1	-5.8941714587697511	4.9958718202307253	0.0	-5.5952380952380949	1	-1
2.5350260734558105	4	-7.413690476190476	0.69940476190476186	-7.4136904761904763	0.69940476190476186	0	5	75	3.1058285412302489	5.9958718202307253	-1	-5.8941714587697511	4.9958718202307253	0.0	-5.5952380952380949	1	-1
2.551608085632324	4	-7.189880952380952	0.41964285714285676	-7.1898809523809524	0.41964285714285715	0	5	75	3.1058285412302489	5.9958718202307253	-1	-5.8941714587697511	4.9958718202307253	0.0	-5.5952380952380949	1	-1
2.5681469440460205	4	-6.686309523809523	-0.19583333333333375	-6.6863095238095234	-0.19583333333333333	0	5	75	3.1058285412302489	5.9958718202307253	-1	-5.8941714587697511	4.9958718202307253	0.0	-5.5952380952380949	1	-1
2.584733009338379	4	-6.210714285714285	-0.75535714285714306	-6.2107142857142854	-0.75535714285714284	0	5	75	3.1058285412302489	5.9958718202307253	-1	-5.8941714587697511	4.9958718202307253	0.0	-5.5952380952380949	1	-1
2.601292133331299	4	-5.9869047619047615	-1.0351190476190482	-5.9869047619047615	-1.0351190476190477	0	5	75	3.1058285412302489	5.9958718202307253	-1	-5.8941714587697511	4.9958718202307253	0.0	-5.5952380952380949	1	-1
2.6178510189056396	4	-5.5113095238095235	-1.5946428571428575	-5.5113095238095235	-1.5946428571428573	0	5	75	3.1058285412302489	5.9958718202307253	-1	-5.8941714587697511	4.9958718202307253	0.0	-5.5952380952380949	1	-1
2.6346919536590576	4	-5.2875	-1.8464285714285715	-5.2874999999999996	-1.8464285714285715	0	5	75	3.1058285412302489	5.9958718202307253	-1	-5.8941714587697511	4.9958718202307253	0.0	-5.5952380952380949	1	-1
2.6511881351470947	4	-4.811904761904762	-2.2940476190476189	-4.8119047619047617	-2.2940476190476189	0	5	75	3.1058285412302489	5.9958718202307253	-1	-5.8941714587697511	4.9958718202307253	0.0	-5.5952380952380949	1	-1
2.6677141189575195	4	-4.364285714285714	-2.7136904761904761	-4.3642857142857139	-2.7136904761904761	0	5	75	3.1058285412302489	5.9958718202307253	-1	-5.8941714587697511	4.9958718202307253	0.0	-5.5952380952380949	1	-1
2.6842851638793945	4	-4.140476190476191	-2.9095238095238094	-4.1404761904761909	-2.9095238095238094	0	5	75	3.1058285412302489	5.9958718202307253	-1	-5.8941714587697511	4.9958718202307253	0.0	-5.5952380952380949	1	-1
2.700870990753174	4	-3.720833333333333	-3.2732142857142859	-3.7208333333333332	-3.2732142857142859	0	5	75	3.1058285412302489	5.9958718202307253	-1	-5.8941714587697511	4.9958718202307253	0.0	-5.5952380952380949	1	-1
2.7174770832061768	4	-3.3291666666666666	-3.6369047619047619	-3.3291666666666666	-3.6369047619047619	0	5	75	3.1058285412302489	5.9958718202307253	-1	-5.8941714587697511	4.9958718202307253	0.0	-5.5952380952380949	1	-1
2.7341930866241455	4	-3.1333333333333333	-3.7767857142857144	-3.1333333333333333	-3.7767857142857144	0	5	75	3.1058285412302489	5.9958718202307253	-1	-5.8941714587697511	4.9958718202307253	0.0	-5.5952380952380949	1	-1
2.750704050064087	4	-2.7976190476190474	-4.0845238095238097	-2.7976190476190474	-4.0845238095238097	0	5	75	3.1058285412302489	5.9958718202307253	-1	-5.8941714587697511	4.9958718202307253	0.0	-5.5952380952380949	1	-1
2.767270088195801	4	-2.461904761904762	-4.3363095238095237	-2.461904761904762	-4.3363095238095237	0	5	75	3.1058285412302489	5.9958718202307253	-1	-5.8941714587697511	4.9958718202307253	0.0	-5.5952380952380949	1	-1
2.7839019298553467	4	-2.3220238095238095	-4.4761904761904763	-2.3220238095238095	-4.4761904761904763	0	5	75	3.1058285412302489	5.9958718202307253	-1	-5.8941714587697511	4.9958718202307253	0.0	-5.5952380952380949	1	-1
2.8004190921783447	4	-2.0702380952380954	-4.7000000000000002	-2.0702380952380954	-4.7000000000000002	0	5	75	3.1058285412302489	5.9958718202307253	-1	-5.8941714587697511	4.9958718202307253	0.0	-5.5952380952380949	1	-1
2.81725811958313	4	-1.874404761904762	-4.895833333333333	-1.8744047619047619	-4.895833333333333	0	5	75	3.1058285412302489	5.9958718202307253	-1	-5.8941714587697511	4.9958718202307253	0.0	-5.5952380952380949	1	-1
2.8338799476623535	4	-1.7625	-4.9797619047619044	-1.7625	-4.9797619047619044	0	5	75	3.1058285412302489	5.9958718202307253	-1	-5.8941714587697511	4.9958718202307253	0.0	-5.5952380952380949	1	-1
2.8505799770355225	4	-1.6226190476190476	-5.1196428571428569	-1.6226190476190476	-5.1196428571428569	0	5	75	3.1058285412302489	5.9958718202307253	-1	-5.8941714587697511	4.9958718202307253	0.0	-5.5952380952380949	1	-1
2.867037057876587	4	-1.4827380952380953	-5.2595238095238095	-1.4827380952380953	-5.2595238095238095	0	5	75	3.1058285412302489	5.9958718202307253	-1	-5.8941714587697511	4.9958718202307253	0.0	-5.5952380952380949	1	-1
2.8837080001831055	4	-1.4267857142857143	-5.3434523809523808	-1.4267857142857143	-5.3434523809523808	0	5	75	3.1058285412302489	5.9958718202307253	-1	-5.8941714587697511	4.9958718202307253	0.0	-5.5952380952380949	1	-1
2.900292158126831	4	-1.3148809523809524	-5.4273809523809522	-1.3148809523809524	-5.4273809523809522	0	5	75	3.1058285412302489	5.9958718202307253	-1	-5.8941714587697511	4.9958718202307253	0.0	-5.5952380952380949	1	-1
2.91690993309021	4	-1.230952380952381	-5.5392857142857146	-1.230952380952381	-5.5392857142857146	0	5	75	3.1058285412302489	5.9958718202307253	-1	-5.8941714587697511	4.9958718202307253	0.0	-5.5952380952380949	1	-1
2.933462142944336	4	-1.2029761904761904	-5.5672619047619047	-1.2029761904761904	-5.5672619047619047	0	5	75	3.1058285412302489	5.9958718202307253	-1	-5.8941714587697511	4.9958718202307253	0.0	-5.5952380952380949	1	-1
2.9501259326934814	4	-1.1470238095238094	-5.6232142857142859	-1.1470238095238094	-5.6232142857142859	0	5	75	3.1058285412302489	5.9958718202307253	-1	-5.8941714587697511	4.9958718202307253	0.0	-5.5952380952380949	1	-1
2.9666759967803955	4	-1.0910714285714285	-5.6791666666666663	-1.0910714285714285	-5.6791666666666663	0	5	75	3.1058285412302489	5.9958718202307253	-1	-5.8941714587697511	4.9958718202307253	0.0	-5.5952380952380949	1	-1
2.983060121536255	4	-1.0351190476190477	-5.7071428571428573	-1.0351190476190477	-5.7071428571428573	0	5	75	3.1058285412302489	5.9958718202307253	-1	-5.8941714587697511	4.9958718202307253	0.0	-5.5952380952380949	1	-1
2.999603033065796	4	-0.9791666666666666	-5.7910714285714286	-0.97916666666666663	-5.7910714285714286	0	5	75	3.1058285412302489	5.9958718202307253	-1	-5.8941714587697511	4.9958718202307253	0.0	-5.5952380952380949	1	-1
3.0161850452423096	4	-0.9511904761904761	-5.8190476190476188	-0.95119047619047614	-5.8190476190476188	0	5	75	3.1058285412302489	5.9958718202307253	-1	-5.8941714587697511	4.9958718202307253	0.0	-5.5952380952380949	1	-1
3.0327701568603516	4	-0.9232142857142858	-5.8470238095238098	-0.92321428571428577	-5.8470238095238098	0	5	75	3.1058285412302489	5.9958718202307253	-1	-5.8941714587697511	4.9958718202307253	0.0	-5.5952380952380949	1	-1
3.0494279861450195	4	-0.8672619047619048	-5.9029761904761902	-0.86726190476190479	-5.9029761904761902	0	5	75	3.1058285412302489	5.9958718202307253	-1	-5.8941714587697511	4.9958718202307253	0.0	-5.5952380952380949	1	-1
3.0659971237182617	4	-0.8392857142857143	-5.9309523809523812	-0.8392857142857143	-5.9309523809523812	0	5	75	3.1058285412302489	5.9958718202307253	-1	-5.8941714587697511	4.9958718202307253	0.0	-5.5952380952380949	1	-1
3.0825729370117188	4	-0.8113095238095238	-5.9309523809523812	-0.81130952380952381	-5.9309523809523812	0	5	75	3.1058285412302489	5.9958718202307253	-1	-5.8941714587697511	4.9958718202307253	0.0	-5.5952380952380949	1	-1
3.09914493560791	4	-0.7833333333333333	-5.9589285714285714	-0.78333333333333333	-5.9589285714285714	0	5	75	3.1058285412302489	5.9958718202307253	-1	-5.8941714587697511	4.9958718202307253	0.0	-5.5952380952380949	1	-1
3.1157960891723633	4	-0.7553571428571428	-5.9589285714285714	-0.75535714285714284	-5.9589285714285714	0	5	75	3.1058285412302489	5.9958718202307253	-1	-5.8941714587697511	4.9958718202307253	0.0	-5.5952380952380949	1	-1
3.1326141357421875	4	-0.7273809523809524	-5.9869047619047615	-0.72738095238095235	-5.9869047619047615	0	5	75	3.1058285412302489	5.9958718202307253	-1	-5.8941714587697511	4.9958718202307253	0.0	-5.5952380952380949	1	-1
3.149266004562378	4	-0.6994047619047619	-5.9869047619047615	-0.69940476190476186	-5.9869047619047615	0	5	75	3.1058285412302489	5.9958718202307253	-1	-5.8941714587697511	4.9958718202307253	0.0	-5.5952380952380949	1	-1
3.165827989578247	4	-0.6714285714285714	-5.9869047619047615	-0.67142857142857137	-5.9869047619047615	0	5	75	3.1058285412302489	5.9958718202307253	-1	-5.8941714587697511	4.9958718202307253	0.0	-5.5952380952380949	1	-1
3.182435989379883	4	-0.643452380952381	-5.9589285714285714	-0.643452380952381	-5.9589285714285714	0	5	75	3.1058285412302489	5.9958718202307253	-1	-5.8941714587697511	4.9958718202307253	0.0	-5.5952380952380949	1	-1
3.1988980770111084	4	-0.531547619047619	-5.9029761904761902	-0.53154761904761905	-5.9029761904761902	0	5	75	3.1058285412302489	5.9958718202307253	-1	-5.8941714587697511	4.9958718202307253	0.0	-5.5952380952380949	1	-1
3.215575933456421	4	-0.44761904761904764	-5.8470238095238098	-0.44761904761904764	-5.8470238095238098	0	5	75	3.1058285412302489	5.9958718202307253	-1	-5.8941714587697511	4.9958718202307253	0.0	-5.5952380952380949	1	-1
