time	trial	cursorx	cursory	hand_x	hand_Y	rotation	step	targetangle	targetposx	targetposy	garagelocation	garageposx	garageposy	homex	homey	group	trial_type
9.5367431640625e-07	4	-0.39166666666666666	-5.2874999999999996	-0.39166666666666666	-5.2874999999999996	0	5	75	3.1058285412302489	5.9958718202307253	-1	-5.8941714587697511	4.9958718202307253	0.0	-5.5952380952380949	1	-1
0.029710054397583008	4	-0.11190476190476191	-5.4833333333333334	-0.11190476190476191	-5.4833333333333334	0	1	75	3.1058285412302489	5.9958718202307253	-1	-5.8941714587697511	4.9958718202307253	0.0	-5.5952380952380949	1	-1
0.04636812210083008	4	-0.027976190476190477	-5.5392857142857146	-0.027976190476190477	-5.5392857142857146	0	1	75	3.1058285412302489	5.9958718202307253	-1	-5.8941714587697511	4.9958718202307253	0.0	-5.5952380952380949	1	-1
0.0629279613494873	4	0.08392857142857142	-5.5952380952380949	0.083928571428571422	-5.5952380952380949	0	1	75	3.1058285412302489	5.9958718202307253	-1	-5.8941714587697511	4.9958718202307253	0.0	-5.5952380952380949	1	-1
0.07948708534240723	4	0.13988095238095238	-5.6232142857142859	0.13988095238095238	-5.6232142857142859	0	1	75	3.1058285412302489	5.9958718202307253	-1	-5.8941714587697511	4.9958718202307253	0.0	-5.5952380952380949	1	-1
0.0960690975189209	4	0.22380952380952382	-5.6511904761904761	0.22380952380952382	-5.6511904761904761	0	1	75	3.1058285412302489	5.9958718202307253	-1	-5.8941714587697511	4.9958718202307253	0.0	-5.5952380952380949	1	-1
0.11270904541015625	4	0.30773809523809526	-5.6791666666666663	0.30773809523809526	-5.6791666666666663	0	1	75	3.1058285412302489	5.9958718202307253	-1	-5.8941714587697511	4.9958718202307253	0.0	-5.5952380952380949	1	-1
0.1292579174041748	4	0.3636904761904762	-5.7071428571428573	0.36369047619047618	-5.7071428571428573	0	1	75	3.1058285412302489	5.9958718202307253	-1	-5.8941714587697511	4.9958718202307253	0.0	-5.5952380952380949	1	-1
0.14587998390197754	4	0.39166666666666666	-5.7351190476190474	0.39166666666666666	-5.7351190476190474	0	1	75	3.1058285412302489	5.9958718202307253	-1	-5.8941714587697511	4.9958718202307253	0.0	-5.5952380952380949	1	-1
0.16251206398010254	4	0.41964285714285715	-5.7351190476190474	0.41964285714285715	-5.7351190476190474	0	1	75	3.1058285412302489	5.9958718202307253	-1	-5.8941714587697511	4.9958718202307253	0.0	-5.5952380952380949	1	-1
0.17905497550964355	4	0.41964285714285715	-5.7351190476190474	0.41964285714285715	-5.7351190476190474	0	1	75	3.1058285412302489	5.9958718202307253	-1	-5.8941714587697511	4.9958718202307253	0.0	-5.5952380952380949	1	-1
0.1956040859222412	4	0.41964285714285715	-5.7351190476190474	0.41964285714285715	-5.7351190476190474	0	1	75	3.1058285412302489	5.9958718202307253	-1	-5.8941714587697511	4.9958718202307253	0.0	-5.5952380952380949	1	-1
0.21223711967468262	4	0.41964285714285715	-5.7351190476190474	0.41964285714285715	-5.7351190476190474	0	1	75	3.1058285412302489	5.9958718202307253	-1	-5.8941714587697511	4.9958718202307253	0.0	-5.5952380952380949	1	-1
0.22883105278015137	4	0.41964285714285715	-5.7351190476190474	0.41964285714285715	-5.7351190476190474	0	1	75	3.1058285412302489	5.9958718202307253	-1	-5.8941714587697511	4.9958718202307253	0.0	-5.5952380952380949	1	-1
0.24538612365722656	4	0.41964285714285715	-5.7351190476190474	0.41964285714285715	-5.7351190476190474	0	1	75	3.1058285412302489	5.9958718202307253	-1	-5.8941714587697511	4.9958718202307253	0.0	-5.5952380952380949	1	-1
0.262066125869751	4	0.41964285714285715	-5.7351190476190474	0.41964285714285715	-5.7351190476190474	0	1	75	3.1058285412302489	5.9958718202307253	-1	-5.8941714587697511	4.9958718202307253	0.0	-5.5952380952380949	1	-1
0.27863407135009766	4	0.41964285714285715	-5.7351190476190474	0.41964285714285715	-5.7351190476190474	0	1	75	3.1058285412302489	5.9958718202307253	-1	-5.8941714587697511	4.9958718202307253	0.0	-5.5952380952380949	1	-1
0.2951960563659668	4	0.41964285714285715	-5.7351190476190474	0.41964285714285715	-5.7351190476190474	0	1	75	3.1058285412302489	5.9958718202307253	-1	-5.8941714587697511	4.9958718202307253	0.0	-5.5952380952380949	1	-1
0.311845064163208	4	0.41964285714285715	-5.7351190476190474	0.41964285714285715	-5.7351190476190474	0	1	75	3.1058285412302489	5.9958718202307253	-1	-5.8941714587697511	4.9958718202307253	0.0	-5.5952380952380949	1	-1
0.3283700942993164	4	0.41964285714285715	-5.7351190476190474	0.41964285714285715	-5.7351190476190474	0	1	75	3.1058285412302489	5.9958718202307253	-1	-5.8941714587697511	4.9958718202307253	0.0	-5.5952380952380949	1	-1
0.34496092796325684	4	0.41964285714285715	-5.7351190476190474	0.41964285714285715	-5.7351190476190474	0	1	75	3.1058285412302489	5.9958718202307253	-1	-5.8941714587697511	4.9958718202307253	0.0	-5.5952380952380949	1	-1
0.3616149425506592	4	0.41964285714285715	-5.7351190476190474	0.41964285714285715	-5.7351190476190474	0	1	75	3.1058285412302489	5.9958718202307253	-1	-5.8941714587697511	4.9958718202307253	0.0	-5.5952380952380949	1	-1
0.3782329559326172	4	0.41964285714285715	-5.7071428571428573	0.41964285714285715	-5.7071428571428573	0	1	75	3.1058285412302489	5.9958718202307253	-1	-5.8941714587697511	4.9958718202307253	0.0	-5.5952380952380949	1	-1
0.3947770595550537	4	0.44761904761904764	-5.6511904761904761	0.44761904761904764	-5.6511904761904761	0	1	75	3.1058285412302489	5.9958718202307253	-1	-5.8941714587697511	4.9958718202307253	0.0	-5.5952380952380949	1	-1
0.41135096549987793	4	0.44761904761904764	-5.5952380952380949	0.44761904761904764	-5.5952380952380949	0	1	75	3.1058285412302489	5.9958718202307253	-1	-5.8941714587697511	4.9958718202307253	0.0	-5.5952380952380949	1	-1
0.4279360771179199	4	0.531547619047619	-5.399404761904762	0.53154761904761905	-5.399404761904762	0	1	75	3.1058285412302489	5.9958718202307253	-1	-5.8941714587697511	4.9958718202307253	0.0	-5.5952380952380949	1	-1
0.44457006454467773	4	0.6154761904761905	-5.1755952380952381	0.61547619047619051	-5.1755952380952381	0	1	75	3.1058285412302489	5.9958718202307253	-1	-5.8941714587697511	4.9958718202307253	0.0	-5.5952380952380949	1	-1
0.46115803718566895	4	0.7553571428571428	-4.8398809523809527	0.75535714285714284	-4.8398809523809527	0	1	75	3.1058285412302489	5.9958718202307253	-1	-5.8941714587697511	4.9958718202307253	0.0	-5.5952380952380949	1	-1
0.47742414474487305	4	0.8113095238095238	-4.644047619047619	0.81130952380952381	-4.644047619047619	0	1	75	3.1058285412302489	5.9958718202307253	-1	-5.8941714587697511	4.9958718202307253	0.0	-5.5952380952380949	1	-1
0.4940619468688965	4	0.9791666666666666	-4.1964285714285712	0.97916666666666663	-4.1964285714285712	0	1	75	3.1058285412302489	5.9958718202307253	-1	-5.8941714587697511	4.9958718202307253	0.0	-5.5952380952380949	1	-1
0.5106840133666992	4	1.0351190476190477	-3.9166666666666665	1.0351190476190477	-3.9166666666666665	0	1	75	3.1058285412302489	5.9958718202307253	-1	-5.8941714587697511	4.9958718202307253	0.0	-5.5952380952380949	1	-1
0.527259111404419	4	1.2029761904761904	-3.3851190476190478	1.2029761904761904	-3.3851190476190478	0	1	75	3.1058285412302489	5.9958718202307253	-1	-5.8941714587697511	4.9958718202307253	0.0	-5.5952380952380949	1	-1
0.5438411235809326	4	1.4267857142857143	-2.8815476190476192	1.4267857142857143	-2.8815476190476192	0	1	75	3.1058285412302489	5.9958718202307253	-1	-5.8941714587697511	4.9958718202307253	0.0	-5.5952380952380949	1	-1
0.5605249404907227	4	1.5386904761904763	-2.6857142857142855	1.5386904761904763	-2.6857142857142855	0	2	75	3.1058285412302489	5.9958718202307253	-1	-5.8941714587697511	4.9958718202307253	0.0	-5.5952380952380949	1	-1
0.5770599842071533	4	1.7345238095238096	-2.2660714285714287	1.7345238095238096	-2.2660714285714287	0	2	75	3.1058285412302489	5.9958718202307253	-1	-5.8941714587697511	4.9958718202307253	0.0	-5.5952380952380949	1	-1
0.593609094619751	4	1.9023809523809523	-1.8184523809523809	1.9023809523809523	-1.8184523809523809	0	2	75	3.1058285412302489	5.9958718202307253	-1	-5.8941714587697511	4.9958718202307253	0.0	-5.5952380952380949	1	-1
0.6101999282836914	4	1.9583333333333333	-1.5946428571428575	1.9583333333333333	-1.5946428571428573	0	2	75	3.1058285412302489	5.9958718202307253	-1	-5.8941714587697511	4.9958718202307253	0.0	-5.5952380952380949	1	-1
0.6270971298217773	4	2.0982142857142856	-1.1190476190476186	2.0982142857142856	-1.1190476190476191	0	2	75	3.1058285412302489	5.9958718202307253	-1	-5.8941714587697511	4.9958718202307253	0.0	-5.5952380952380949	1	-1
0.6436870098114014	4	2.2101190476190475	-0.72738095238095202	2.2101190476190475	-0.72738095238095235	0	2	75	3.1058285412302489	5.9958718202307253	-1	-5.8941714587697511	4.9958718202307253	0.0	-5.5952380952380949	1	-1
0.6604359149932861	4	2.2660714285714287	-0.55952380952380931	2.2660714285714287	-0.55952380952380953	0	2	75	3.1058285412302489	5.9958718202307253	-1	-5.8941714587697511	4.9958718202307253	0.0	-5.5952380952380949	1	-1
0.6768839359283447	4	2.35	-0.2238095238095239	2.3500000000000001	-0.22380952380952382	0	2	75	3.1058285412302489	5.9958718202307253	-1	-5.8941714587697511	4.9958718202307253	0.0	-5.5952380952380949	1	-1
0.6934001445770264	4	2.4339285714285714	0.11190476190476151	2.4339285714285714	0.11190476190476191	0	2	75	3.1058285412302489	5.9958718202307253	-1	-5.8941714587697511	4.9958718202307253	0.0	-5.5952380952380949	1	-1
0.7100710868835449	4	2.461904761904762	0.2797619047619051	2.461904761904762	0.27976190476190477	0	2	75	3.1058285412302489	5.9958718202307253	-1	-5.8941714587697511	4.9958718202307253	0.0	-5.5952380952380949	1	-1
0.7266709804534912	4	2.5458333333333334	0.67142857142857171	2.5458333333333334	0.67142857142857137	0	2	75	3.1058285412302489	5.9958718202307253	-1	-5.8941714587697511	4.9958718202307253	0.0	-5.5952380952380949	1	-1
0.7432739734649658	4	2.6297619047619047	1.0351190476190482	2.6297619047619047	1.0351190476190477	0	2	75	3.1058285412302489	5.9958718202307253	-1	-5.8941714587697511	4.9958718202307253	0.0	-5.5952380952380949	1	-1
0.7598540782928467	4	2.6857142857142855	1.2029761904761909	2.6857142857142855	1.2029761904761904	0	2	75	3.1058285412302489	5.9958718202307253	-1	-5.8941714587697511	4.9958718202307253	0.0	-5.5952380952380949	1	-1
0.7764999866485596	4	2.7976190476190474	1.4827380952380951	2.7976190476190474	1.4827380952380953	0	2	75	3.1058285412302489	5.9958718202307253	-1	-5.8941714587697511	4.9958718202307253	0.0	-5.5952380952380949	1	-1
0.7930409908294678	4	2.9095238095238094	1.8184523809523814	2.9095238095238094	1.8184523809523809	0	2	75	3.1058285412302489	5.9958718202307253	-1	-5.8941714587697511	4.9958718202307253	0.0	-5.5952380952380949	1	-1
0.8096230030059814	4	2.9654761904761906	1.9863095238095241	2.9654761904761906	1.9863095238095239	0	2	75	3.1058285412302489	5.9958718202307253	-1	-5.8941714587697511	4.9958718202307253	0.0	-5.5952380952380949	1	-1
0.8262050151824951	4	3.1333333333333333	2.3220238095238095	3.1333333333333333	2.3220238095238095	0	2	75	3.1058285412302489	5.9958718202307253	-1	-5.8941714587697511	4.9958718202307253	0.0	-5.5952380952380949	1	-1
0.8428099155426025	4	3.301190476190476	2.6297619047619047	3.301190476190476	2.6297619047619047	0	2	75	3.1058285412302489	5.9958718202307253	-1	-5.8941714587697511	4.9958718202307253	0.0	-5.5952380952380949	1	-1
0.8593869209289551	4	3.385119047619048	2.7696428571428573	3.3851190476190478	2.7696428571428573	0	2	75	3.1058285412302489	5.9958718202307253	-1	-5.8941714587697511	4.9958718202307253	0.0	-5.5952380952380949	1	-1
0.8760359287261963	4	3.525	2.9934523809523803	3.5249999999999999	2.9934523809523808	0	2	75	3.1058285412302489	5.9958718202307253	-1	-5.8941714587697511	4.9958718202307253	0.0	-5.5952380952380949	1	-1
0.8925650119781494	4	3.6089285714285713	3.0773809523809526	3.6089285714285713	3.0773809523809526	0	2	75	3.1058285412302489	5.9958718202307253	-1	-5.8941714587697511	4.9958718202307253	0.0	-5.5952380952380949	1	-1
0.9091780185699463	4	3.720833333333333	3.2732142857142854	3.7208333333333332	3.2732142857142859	0	2	75	3.1058285412302489	5.9958718202307253	-1	-5.8941714587697511	4.9958718202307253	0.0	-5.5952380952380949	1	-1
0.9257190227508545	4	3.8047619047619046	3.413095238095238	3.8047619047619046	3.413095238095238	0	2	75	3.1058285412302489	5.9958718202307253	-1	-5.8941714587697511	4.9958718202307253	0.0	-5.5952380952380949	1	-1
0.9423720836639404	4	3.832738095238095	3.5250000000000004	3.8327380952380952	3.5249999999999999	0	2	75	3.1058285412302489	5.9958718202307253	-1	-5.8941714587697511	4.9958718202307253	0.0	-5.5952380952380949	1	-1
0.9586689472198486	4	3.832738095238095	3.5529761904761905	3.8327380952380952	3.5529761904761905	0	2	75	3.1058285412302489	5.9958718202307253	-1	-5.8941714587697511	4.9958718202307253	0.0	-5.5952380952380949	1	-1
0.9753520488739014	4	3.8607142857142858	3.5809523809523807	3.8607142857142858	3.5809523809523811	0	2	75	3.1058285412302489	5.9958718202307253	-1	-5.8941714587697511	4.9958718202307253	0.0	-5.5952380952380949	1	-1
0.9918999671936035	4	3.8607142857142858	3.6089285714285708	3.8607142857142858	3.6089285714285713	0	2	75	3.1058285412302489	5.9958718202307253	-1	-5.8941714587697511	4.9958718202307253	0.0	-5.5952380952380949	1	-1
1.0084819793701172	4	3.832738095238095	3.6089285714285708	3.8327380952380952	3.6089285714285713	0	2	75	3.1058285412302489	5.9958718202307253	-1	-5.8941714587697511	4.9958718202307253	0.0	-5.5952380952380949	1	-1
1.0250530242919922	4	3.832738095238095	3.6089285714285708	3.8327380952380952	3.6089285714285713	0	2	75	3.1058285412302489	5.9958718202307253	-1	-5.8941714587697511	4.9958718202307253	0.0	-5.5952380952380949	1	-1
1.0417029857635498	4	3.832738095238095	3.6089285714285708	3.8327380952380952	3.6089285714285713	0	2	75	3.1058285412302489	5.9958718202307253	-1	-5.8941714587697511	4.9958718202307253	0.0	-5.5952380952380949	1	-1
1.0582621097564697	4	3.832738095238095	3.6089285714285708	3.8327380952380952	3.6089285714285713	0	2	75	3.1058285412302489	5.9958718202307253	-1	-5.8941714587697511	4.9958718202307253	0.0	-5.5952380952380949	1	-1
1.0749249458312988	4	3.832738095238095	3.6089285714285708	3.8327380952380952	3.6089285714285713	0	2	75	3.1058285412302489	5.9958718202307253	-1	-5.8941714587697511	4.9958718202307253	0.0	-5.5952380952380949	1	-1
1.0914559364318848	4	3.832738095238095	3.6089285714285708	3.8327380952380952	3.6089285714285713	0	2	75	3.1058285412302489	5.9958718202307253	-1	-5.8941714587697511	4.9958718202307253	0.0	-5.5952380952380949	1	-1
1.10835599899292	4	3.832738095238095	3.6089285714285708	3.8327380952380952	3.6089285714285713	0	2	75	3.1058285412302489	5.9958718202307253	-1	-5.8941714587697511	4.9958718202307253	0.0	-5.5952380952380949	1	-1
1.1248829364776611	4	3.832738095238095	3.6089285714285708	3.8327380952380952	3.6089285714285713	0	2	75	3.1058285412302489	5.9958718202307253	-1	-5.8941714587697511	4.9958718202307253	0.0	-5.5952380952380949	1	-1
1.141463041305542	4	3.832738095238095	3.6089285714285708	3.8327380952380952	3.6089285714285713	0	2	75	3.1058285412302489	5.9958718202307253	-1	-5.8941714587697511	4.9958718202307253	0.0	-5.5952380952380949	1	-1
1.1580729484558105	4	3.832738095238095	3.6089285714285708	3.8327380952380952	3.6089285714285713	0	2	75	3.1058285412302489	5.9958718202307253	-1	-5.8941714587697511	4.9958718202307253	0.0	-5.5952380952380949	1	-1
1.1747300624847412	4	3.832738095238095	3.6089285714285708	3.8327380952380952	3.6089285714285713	0	2	75	3.1058285412302489	5.9958718202307253	-1	-5.8941714587697511	4.9958718202307253	0.0	-5.5952380952380949	1	-1
1.1912670135498047	4	3.832738095238095	3.6089285714285708	3.8327380952380952	3.6089285714285713	0	2	75	3.1058285412302489	5.9958718202307253	-1	-5.8941714587697511	4.9958718202307253	0.0	-5.5952380952380949	1	-1
1.2078709602355957	4	3.832738095238095	3.6089285714285708	3.8327380952380952	3.6089285714285713	0	2	75	3.1058285412302489	5.9958718202307253	-1	-5.8941714587697511	4.9958718202307253	0.0	-5.5952380952380949	1	-1
1.2244799137115479	4	3.832738095238095	3.6089285714285708	3.8327380952380952	3.6089285714285713	0	2	75	3.1058285412302489	5.9958718202307253	-1	-5.8941714587697511	4.9958718202307253	0.0	-5.5952380952380949	1	-1
1.241096019744873	4	3.832738095238095	3.6089285714285708	3.8327380952380952	3.6089285714285713	0	2	75	3.1058285412302489	5.9958718202307253	-1	-5.8941714587697511	4.9958718202307253	0.0	-5.5952380952380949	1	-1
1.2576661109924316	4	3.832738095238095	3.6089285714285708	3.8327380952380952	3.6089285714285713	0	2	75	3.1058285412302489	5.9958718202307253	-1	-5.8941714587697511	4.9958718202307253	0.0	-5.5952380952380949	1	-1
1.2740459442138672	4	3.832738095238095	3.6089285714285708	3.8327380952380952	3.6089285714285713	0	2	75	3.1058285412302489	5.9958718202307253	-1	-5.8941714587697511	4.9958718202307253	0.0	-5.5952380952380949	1	-1
1.2905850410461426	4	3.832738095238095	3.6089285714285708	3.8327380952380952	3.6089285714285713	0	2	75	3.1058285412302489	5.9958718202307253	-1	-5.8941714587697511	4.9958718202307253	0.0	-5.5952380952380949	1	-1
1.3072381019592285	4	3.832738095238095	3.6089285714285708	3.8327380952380952	3.6089285714285713	0	2	75	3.1058285412302489	5.9958718202307253	-1	-5.8941714587697511	4.9958718202307253	0.0	-5.5952380952380949	1	-1
1.3237769603729248	4	3.832738095238095	3.6089285714285708	3.8327380952380952	3.6089285714285713	0	2	75	3.1058285412302489	5.9958718202307253	-1	-5.8941714587697511	4.9958718202307253	0.0	-5.5952380952380949	1	-1
1.3403549194335938	4	3.832738095238095	3.6089285714285708	3.8327380952380952	3.6089285714285713	0	2	75	3.1058285412302489	5.9958718202307253	-1	-5.8941714587697511	4.9958718202307253	0.0	-5.5952380952380949	1	-1
1.3569331169128418	4	3.832738095238095	3.6089285714285708	3.8327380952380952	3.6089285714285713	0	2	75	3.1058285412302489	5.9958718202307253	-1	-5.8941714587697511	4.9958718202307253	0.0	-5.5952380952380949	1	-1
1.3736090660095215	4	3.832738095238095	3.6089285714285708	3.8327380952380952	3.6089285714285713	0	2	75	3.1058285412302489	5.9958718202307253	-1	-5.8941714587697511	4.9958718202307253	0.0	-5.5952380952380949	1	-1
1.3901700973510742	4	3.832738095238095	3.6089285714285708	3.8327380952380952	3.6089285714285713	0	2	75	3.1058285412302489	5.9958718202307253	-1	-5.8941714587697511	4.9958718202307253	0.0	-5.5952380952380949	1	-1
1.40671706199646	4	3.832738095238095	3.6089285714285708	3.8327380952380952	3.6089285714285713	0	2	75	3.1058285412302489	5.9958718202307253	-1	-5.8941714587697511	4.9958718202307253	0.0	-5.5952380952380949	1	-1
1.4233200550079346	4	3.832738095238095	3.6089285714285708	3.8327380952380952	3.6089285714285713	0	2	75	3.1058285412302489	5.9958718202307253	-1	-5.8941714587697511	4.9958718202307253	0.0	-5.5952380952380949	1	-1
1.4402170181274414	4	3.832738095238095	3.6089285714285708	3.8327380952380952	3.6089285714285713	0	2	75	3.1058285412302489	5.9958718202307253	-1	-5.8941714587697511	4.9958718202307253	0.0	-5.5952380952380949	1	-1
1.4567890167236328	4	3.832738095238095	3.6089285714285708	3.8327380952380952	3.6089285714285713	0	2	75	3.1058285412302489	5.9958718202307253	-1	-5.8941714587697511	4.9958718202307253	0.0	-5.5952380952380949	1	-1
1.4734561443328857	4	3.832738095238095	3.6089285714285708	3.8327380952380952	3.6089285714285713	0	2	75	3.1058285412302489	5.9958718202307253	-1	-5.8941714587697511	4.9958718202307253	0.0	-5.5952380952380949	1	-1
1.4899580478668213	4	3.832738095238095	3.6089285714285708	3.8327380952380952	3.6089285714285713	0	2	75	3.1058285412302489	5.9958718202307253	-1	-5.8941714587697511	4.9958718202307253	0.0	-5.5952380952380949	1	-1
1.5065829753875732	4	3.832738095238095	3.6089285714285708	3.8327380952380952	3.6089285714285713	0	2	75	3.1058285412302489	5.9958718202307253	-1	-5.8941714587697511	4.9958718202307253	0.0	-5.5952380952380949	1	-1
1.5231590270996094	4	3.8327380952380952	3.6089285714285708	3.8327380952380952	3.6089285714285713	0	2	75	3.1058285412302489	5.9958718202307253	-1	-5.8941714587697511	4.9958718202307253	0.0	-5.5952380952380949	1	-1
1.5397279262542725	4	3.8327380952380952	3.6089285714285708	3.8327380952380952	3.6089285714285713	0	2	75	3.1058285412302489	5.9958718202307253	-1	-5.8941714587697511	4.9958718202307253	0.0	-5.5952380952380949	1	-1
1.5563631057739258	4	3.8327380952380952	3.6089285714285708	3.8327380952380952	3.6089285714285713	0	3	75	3.1058285412302489	5.9958718202307253	-1	-5.8941714587697511	4.9958718202307253	0.0	-5.5952380952380949	1	-1
1.5729379653930664	4	3.8327380952380952	3.6089285714285708	3.8327380952380952	3.6089285714285713	0	4	75	3.1058285412302489	5.9958718202307253	-1	-5.8941714587697511	4.9958718202307253	0.0	-5.5952380952380949	1	-1
1.5892441272735596	4	3.8327380952380952	3.6089285714285708	3.8327380952380952	3.6089285714285713	0	4	75	3.1058285412302489	5.9958718202307253	-1	-5.8941714587697511	4.9958718202307253	0.0	-5.5952380952380949	1	-1
1.605881929397583	4	3.8327380952380952	3.6089285714285708	3.8327380952380952	3.6089285714285713	0	4	75	3.1058285412302489	5.9958718202307253	-1	-5.8941714587697511	4.9958718202307253	0.0	-5.5952380952380949	1	-1
1.6224110126495361	4	3.8327380952380952	3.6089285714285708	3.8327380952380952	3.6089285714285713	0	4	75	3.1058285412302489	5.9958718202307253	-1	-5.8941714587697511	4.9958718202307253	0.0	-5.5952380952380949	1	-1
1.6390819549560547	4	3.8327380952380952	3.6089285714285708	3.8327380952380952	3.6089285714285713	0	4	75	3.1058285412302489	5.9958718202307253	-1	-5.8941714587697511	4.9958718202307253	0.0	-5.5952380952380949	1	-1
1.6556401252746582	4	3.8327380952380952	3.6089285714285708	3.8327380952380952	3.6089285714285713	0	4	75	3.1058285412302489	5.9958718202307253	-1	-5.8941714587697511	4.9958718202307253	0.0	-5.5952380952380949	1	-1
1.672231912612915	4	3.8327380952380952	3.6089285714285708	3.8327380952380952	3.6089285714285713	0	4	75	3.1058285412302489	5.9958718202307253	-1	-5.8941714587697511	4.9958718202307253	0.0	-5.5952380952380949	1	-1
1.68886399269104	4	3.8327380952380952	3.6089285714285708	3.8327380952380952	3.6089285714285713	0	4	75	3.1058285412302489	5.9958718202307253	-1	-5.8941714587697511	4.9958718202307253	0.0	-5.5952380952380949	1	-1
1.705430030822754	4	3.8327380952380952	3.6089285714285708	3.8327380952380952	3.6089285714285713	0	4	75	3.1058285412302489	5.9958718202307253	-1	-5.8941714587697511	4.9958718202307253	0.0	-5.5952380952380949	1	-1
1.7220211029052734	4	3.8327380952380952	3.6089285714285708	3.8327380952380952	3.6089285714285713	0	4	75	3.1058285412302489	5.9958718202307253	-1	-5.8941714587697511	4.9958718202307253	0.0	-5.5952380952380949	1	-1
1.7386281490325928	4	3.8327380952380952	3.6089285714285708	3.8327380952380952	3.6089285714285713	0	4	75	3.1058285412302489	5.9958718202307253	-1	-5.8941714587697511	4.9958718202307253	0.0	-5.5952380952380949	1	-1
1.755234956741333	4	3.8327380952380952	3.6089285714285708	3.8327380952380952	3.6089285714285713	0	4	75	3.1058285412302489	5.9958718202307253	-1	-5.8941714587697511	4.9958718202307253	0.0	-5.5952380952380949	1	-1
1.7718110084533691	4	3.8327380952380952	3.6089285714285708	3.8327380952380952	3.6089285714285713	0	4	75	3.1058285412302489	5.9958718202307253	-1	-5.8941714587697511	4.9958718202307253	0.0	-5.5952380952380949	1	-1
1.7884540557861328	4	3.8327380952380952	3.6089285714285708	3.8327380952380952	3.6089285714285713	0	4	75	3.1058285412302489	5.9958718202307253	-1	-5.8941714587697511	4.9958718202307253	0.0	-5.5952380952380949	1	-1
1.8050141334533691	4	3.8327380952380952	3.6089285714285708	3.8327380952380952	3.6089285714285713	0	4	75	3.1058285412302489	5.9958718202307253	-1	-5.8941714587697511	4.9958718202307253	0.0	-5.5952380952380949	1	-1
1.821532964706421	4	3.8327380952380952	3.6089285714285708	3.8327380952380952	3.6089285714285713	0	4	75	3.1058285412302489	5.9958718202307253	-1	-5.8941714587697511	4.9958718202307253	0.0	-5.5952380952380949	1	-1
1.8382220268249512	4	3.8327380952380952	3.6089285714285708	3.8327380952380952	3.6089285714285713	0	4	75	3.1058285412302489	5.9958718202307253	-1	-5.8941714587697511	4.9958718202307253	0.0	-5.5952380952380949	1	-1
1.8547589778900146	4	3.7767857142857144	3.6089285714285708	3.7767857142857144	3.6369047619047619	0	4	75	3.1058285412302489	5.9958718202307253	-1	-5.8941714587697511	4.9958718202307253	0.0	-5.5952380952380949	1	-1
1.8713641166687012	4	3.6928571428571431	3.6089285714285708	3.6928571428571431	3.6369047619047619	0	4	75	3.1058285412302489	5.9958718202307253	-1	-5.8941714587697511	4.9958718202307253	0.0	-5.5952380952380949	1	-1
1.8880150318145752	4	3.4690476190476192	3.6089285714285708	3.4690476190476192	3.6928571428571431	0	4	75	3.1058285412302489	5.9958718202307253	-1	-5.8941714587697511	4.9958718202307253	0.0	-5.5952380952380949	1	-1
1.9045789241790771	4	3.3291666666666666	3.6089285714285708	3.3291666666666666	3.6928571428571431	0	4	75	3.1058285412302489	5.9958718202307253	-1	-5.8941714587697511	4.9958718202307253	0.0	-5.5952380952380949	1	-1
1.921147108078003	4	2.9095238095238094	3.6089285714285708	2.9095238095238094	3.7208333333333332	0	4	75	3.1058285412302489	5.9958718202307253	-1	-5.8941714587697511	4.9958718202307253	0.0	-5.5952380952380949	1	-1
1.9377100467681885	4	2.3500000000000001	3.6089285714285708	2.3500000000000001	3.7208333333333332	0	4	75	3.1058285412302489	5.9958718202307253	-1	-5.8941714587697511	4.9958718202307253	0.0	-5.5952380952380949	1	-1
1.954308032989502	4	1.5946428571428573	3.6089285714285708	1.5946428571428573	3.6648809523809525	0	4	75	3.1058285412302489	5.9958718202307253	-1	-5.8941714587697511	4.9958718202307253	0.0	-5.5952380952380949	1	-1
1.9709570407867432	4	1.1470238095238094	3.6089285714285708	1.1470238095238094	3.6089285714285713	0	4	75	3.1058285412302489	5.9958718202307253	-1	-5.8941714587697511	4.9958718202307253	0.0	-5.5952380952380949	1	-1
1.9875860214233398	4	0.13988095238095233	3.6089285714285708	0.13988095238095238	3.4690476190476192	0	4	75	3.1058285412302489	5.9958718202307253	-1	-5.8941714587697511	4.9958718202307253	0.0	-5.5952380952380949	1	-1
2.004136085510254	4	-0.41964285714285721	3.6089285714285708	-0.41964285714285715	3.3851190476190478	0	4	75	3.1058285412302489	5.9958718202307253	-1	-5.8941714587697511	4.9958718202307253	0.0	-5.5952380952380949	1	-1
2.020709991455078	4	-1.650595238095238	3.6089285714285708	-1.650595238095238	3.2452380952380953	0	4	75	3.1058285412302489	5.9958718202307253	-1	-5.8941714587697511	4.9958718202307253	0.0	-5.5952380952380949	1	-1
2.037292003631592	4	-2.9934523809523808	3.6089285714285708	-2.9934523809523808	3.049404761904762	0	4	75	3.1058285412302489	5.9958718202307253	-1	-5.8941714587697511	4.9958718202307253	0.0	-5.5952380952380949	1	-1
2.0538949966430664	4	-4.5041666666666664	3.6089285714285708	-4.5041666666666664	2.7976190476190474	0	4	75	3.1058285412302489	5.9958718202307253	-1	-5.8941714587697511	4.9958718202307253	0.0	-5.5952380952380949	1	-1
2.070470094680786	4	-5.2874999999999996	3.6089285714285708	-5.2874999999999996	2.6577380952380953	0	4	75	3.1058285412302489	5.9958718202307253	-1	-5.8941714587697511	4.9958718202307253	0.0	-5.5952380952380949	1	-1
2.0874009132385254	4	-6.938095238095238	2.2940476190476193	-6.9380952380952383	2.2940476190476189	0	4	75	3.1058285412302489	5.9958718202307253	-1	-5.8941714587697511	4.9958718202307253	0.0	-5.5952380952380949	1	-1
2.1039109230041504	4	-7.777380952380953	2.0982142857142856	-7.7773809523809527	2.0982142857142856	0	4	75	3.1058285412302489	5.9958718202307253	-1	-5.8941714587697511	4.9958718202307253	0.0	-5.5952380952380949	1	-1
2.1205379962921143	4	-9.4	1.7345238095238091	-9.4000000000000004	1.7345238095238096	0	4	75	3.1058285412302489	5.9958718202307253	-1	-5.8941714587697511	4.9958718202307253	0.0	-5.5952380952380949	1	-1
2.1371359825134277	4	-10.938690476190477	1.3708333333333336	-10.938690476190477	1.3708333333333333	0	4	75	3.1058285412302489	5.9958718202307253	-1	-5.8941714587697511	4.9958718202307253	0.0	-5.5952380952380949	1	-1
2.153717041015625	4	-12.30952380952381	1.0071428571428571	-12.30952380952381	1.0071428571428571	0	5	75	3.1058285412302489	5.9958718202307253	-1	-5.8941714587697511	4.9958718202307253	0.0	-5.5952380952380949	1	-1
2.170341968536377	4	-12.925	0.83928571428571441	-12.925000000000001	0.8392857142857143	0	5	75	3.1058285412302489	5.9958718202307253	-1	-5.8941714587697511	4.9958718202307253	0.0	-5.5952380952380949	1	-1
2.1869311332702637	4	-14.01607142857143	0.50357142857142811	-14.016071428571429	0.50357142857142856	0	5	75	3.1058285412302489	5.9958718202307253	-1	-5.8941714587697511	4.9958718202307253	0.0	-5.5952380952380949	1	-1
2.20353102684021	4	-14.491666666666667	0.33571428571428541	-14.491666666666667	0.33571428571428569	0	5	75	3.1058285412302489	5.9958718202307253	-1	-5.8941714587697511	4.9958718202307253	0.0	-5.5952380952380949	1	-1
2.220108985900879	4	-15.275	0.083928571428571352	-15.275	0.083928571428571422	0	5	75	3.1058285412302489	5.9958718202307253	-1	-5.8941714587697511	4.9958718202307253	0.0	-5.5952380952380949	1	-1
2.2367660999298096	4	-15.834523809523809	-0.11190476190476151	-15.834523809523809	-0.11190476190476191	0	5	75	3.1058285412302489	5.9958718202307253	-1	-5.8941714587697511	4.9958718202307253	0.0	-5.5952380952380949	1	-1
2.2530319690704346	4	-16.198214285714286	-0.2238095238095239	-16.198214285714286	-0.22380952380952382	0	5	75	3.1058285412302489	5.9958718202307253	-1	-5.8941714587697511	4.9958718202307253	0.0	-5.5952380952380949	1	-1
2.2696290016174316	4	-16.33809523809524	-0.25178571428571406	-16.338095238095239	-0.25178571428571428	0	5	75	3.1058285412302489	5.9958718202307253	-1	-5.8941714587697511	4.9958718202307253	0.0	-5.5952380952380949	1	-1
2.2862770557403564	4	-16.50595238095238	-0.2797619047619051	-16.50595238095238	-0.27976190476190477	0	5	75	3.1058285412302489	5.9958718202307253	-1	-5.8941714587697511	4.9958718202307253	0.0	-5.5952380952380949	1	-1
2.3028600215911865	4	-16.561904761904763	-0.30773809523809526	-16.561904761904763	-0.30773809523809526	0	5	75	3.1058285412302489	5.9958718202307253	-1	-5.8941714587697511	4.9958718202307253	0.0	-5.5952380952380949	1	-1
2.3194119930267334	4	-16.617857142857144	-0.30773809523809526	-16.617857142857144	-0.30773809523809526	0	5	75	3.1058285412302489	5.9958718202307253	-1	-5.8941714587697511	4.9958718202307253	0.0	-5.5952380952380949	1	-1
2.3360021114349365	4	-16.617857142857144	-0.30773809523809526	-16.617857142857144	-0.30773809523809526	0	5	75	3.1058285412302489	5.9958718202307253	-1	-5.8941714587697511	4.9958718202307253	0.0	-5.5952380952380949	1	-1
2.352591037750244	4	-16.617857142857144	-0.30773809523809526	-16.617857142857144	-0.30773809523809526	0	5	75	3.1058285412302489	5.9958718202307253	-1	-5.8941714587697511	4.9958718202307253	0.0	-5.5952380952380949	1	-1
2.369154930114746	4	-16.645833333333332	-0.2797619047619051	-16.645833333333332	-0.27976190476190477	0	5	75	3.1058285412302489	5.9958718202307253	-1	-5.8941714587697511	4.9958718202307253	0.0	-5.5952380952380949	1	-1
2.3859059810638428	4	-16.645833333333332	-0.2797619047619051	-16.645833333333332	-0.27976190476190477	0	5	75	3.1058285412302489	5.9958718202307253	-1	-5.8941714587697511	4.9958718202307253	0.0	-5.5952380952380949	1	-1
2.4026429653167725	4	-16.645833333333332	-0.2797619047619051	-16.645833333333332	-0.27976190476190477	0	5	75	3.1058285412302489	5.9958718202307253	-1	-5.8941714587697511	4.9958718202307253	0.0	-5.5952380952380949	1	-1
2.4192440509796143	4	-16.645833333333332	-0.2797619047619051	-16.645833333333332	-0.27976190476190477	0	5	75	3.1058285412302489	5.9958718202307253	-1	-5.8941714587697511	4.9958718202307253	0.0	-5.5952380952380949	1	-1
2.4358749389648438	4	-16.645833333333332	-0.2797619047619051	-16.645833333333332	-0.27976190476190477	0	5	75	3.1058285412302489	5.9958718202307253	-1	-5.8941714587697511	4.9958718202307253	0.0	-5.5952380952380949	1	-1
2.4524009227752686	4	-16.645833333333332	-0.2797619047619051	-16.645833333333332	-0.27976190476190477	0	5	75	3.1058285412302489	5.9958718202307253	-1	-5.8941714587697511	4.9958718202307253	0.0	-5.5952380952380949	1	-1
2.4689950942993164	4	-16.645833333333332	-0.2797619047619051	-16.645833333333332	-0.27976190476190477	0	5	75	3.1058285412302489	5.9958718202307253	-1	-5.8941714587697511	4.9958718202307253	0.0	-5.5952380952380949	1	-1
2.4856131076812744	4	-16.645833333333332	-0.2797619047619051	-16.645833333333332	-0.27976190476190477	0	5	75	3.1058285412302489	5.9958718202307253	-1	-5.8941714587697511	4.9958718202307253	0.0	-5.5952380952380949	1	-1
2.5022499561309814	4	-16.645833333333332	-0.2797619047619051	-16.645833333333332	-0.27976190476190477	0	5	75	3.1058285412302489	5.9958718202307253	-1	-5.8941714587697511	4.9958718202307253	0.0	-5.5952380952380949	1	-1
2.518787145614624	4	-16.561904761904763	-0.36369047619047645	-16.561904761904763	-0.36369047619047618	0	5	75	3.1058285412302489	5.9958718202307253	-1	-5.8941714587697511	4.9958718202307253	0.0	-5.5952380952380949	1	-1
2.5353989601135254	4	-16.50595238095238	-0.41964285714285676	-16.50595238095238	-0.41964285714285715	0	5	75	3.1058285412302489	5.9958718202307253	-1	-5.8941714587697511	4.9958718202307253	0.0	-5.5952380952380949	1	-1
2.551985025405884	4	-16.254166666666666	-0.58750000000000036	-16.254166666666666	-0.58750000000000002	0	5	75	3.1058285412302489	5.9958718202307253	-1	-5.8941714587697511	4.9958718202307253	0.0	-5.5952380952380949	1	-1
2.5683419704437256	4	-15.834523809523809	-0.81130952380952337	-15.834523809523809	-0.81130952380952381	0	5	75	3.1058285412302489	5.9958718202307253	-1	-5.8941714587697511	4.9958718202307253	0.0	-5.5952380952380949	1	-1
2.5849080085754395	4	-15.554761904761905	-0.95119047619047592	-15.554761904761905	-0.95119047619047614	0	5	75	3.1058285412302489	5.9958718202307253	-1	-5.8941714587697511	4.9958718202307253	0.0	-5.5952380952380949	1	-1
2.601577043533325	4	-14.883333333333333	-1.2589285714285712	-14.883333333333333	-1.2589285714285714	0	5	75	3.1058285412302489	5.9958718202307253	-1	-5.8941714587697511	4.9958718202307253	0.0	-5.5952380952380949	1	-1
2.618091106414795	4	-14.07202380952381	-1.5386904761904763	-14.072023809523809	-1.5386904761904763	0	5	75	3.1058285412302489	5.9958718202307253	-1	-5.8941714587697511	4.9958718202307253	0.0	-5.5952380952380949	1	-1
2.6347241401672363	4	-13.652380952380952	-1.6785714285714288	-13.652380952380952	-1.6785714285714286	0	5	75	3.1058285412302489	5.9958718202307253	-1	-5.8941714587697511	4.9958718202307253	0.0	-5.5952380952380949	1	-1
2.6512930393218994	4	-12.757142857142858	-1.958333333333333	-12.757142857142858	-1.9583333333333333	0	5	75	3.1058285412302489	5.9958718202307253	-1	-5.8941714587697511	4.9958718202307253	0.0	-5.5952380952380949	1	-1
2.667855978012085	4	-11.861904761904762	-2.2101190476190475	-11.861904761904762	-2.2101190476190475	0	5	75	3.1058285412302489	5.9958718202307253	-1	-5.8941714587697511	4.9958718202307253	0.0	-5.5952380952380949	1	-1
2.684468984603882	4	-11.414285714285715	-2.3220238095238095	-11.414285714285715	-2.3220238095238095	0	5	75	3.1058285412302489	5.9958718202307253	-1	-5.8941714587697511	4.9958718202307253	0.0	-5.5952380952380949	1	-1
2.7011139392852783	4	-10.54702380952381	-2.6017857142857141	-10.547023809523809	-2.6017857142857141	0	5	75	3.1058285412302489	5.9958718202307253	-1	-5.8941714587697511	4.9958718202307253	0.0	-5.5952380952380949	1	-1
2.7176499366760254	4	-9.651785714285714	-2.8815476190476192	-9.6517857142857135	-2.8815476190476192	0	5	75	3.1058285412302489	5.9958718202307253	-1	-5.8941714587697511	4.9958718202307253	0.0	-5.5952380952380949	1	-1
2.734529972076416	4	-9.204166666666667	-2.9934523809523808	-9.2041666666666675	-2.9934523809523808	0	5	75	3.1058285412302489	5.9958718202307253	-1	-5.8941714587697511	4.9958718202307253	0.0	-5.5952380952380949	1	-1
2.751101016998291	4	-8.364880952380952	-3.2452380952380953	-8.3648809523809522	-3.2452380952380953	0	5	75	3.1058285412302489	5.9958718202307253	-1	-5.8941714587697511	4.9958718202307253	0.0	-5.5952380952380949	1	-1
2.7677791118621826	4	-7.6375	-3.5529761904761905	-7.6375000000000002	-3.5529761904761905	0	5	75	3.1058285412302489	5.9958718202307253	-1	-5.8941714587697511	4.9958718202307253	0.0	-5.5952380952380949	1	-1
2.7842800617218018	4	-7.301785714285714	-3.7208333333333332	-7.3017857142857139	-3.7208333333333332	0	5	75	3.1058285412302489	5.9958718202307253	-1	-5.8941714587697511	4.9958718202307253	0.0	-5.5952380952380949	1	-1
2.8009531497955322	4	-6.686309523809523	-4.0285714285714285	-6.6863095238095234	-4.0285714285714285	0	5	75	3.1058285412302489	5.9958718202307253	-1	-5.8941714587697511	4.9958718202307253	0.0	-5.5952380952380949	1	-1
2.817430019378662	4	-6.070833333333334	-4.3083333333333336	-6.0708333333333337	-4.3083333333333336	0	5	75	3.1058285412302489	5.9958718202307253	-1	-5.8941714587697511	4.9958718202307253	0.0	-5.5952380952380949	1	-1
2.834151029586792	4	-5.7630952380952385	-4.4202380952380951	-5.7630952380952385	-4.4202380952380951	0	5	75	3.1058285412302489	5.9958718202307253	-1	-5.8941714587697511	4.9958718202307253	0.0	-5.5952380952380949	1	-1
2.8507189750671387	4	-5.147619047619048	-4.644047619047619	-5.147619047619048	-4.644047619047619	0	5	75	3.1058285412302489	5.9958718202307253	-1	-5.8941714587697511	4.9958718202307253	0.0	-5.5952380952380949	1	-1
2.8672499656677246	4	-4.560119047619048	-4.8398809523809527	-4.5601190476190476	-4.8398809523809527	0	5	75	3.1058285412302489	5.9958718202307253	-1	-5.8941714587697511	4.9958718202307253	0.0	-5.5952380952380949	1	-1
2.8838729858398438	4	-4.2803571428571425	-4.9238095238095241	-4.2803571428571425	-4.9238095238095241	0	5	75	3.1058285412302489	5.9958718202307253	-1	-5.8941714587697511	4.9958718202307253	0.0	-5.5952380952380949	1	-1
2.900270938873291	4	-3.748809523809524	-5.0357142857142856	-3.7488095238095238	-5.0357142857142856	0	5	75	3.1058285412302489	5.9958718202307253	-1	-5.8941714587697511	4.9958718202307253	0.0	-5.5952380952380949	1	-1
2.9167909622192383	4	-3.4970238095238093	-5.0916666666666668	-3.4970238095238093	-5.0916666666666668	0	5	75	3.1058285412302489	5.9958718202307253	-1	-5.8941714587697511	4.9958718202307253	0.0	-5.5952380952380949	1	-1
2.9333441257476807	4	-3.049404761904762	-5.1755952380952381	-3.049404761904762	-5.1755952380952381	0	5	75	3.1058285412302489	5.9958718202307253	-1	-5.8941714587697511	4.9958718202307253	0.0	-5.5952380952380949	1	-1
2.949993133544922	4	-2.6577380952380953	-5.2315476190476193	-2.6577380952380953	-5.2315476190476193	0	5	75	3.1058285412302489	5.9958718202307253	-1	-5.8941714587697511	4.9958718202307253	0.0	-5.5952380952380949	1	-1
2.9665799140930176	4	-2.35	-5.2874999999999996	-2.3500000000000001	-5.2874999999999996	0	5	75	3.1058285412302489	5.9958718202307253	-1	-5.8941714587697511	4.9958718202307253	0.0	-5.5952380952380949	1	-1
2.983154058456421	4	-2.182142857142857	-5.3154761904761907	-2.1821428571428569	-5.3154761904761907	0	5	75	3.1058285412302489	5.9958718202307253	-1	-5.8941714587697511	4.9958718202307253	0.0	-5.5952380952380949	1	-1
2.9998300075531006	4	-1.8464285714285715	-5.399404761904762	-1.8464285714285715	-5.399404761904762	0	5	75	3.1058285412302489	5.9958718202307253	-1	-5.8941714587697511	4.9958718202307253	0.0	-5.5952380952380949	1	-1
3.016348123550415	4	-1.6785714285714286	-5.4273809523809522	-1.6785714285714286	-5.4273809523809522	0	5	75	3.1058285412302489	5.9958718202307253	-1	-5.8941714587697511	4.9958718202307253	0.0	-5.5952380952380949	1	-1
3.03293514251709	4	-1.3708333333333333	-5.5392857142857146	-1.3708333333333333	-5.5392857142857146	0	5	75	3.1058285412302489	5.9958718202307253	-1	-5.8941714587697511	4.9958718202307253	0.0	-5.5952380952380949	1	-1
3.049828052520752	4	-1.063095238095238	-5.5952380952380949	-1.0630952380952381	-5.5952380952380949	0	5	75	3.1058285412302489	5.9958718202307253	-1	-5.8941714587697511	4.9958718202307253	0.0	-5.5952380952380949	1	-1
3.066391944885254	4	-0.7833333333333333	-5.6511904761904761	-0.78333333333333333	-5.6511904761904761	0	5	75	3.1058285412302489	5.9958718202307253	-1	-5.8941714587697511	4.9958718202307253	0.0	-5.5952380952380949	1	-1
3.082962989807129	4	-0.643452380952381	-5.6791666666666663	-0.643452380952381	-5.6791666666666663	0	5	75	3.1058285412302489	5.9958718202307253	-1	-5.8941714587697511	4.9958718202307253	0.0	-5.5952380952380949	1	-1
3.0997071266174316	4	-0.39166666666666666	-5.7071428571428573	-0.39166666666666666	-5.7071428571428573	0	5	75	3.1058285412302489	5.9958718202307253	-1	-5.8941714587697511	4.9958718202307253	0.0	-5.5952380952380949	1	-1
