time	trial	cursorx	cursory	hand_x	hand_Y	rotation	step	targetangle	targetposx	targetposy	garagelocation	garageposx	garageposy	homex	homey	group	trial_type
9.5367431640625e-07	2	0.3357142857142857	-5.9589285714285714	0.33571428571428569	-5.9589285714285714	0	5	105	-3.1058285412302502	5.9958718202307253	-1	-12.105828541230251	4.9958718202307253	0.0	-5.5952380952380949	1	-1
0.028932809829711914	2	0.22380952380952382	-5.9029761904761902	0.22380952380952382	-5.9029761904761902	0	1	105	-3.1058285412302502	5.9958718202307253	-1	-12.105828541230251	4.9958718202307253	0.0	-5.5952380952380949	1	-1
0.04549694061279297	2	0.16785714285714284	-5.875	0.16785714285714284	-5.875	0	1	105	-3.1058285412302502	5.9958718202307253	-1	-12.105828541230251	4.9958718202307253	0.0	-5.5952380952380949	1	-1
0.06216597557067871	2	0.13988095238095238	-5.8470238095238098	0.13988095238095238	-5.8470238095238098	0	1	105	-3.1058285412302502	5.9958718202307253	-1	-12.105828541230251	4.9958718202307253	0.0	-5.5952380952380949	1	-1
0.0787198543548584	2	0.13988095238095238	-5.8470238095238098	0.13988095238095238	-5.8470238095238098	0	1	105	-3.1058285412302502	5.9958718202307253	-1	-12.105828541230251	4.9958718202307253	0.0	-5.5952380952380949	1	-1
0.09529995918273926	2	0.13988095238095238	-5.8470238095238098	0.13988095238095238	-5.8470238095238098	0	1	105	-3.1058285412302502	5.9958718202307253	-1	-12.105828541230251	4.9958718202307253	0.0	-5.5952380952380949	1	-1
0.11222100257873535	2	0.13988095238095238	-5.8470238095238098	0.13988095238095238	-5.8470238095238098	0	1	105	-3.1058285412302502	5.9958718202307253	-1	-12.105828541230251	4.9958718202307253	0.0	-5.5952380952380949	1	-1
0.1287388801574707	2	0.13988095238095238	-5.8470238095238098	0.13988095238095238	-5.8470238095238098	0	1	105	-3.1058285412302502	5.9958718202307253	-1	-12.105828541230251	4.9958718202307253	0.0	-5.5952380952380949	1	-1
0.14536786079406738	2	0.13988095238095238	-5.8470238095238098	0.13988095238095238	-5.8470238095238098	0	1	105	-3.1058285412302502	5.9958718202307253	-1	-12.105828541230251	4.9958718202307253	0.0	-5.5952380952380949	1	-1
0.1619570255279541	2	0.13988095238095238	-5.8470238095238098	0.13988095238095238	-5.8470238095238098	0	1	105	-3.1058285412302502	5.9958718202307253	-1	-12.105828541230251	4.9958718202307253	0.0	-5.5952380952380949	1	-1
0.17854595184326172	2	0.13988095238095238	-5.8470238095238098	0.13988095238095238	-5.8470238095238098	0	1	105	-3.1058285412302502	5.9958718202307253	-1	-12.105828541230251	4.9958718202307253	0.0	-5.5952380952380949	1	-1
0.19513988494873047	2	0.13988095238095238	-5.8470238095238098	0.13988095238095238	-5.8470238095238098	0	1	105	-3.1058285412302502	5.9958718202307253	-1	-12.105828541230251	4.9958718202307253	0.0	-5.5952380952380949	1	-1
0.2117929458618164	2	0.13988095238095238	-5.8470238095238098	0.13988095238095238	-5.8470238095238098	0	1	105	-3.1058285412302502	5.9958718202307253	-1	-12.105828541230251	4.9958718202307253	0.0	-5.5952380952380949	1	-1
0.22831082344055176	2	0.13988095238095238	-5.8470238095238098	0.13988095238095238	-5.8470238095238098	0	1	105	-3.1058285412302502	5.9958718202307253	-1	-12.105828541230251	4.9958718202307253	0.0	-5.5952380952380949	1	-1
0.2449178695678711	2	0.13988095238095238	-5.8470238095238098	0.13988095238095238	-5.8470238095238098	0	1	105	-3.1058285412302502	5.9958718202307253	-1	-12.105828541230251	4.9958718202307253	0.0	-5.5952380952380949	1	-1
0.2612729072570801	2	0.13988095238095238	-5.8470238095238098	0.13988095238095238	-5.8470238095238098	0	1	105	-3.1058285412302502	5.9958718202307253	-1	-12.105828541230251	4.9958718202307253	0.0	-5.5952380952380949	1	-1
0.2778458595275879	2	0.13988095238095238	-5.8470238095238098	0.13988095238095238	-5.8470238095238098	0	1	105	-3.1058285412302502	5.9958718202307253	-1	-12.105828541230251	4.9958718202307253	0.0	-5.5952380952380949	1	-1
0.29443788528442383	2	0.13988095238095238	-5.8470238095238098	0.13988095238095238	-5.8470238095238098	0	1	105	-3.1058285412302502	5.9958718202307253	-1	-12.105828541230251	4.9958718202307253	0.0	-5.5952380952380949	1	-1
0.31109094619750977	2	0.13988095238095238	-5.8470238095238098	0.13988095238095238	-5.8470238095238098	0	1	105	-3.1058285412302502	5.9958718202307253	-1	-12.105828541230251	4.9958718202307253	0.0	-5.5952380952380949	1	-1
0.32769179344177246	2	0.13988095238095238	-5.8470238095238098	0.13988095238095238	-5.8470238095238098	0	1	105	-3.1058285412302502	5.9958718202307253	-1	-12.105828541230251	4.9958718202307253	0.0	-5.5952380952380949	1	-1
0.3442108631134033	2	0.13988095238095238	-5.8190476190476188	0.13988095238095238	-5.8190476190476188	0	1	105	-3.1058285412302502	5.9958718202307253	-1	-12.105828541230251	4.9958718202307253	0.0	-5.5952380952380949	1	-1
0.3607609272003174	2	0.11190476190476191	-5.7910714285714286	0.11190476190476191	-5.7910714285714286	0	1	105	-3.1058285412302502	5.9958718202307253	-1	-12.105828541230251	4.9958718202307253	0.0	-5.5952380952380949	1	-1
0.37737393379211426	2	0.08392857142857142	-5.6791666666666663	0.083928571428571422	-5.6791666666666663	0	1	105	-3.1058285412302502	5.9958718202307253	-1	-12.105828541230251	4.9958718202307253	0.0	-5.5952380952380949	1	-1
0.394014835357666	2	0.08392857142857142	-5.5952380952380949	0.083928571428571422	-5.5952380952380949	0	1	105	-3.1058285412302502	5.9958718202307253	-1	-12.105828541230251	4.9958718202307253	0.0	-5.5952380952380949	1	-1
0.4107339382171631	2	0.055952380952380955	-5.371428571428571	0.055952380952380955	-5.371428571428571	0	1	105	-3.1058285412302502	5.9958718202307253	-1	-12.105828541230251	4.9958718202307253	0.0	-5.5952380952380949	1	-1
0.42738795280456543	2	0.055952380952380955	-5.0916666666666668	0.055952380952380955	-5.0916666666666668	0	1	105	-3.1058285412302502	5.9958718202307253	-1	-12.105828541230251	4.9958718202307253	0.0	-5.5952380952380949	1	-1
0.44403791427612305	2	0.08392857142857142	-4.7559523809523814	0.083928571428571422	-4.7559523809523814	0	1	105	-3.1058285412302502	5.9958718202307253	-1	-12.105828541230251	4.9958718202307253	0.0	-5.5952380952380949	1	-1
0.4606208801269531	2	0.08392857142857142	-4.5601190476190476	0.083928571428571422	-4.5601190476190476	0	1	105	-3.1058285412302502	5.9958718202307253	-1	-12.105828541230251	4.9958718202307253	0.0	-5.5952380952380949	1	-1
0.4772489070892334	2	0.08392857142857142	-4.1404761904761909	0.083928571428571422	-4.1404761904761909	0	1	105	-3.1058285412302502	5.9958718202307253	-1	-12.105828541230251	4.9958718202307253	0.0	-5.5952380952380949	1	-1
0.49384284019470215	2	0.055952380952380955	-3.9166666666666665	0.055952380952380955	-3.9166666666666665	0	1	105	-3.1058285412302502	5.9958718202307253	-1	-12.105828541230251	4.9958718202307253	0.0	-5.5952380952380949	1	-1
0.5104420185089111	2	0.0	-3.4690476190476192	0.0	-3.4690476190476192	0	1	105	-3.1058285412302502	5.9958718202307253	-1	-12.105828541230251	4.9958718202307253	0.0	-5.5952380952380949	1	-1
0.527094841003418	2	-0.08392857142857142	-2.9934523809523808	-0.083928571428571422	-2.9934523809523808	0	1	105	-3.1058285412302502	5.9958718202307253	-1	-12.105828541230251	4.9958718202307253	0.0	-5.5952380952380949	1	-1
0.5435678958892822	2	-0.19583333333333333	-2.5178571428571428	-0.19583333333333333	-2.5178571428571428	0	2	105	-3.1058285412302502	5.9958718202307253	-1	-12.105828541230251	4.9958718202307253	0.0	-5.5952380952380949	1	-1
0.5601799488067627	2	-0.2517857142857143	-2.2660714285714287	-0.25178571428571428	-2.2660714285714287	0	2	105	-3.1058285412302502	5.9958718202307253	-1	-12.105828541230251	4.9958718202307253	0.0	-5.5952380952380949	1	-1
0.5767648220062256	2	-0.39166666666666666	-1.7625000000000002	-0.39166666666666666	-1.7625	0	2	105	-3.1058285412302502	5.9958718202307253	-1	-12.105828541230251	4.9958718202307253	0.0	-5.5952380952380949	1	-1
0.5931499004364014	2	-0.44761904761904764	-1.5107142857142861	-0.44761904761904764	-1.5107142857142857	0	2	105	-3.1058285412302502	5.9958718202307253	-1	-12.105828541230251	4.9958718202307253	0.0	-5.5952380952380949	1	-1
0.6097328662872314	2	-0.6154761904761905	-1.0351190476190482	-0.61547619047619051	-1.0351190476190477	0	2	105	-3.1058285412302502	5.9958718202307253	-1	-12.105828541230251	4.9958718202307253	0.0	-5.5952380952380949	1	-1
0.6263668537139893	2	-0.8113095238095238	-0.53154761904761916	-0.81130952380952381	-0.53154761904761905	0	2	105	-3.1058285412302502	5.9958718202307253	-1	-12.105828541230251	4.9958718202307253	0.0	-5.5952380952380949	1	-1
0.642920970916748	2	-1.063095238095238	-0.083928571428571352	-1.0630952380952381	-0.083928571428571422	0	2	105	-3.1058285412302502	5.9958718202307253	-1	-12.105828541230251	4.9958718202307253	0.0	-5.5952380952380949	1	-1
0.6595518589019775	2	-1.175	0.1678571428571427	-1.175	0.16785714285714284	0	2	105	-3.1058285412302502	5.9958718202307253	-1	-12.105828541230251	4.9958718202307253	0.0	-5.5952380952380949	1	-1
0.6760878562927246	2	-1.3988095238095237	0.64345238095238066	-1.3988095238095237	0.643452380952381	0	2	105	-3.1058285412302502	5.9958718202307253	-1	-12.105828541230251	4.9958718202307253	0.0	-5.5952380952380949	1	-1
0.6926310062408447	2	-1.4827380952380953	0.86726190476190457	-1.4827380952380953	0.86726190476190479	0	2	105	-3.1058285412302502	5.9958718202307253	-1	-12.105828541230251	4.9958718202307253	0.0	-5.5952380952380949	1	-1
0.7092540264129639	2	-1.5946428571428573	1.3708333333333336	-1.5946428571428573	1.3708333333333333	0	2	105	-3.1058285412302502	5.9958718202307253	-1	-12.105828541230251	4.9958718202307253	0.0	-5.5952380952380949	1	-1
0.7259249687194824	2	-1.706547619047619	1.8744047619047617	-1.706547619047619	1.8744047619047619	0	2	105	-3.1058285412302502	5.9958718202307253	-1	-12.105828541230251	4.9958718202307253	0.0	-5.5952380952380949	1	-1
0.7424788475036621	2	-1.818452380952381	2.3220238095238095	-1.8184523809523809	2.3220238095238095	0	2	105	-3.1058285412302502	5.9958718202307253	-1	-12.105828541230251	4.9958718202307253	0.0	-5.5952380952380949	1	-1
0.7593610286712646	2	-1.9023809523809523	2.5178571428571423	-1.9023809523809523	2.5178571428571428	0	2	105	-3.1058285412302502	5.9958718202307253	-1	-12.105828541230251	4.9958718202307253	0.0	-5.5952380952380949	1	-1
0.7759289741516113	2	-2.042261904761905	2.9375	-2.0422619047619048	2.9375	0	2	105	-3.1058285412302502	5.9958718202307253	-1	-12.105828541230251	4.9958718202307253	0.0	-5.5952380952380949	1	-1
0.7925589084625244	2	-2.126190476190476	3.1333333333333329	-2.1261904761904762	3.1333333333333333	0	2	105	-3.1058285412302502	5.9958718202307253	-1	-12.105828541230251	4.9958718202307253	0.0	-5.5952380952380949	1	-1
0.8091208934783936	2	-2.2660714285714287	3.4970238095238102	-2.2660714285714287	3.4970238095238093	0	2	105	-3.1058285412302502	5.9958718202307253	-1	-12.105828541230251	4.9958718202307253	0.0	-5.5952380952380949	1	-1
0.8257718086242676	2	-2.405952380952381	3.8607142857142858	-2.4059523809523808	3.8607142857142858	0	2	105	-3.1058285412302502	5.9958718202307253	-1	-12.105828541230251	4.9958718202307253	0.0	-5.5952380952380949	1	-1
0.8422958850860596	2	-2.573809523809524	4.168452380952381	-2.573809523809524	4.168452380952381	0	2	105	-3.1058285412302502	5.9958718202307253	-1	-12.105828541230251	4.9958718202307253	0.0	-5.5952380952380949	1	-1
0.8589229583740234	2	-2.6297619047619047	4.3363095238095237	-2.6297619047619047	4.3363095238095237	0	2	105	-3.1058285412302502	5.9958718202307253	-1	-12.105828541230251	4.9958718202307253	0.0	-5.5952380952380949	1	-1
0.8754448890686035	2	-2.7696428571428573	4.6720238095238091	-2.7696428571428573	4.6720238095238091	0	2	105	-3.1058285412302502	5.9958718202307253	-1	-12.105828541230251	4.9958718202307253	0.0	-5.5952380952380949	1	-1
0.8920879364013672	2	-2.8535714285714286	4.8119047619047617	-2.8535714285714286	4.8119047619047617	0	2	105	-3.1058285412302502	5.9958718202307253	-1	-12.105828541230251	4.9958718202307253	0.0	-5.5952380952380949	1	-1
0.9085698127746582	2	-2.9654761904761906	5.0916666666666668	-2.9654761904761906	5.0916666666666668	0	2	105	-3.1058285412302502	5.9958718202307253	-1	-12.105828541230251	4.9958718202307253	0.0	-5.5952380952380949	1	-1
0.9250819683074951	2	-3.0773809523809526	5.3714285714285701	-3.0773809523809526	5.371428571428571	0	2	105	-3.1058285412302502	5.9958718202307253	-1	-12.105828541230251	4.9958718202307253	0.0	-5.5952380952380949	1	-1
0.9415879249572754	2	-3.1333333333333333	5.4833333333333343	-3.1333333333333333	5.4833333333333334	0	2	105	-3.1058285412302502	5.9958718202307253	-1	-12.105828541230251	4.9958718202307253	0.0	-5.5952380952380949	1	-1
0.9581809043884277	2	-3.2452380952380953	5.7351190476190474	-3.2452380952380953	5.7351190476190474	0	2	105	-3.1058285412302502	5.9958718202307253	-1	-12.105828541230251	4.9958718202307253	0.0	-5.5952380952380949	1	-1
0.9747710227966309	2	-3.301190476190476	5.9029761904761902	-3.301190476190476	5.9029761904761902	0	2	105	-3.1058285412302502	5.9958718202307253	-1	-12.105828541230251	4.9958718202307253	0.0	-5.5952380952380949	1	-1
0.991426944732666	2	-3.3291666666666666	5.9869047619047606	-3.3291666666666666	5.9869047619047615	0	2	105	-3.1058285412302502	5.9958718202307253	-1	-12.105828541230251	4.9958718202307253	0.0	-5.5952380952380949	1	-1
1.0079848766326904	2	-3.385119047619048	6.0708333333333329	-3.3851190476190478	6.0708333333333337	0	2	105	-3.1058285412302502	5.9958718202307253	-1	-12.105828541230251	4.9958718202307253	0.0	-5.5952380952380949	1	-1
1.0245928764343262	2	-3.385119047619048	6.1267857142857132	-3.3851190476190478	6.1267857142857141	0	2	105	-3.1058285412302502	5.9958718202307253	-1	-12.105828541230251	4.9958718202307253	0.0	-5.5952380952380949	1	-1
1.0411789417266846	2	-3.413095238095238	6.1827380952380953	-3.413095238095238	6.1827380952380953	0	2	105	-3.1058285412302502	5.9958718202307253	-1	-12.105828541230251	4.9958718202307253	0.0	-5.5952380952380949	1	-1
1.0577948093414307	2	-3.4410714285714286	6.2107142857142854	-3.4410714285714286	6.2107142857142854	0	2	105	-3.1058285412302502	5.9958718202307253	-1	-12.105828541230251	4.9958718202307253	0.0	-5.5952380952380949	1	-1
1.0746798515319824	2	-3.4410714285714286	6.2107142857142854	-3.4410714285714286	6.2107142857142854	0	2	105	-3.1058285412302502	5.9958718202307253	-1	-12.105828541230251	4.9958718202307253	0.0	-5.5952380952380949	1	-1
1.09122896194458	2	-3.4410714285714286	6.2107142857142854	-3.4410714285714286	6.2107142857142854	0	2	105	-3.1058285412302502	5.9958718202307253	-1	-12.105828541230251	4.9958718202307253	0.0	-5.5952380952380949	1	-1
1.1078028678894043	2	-3.4410714285714286	6.2107142857142854	-3.4410714285714286	6.2107142857142854	0	2	105	-3.1058285412302502	5.9958718202307253	-1	-12.105828541230251	4.9958718202307253	0.0	-5.5952380952380949	1	-1
1.1244988441467285	2	-3.4410714285714286	6.2107142857142854	-3.4410714285714286	6.2107142857142854	0	2	105	-3.1058285412302502	5.9958718202307253	-1	-12.105828541230251	4.9958718202307253	0.0	-5.5952380952380949	1	-1
1.1410038471221924	2	-3.4410714285714286	6.2107142857142854	-3.4410714285714286	6.2107142857142854	0	2	105	-3.1058285412302502	5.9958718202307253	-1	-12.105828541230251	4.9958718202307253	0.0	-5.5952380952380949	1	-1
1.1576178073883057	2	-3.4410714285714286	6.2107142857142854	-3.4410714285714286	6.2107142857142854	0	2	105	-3.1058285412302502	5.9958718202307253	-1	-12.105828541230251	4.9958718202307253	0.0	-5.5952380952380949	1	-1
1.1741888523101807	2	-3.4410714285714286	6.2107142857142854	-3.4410714285714286	6.2107142857142854	0	2	105	-3.1058285412302502	5.9958718202307253	-1	-12.105828541230251	4.9958718202307253	0.0	-5.5952380952380949	1	-1
1.1908838748931885	2	-3.4410714285714286	6.2107142857142854	-3.4410714285714286	6.2107142857142854	0	2	105	-3.1058285412302502	5.9958718202307253	-1	-12.105828541230251	4.9958718202307253	0.0	-5.5952380952380949	1	-1
1.2073109149932861	2	-3.4410714285714286	6.2107142857142854	-3.4410714285714286	6.2107142857142854	0	2	105	-3.1058285412302502	5.9958718202307253	-1	-12.105828541230251	4.9958718202307253	0.0	-5.5952380952380949	1	-1
1.2240028381347656	2	-3.4410714285714286	6.2107142857142854	-3.4410714285714286	6.2107142857142854	0	2	105	-3.1058285412302502	5.9958718202307253	-1	-12.105828541230251	4.9958718202307253	0.0	-5.5952380952380949	1	-1
1.240285873413086	2	-3.4410714285714286	6.2107142857142854	-3.4410714285714286	6.2107142857142854	0	2	105	-3.1058285412302502	5.9958718202307253	-1	-12.105828541230251	4.9958718202307253	0.0	-5.5952380952380949	1	-1
1.256915807723999	2	-3.4410714285714286	6.2107142857142854	-3.4410714285714286	6.2107142857142854	0	2	105	-3.1058285412302502	5.9958718202307253	-1	-12.105828541230251	4.9958718202307253	0.0	-5.5952380952380949	1	-1
1.2734899520874023	2	-3.4410714285714286	6.2107142857142854	-3.4410714285714286	6.2107142857142854	0	2	105	-3.1058285412302502	5.9958718202307253	-1	-12.105828541230251	4.9958718202307253	0.0	-5.5952380952380949	1	-1
1.2900338172912598	2	-3.4410714285714286	6.2107142857142854	-3.4410714285714286	6.2107142857142854	0	2	105	-3.1058285412302502	5.9958718202307253	-1	-12.105828541230251	4.9958718202307253	0.0	-5.5952380952380949	1	-1
1.30666184425354	2	-3.413095238095238	6.2107142857142854	-3.413095238095238	6.2107142857142854	0	2	105	-3.1058285412302502	5.9958718202307253	-1	-12.105828541230251	4.9958718202307253	0.0	-5.5952380952380949	1	-1
1.3232688903808594	2	-3.413095238095238	6.2107142857142854	-3.413095238095238	6.2107142857142854	0	2	105	-3.1058285412302502	5.9958718202307253	-1	-12.105828541230251	4.9958718202307253	0.0	-5.5952380952380949	1	-1
1.3399019241333008	2	-3.413095238095238	6.2107142857142854	-3.413095238095238	6.2107142857142854	0	2	105	-3.1058285412302502	5.9958718202307253	-1	-12.105828541230251	4.9958718202307253	0.0	-5.5952380952380949	1	-1
1.35640287399292	2	-3.413095238095238	6.2107142857142854	-3.413095238095238	6.2107142857142854	0	2	105	-3.1058285412302502	5.9958718202307253	-1	-12.105828541230251	4.9958718202307253	0.0	-5.5952380952380949	1	-1
1.3730180263519287	2	-3.413095238095238	6.2107142857142854	-3.413095238095238	6.2107142857142854	0	2	105	-3.1058285412302502	5.9958718202307253	-1	-12.105828541230251	4.9958718202307253	0.0	-5.5952380952380949	1	-1
1.389650821685791	2	-3.413095238095238	6.2107142857142854	-3.413095238095238	6.2107142857142854	0	2	105	-3.1058285412302502	5.9958718202307253	-1	-12.105828541230251	4.9958718202307253	0.0	-5.5952380952380949	1	-1
1.4065229892730713	2	-3.4410714285714286	6.2107142857142854	-3.4410714285714286	6.2107142857142854	0	2	105	-3.1058285412302502	5.9958718202307253	-1	-12.105828541230251	4.9958718202307253	0.0	-5.5952380952380949	1	-1
1.4230828285217285	2	-3.4410714285714286	6.2107142857142854	-3.4410714285714286	6.2107142857142854	0	2	105	-3.1058285412302502	5.9958718202307253	-1	-12.105828541230251	4.9958718202307253	0.0	-5.5952380952380949	1	-1
1.439713954925537	2	-3.4410714285714286	6.2107142857142854	-3.4410714285714286	6.2107142857142854	0	2	105	-3.1058285412302502	5.9958718202307253	-1	-12.105828541230251	4.9958718202307253	0.0	-5.5952380952380949	1	-1
1.4562759399414062	2	-3.4410714285714286	6.2107142857142854	-3.4410714285714286	6.2107142857142854	0	2	105	-3.1058285412302502	5.9958718202307253	-1	-12.105828541230251	4.9958718202307253	0.0	-5.5952380952380949	1	-1
1.4728457927703857	2	-3.4410714285714286	6.2107142857142854	-3.4410714285714286	6.2107142857142854	0	2	105	-3.1058285412302502	5.9958718202307253	-1	-12.105828541230251	4.9958718202307253	0.0	-5.5952380952380949	1	-1
1.4894599914550781	2	-3.4410714285714286	6.2107142857142854	-3.4410714285714286	6.2107142857142854	0	2	105	-3.1058285412302502	5.9958718202307253	-1	-12.105828541230251	4.9958718202307253	0.0	-5.5952380952380949	1	-1
1.5060479640960693	2	-3.4410714285714286	6.2107142857142854	-3.4410714285714286	6.2107142857142854	0	2	105	-3.1058285412302502	5.9958718202307253	-1	-12.105828541230251	4.9958718202307253	0.0	-5.5952380952380949	1	-1
1.522657871246338	2	-3.4410714285714286	6.2107142857142854	-3.4410714285714286	6.2107142857142854	0	2	105	-3.1058285412302502	5.9958718202307253	-1	-12.105828541230251	4.9958718202307253	0.0	-5.5952380952380949	1	-1
1.539301872253418	2	-3.4410714285714286	6.2107142857142854	-3.4410714285714286	6.2107142857142854	0	2	105	-3.1058285412302502	5.9958718202307253	-1	-12.105828541230251	4.9958718202307253	0.0	-5.5952380952380949	1	-1
1.555555820465088	2	-3.4410714285714286	6.2107142857142854	-3.4410714285714286	6.2107142857142854	0	2	105	-3.1058285412302502	5.9958718202307253	-1	-12.105828541230251	4.9958718202307253	0.0	-5.5952380952380949	1	-1
1.572139024734497	2	-3.4410714285714286	6.2107142857142854	-3.4410714285714286	6.2107142857142854	0	2	105	-3.1058285412302502	5.9958718202307253	-1	-12.105828541230251	4.9958718202307253	0.0	-5.5952380952380949	1	-1
1.5887959003448486	2	-3.4410714285714286	6.2107142857142854	-3.4410714285714286	6.2107142857142854	0	2	105	-3.1058285412302502	5.9958718202307253	-1	-12.105828541230251	4.9958718202307253	0.0	-5.5952380952380949	1	-1
1.605376958847046	2	-3.4410714285714286	6.2107142857142854	-3.4410714285714286	6.2107142857142854	0	3	105	-3.1058285412302502	5.9958718202307253	-1	-12.105828541230251	4.9958718202307253	0.0	-5.5952380952380949	1	-1
1.6219429969787598	2	-3.4410714285714286	6.2107142857142854	-3.4410714285714286	6.2107142857142854	0	4	105	-3.1058285412302502	5.9958718202307253	-1	-12.105828541230251	4.9958718202307253	0.0	-5.5952380952380949	1	-1
1.638597011566162	2	-3.4410714285714286	6.2107142857142854	-3.4410714285714286	6.2107142857142854	0	4	105	-3.1058285412302502	5.9958718202307253	-1	-12.105828541230251	4.9958718202307253	0.0	-5.5952380952380949	1	-1
1.6551649570465088	2	-3.4410714285714286	6.2107142857142854	-3.4410714285714286	6.2107142857142854	0	4	105	-3.1058285412302502	5.9958718202307253	-1	-12.105828541230251	4.9958718202307253	0.0	-5.5952380952380949	1	-1
1.6717309951782227	2	-3.4410714285714286	6.2107142857142854	-3.4410714285714286	6.2107142857142854	0	4	105	-3.1058285412302502	5.9958718202307253	-1	-12.105828541230251	4.9958718202307253	0.0	-5.5952380952380949	1	-1
1.6882739067077637	2	-3.4410714285714286	6.2107142857142854	-3.4410714285714286	6.2107142857142854	0	4	105	-3.1058285412302502	5.9958718202307253	-1	-12.105828541230251	4.9958718202307253	0.0	-5.5952380952380949	1	-1
1.7048888206481934	2	-3.4410714285714286	6.2107142857142854	-3.4410714285714286	6.2107142857142854	0	4	105	-3.1058285412302502	5.9958718202307253	-1	-12.105828541230251	4.9958718202307253	0.0	-5.5952380952380949	1	-1
1.721510887145996	2	-3.4410714285714286	6.2107142857142854	-3.4410714285714286	6.2107142857142854	0	4	105	-3.1058285412302502	5.9958718202307253	-1	-12.105828541230251	4.9958718202307253	0.0	-5.5952380952380949	1	-1
1.7381668090820312	2	-3.4410714285714286	6.2107142857142854	-3.4410714285714286	6.2107142857142854	0	4	105	-3.1058285412302502	5.9958718202307253	-1	-12.105828541230251	4.9958718202307253	0.0	-5.5952380952380949	1	-1
1.7547078132629395	2	-3.4410714285714286	6.2107142857142854	-3.4410714285714286	6.2107142857142854	0	4	105	-3.1058285412302502	5.9958718202307253	-1	-12.105828541230251	4.9958718202307253	0.0	-5.5952380952380949	1	-1
1.7712910175323486	2	-3.4410714285714286	6.2107142857142854	-3.4410714285714286	6.2107142857142854	0	4	105	-3.1058285412302502	5.9958718202307253	-1	-12.105828541230251	4.9958718202307253	0.0	-5.5952380952380949	1	-1
1.7878849506378174	2	-3.4410714285714286	6.2107142857142854	-3.4410714285714286	6.2107142857142854	0	4	105	-3.1058285412302502	5.9958718202307253	-1	-12.105828541230251	4.9958718202307253	0.0	-5.5952380952380949	1	-1
1.8044428825378418	2	-3.4410714285714286	6.2107142857142854	-3.4410714285714286	6.2107142857142854	0	4	105	-3.1058285412302502	5.9958718202307253	-1	-12.105828541230251	4.9958718202307253	0.0	-5.5952380952380949	1	-1
1.8210577964782715	2	-3.4410714285714286	6.2107142857142854	-3.4410714285714286	6.2107142857142854	0	4	105	-3.1058285412302502	5.9958718202307253	-1	-12.105828541230251	4.9958718202307253	0.0	-5.5952380952380949	1	-1
1.8377368450164795	2	-3.4410714285714286	6.2107142857142854	-3.4410714285714286	6.2107142857142854	0	4	105	-3.1058285412302502	5.9958718202307253	-1	-12.105828541230251	4.9958718202307253	0.0	-5.5952380952380949	1	-1
1.854315996170044	2	-3.4690476190476192	6.2107142857142854	-3.4690476190476192	6.2386904761904765	0	4	105	-3.1058285412302502	5.9958718202307253	-1	-12.105828541230251	4.9958718202307253	0.0	-5.5952380952380949	1	-1
1.8708529472351074	2	-3.5249999999999999	6.2107142857142854	-3.5249999999999999	6.2386904761904765	0	4	105	-3.1058285412302502	5.9958718202307253	-1	-12.105828541230251	4.9958718202307253	0.0	-5.5952380952380949	1	-1
1.887436866760254	2	-3.8327380952380952	6.2107142857142854	-3.8327380952380952	6.2386904761904765	0	4	105	-3.1058285412302502	5.9958718202307253	-1	-12.105828541230251	4.9958718202307253	0.0	-5.5952380952380949	1	-1
1.903993844985962	2	-4.0565476190476186	6.2107142857142854	-4.0565476190476186	6.2386904761904765	0	4	105	-3.1058285412302502	5.9958718202307253	-1	-12.105828541230251	4.9958718202307253	0.0	-5.5952380952380949	1	-1
1.9206058979034424	2	-4.7279761904761903	6.2107142857142854	-4.7279761904761903	6.2107142857142854	0	4	105	-3.1058285412302502	5.9958718202307253	-1	-12.105828541230251	4.9958718202307253	0.0	-5.5952380952380949	1	-1
1.9374098777770996	2	-5.5392857142857146	6.2107142857142854	-5.5392857142857146	6.1267857142857141	0	4	105	-3.1058285412302502	5.9958718202307253	-1	-12.105828541230251	4.9958718202307253	0.0	-5.5952380952380949	1	-1
1.9538249969482422	2	-6.0148809523809526	6.2107142857142854	-6.0148809523809526	6.0708333333333337	0	4	105	-3.1058285412302502	5.9958718202307253	-1	-12.105828541230251	4.9958718202307253	0.0	-5.5952380952380949	1	-1
1.9704248905181885	2	-6.9380952380952383	6.2107142857142854	-6.9380952380952383	5.9589285714285714	0	4	105	-3.1058285412302502	5.9958718202307253	-1	-12.105828541230251	4.9958718202307253	0.0	-5.5952380952380949	1	-1
1.9870619773864746	2	-7.833333333333333	6.2107142857142854	-7.833333333333333	5.8470238095238098	0	4	105	-3.1058285412302502	5.9958718202307253	-1	-12.105828541230251	4.9958718202307253	0.0	-5.5952380952380949	1	-1
2.0036098957061768	2	-8.2809523809523817	6.2107142857142854	-8.2809523809523817	5.7630952380952385	0	4	105	-3.1058285412302502	5.9958718202307253	-1	-12.105828541230251	4.9958718202307253	0.0	-5.5952380952380949	1	-1
2.020157814025879	2	-9.2321428571428577	6.2107142857142854	-9.2321428571428577	5.6511904761904761	0	4	105	-3.1058285412302502	5.9958718202307253	-1	-12.105828541230251	4.9958718202307253	0.0	-5.5952380952380949	1	-1
2.0369009971618652	2	-10.267261904761904	6.2107142857142854	-10.267261904761904	5.5113095238095235	0	4	105	-3.1058285412302502	5.9958718202307253	-1	-12.105828541230251	4.9958718202307253	0.0	-5.5952380952380949	1	-1
2.0537188053131104	2	-10.826785714285714	6.2107142857142854	-10.826785714285714	5.4273809523809522	0	4	105	-3.1058285412302502	5.9958718202307253	-1	-12.105828541230251	4.9958718202307253	0.0	-5.5952380952380949	1	-1
2.0702788829803467	2	-11.973809523809523	6.2107142857142854	-11.973809523809523	5.2315476190476193	0	4	105	-3.1058285412302502	5.9958718202307253	-1	-12.105828541230251	4.9958718202307253	0.0	-5.5952380952380949	1	-1
2.086854934692383	2	-13.120833333333334	6.2107142857142854	-13.120833333333334	5.0077380952380954	0	4	105	-3.1058285412302502	5.9958718202307253	-1	-12.105828541230251	4.9958718202307253	0.0	-5.5952380952380949	1	-1
2.1034669876098633	2	-13.652380952380952	4.8958333333333321	-13.652380952380952	4.895833333333333	0	4	105	-3.1058285412302502	5.9958718202307253	-1	-12.105828541230251	4.9958718202307253	0.0	-5.5952380952380949	1	-1
2.1200358867645264	2	-14.547619047619047	4.6720238095238091	-14.547619047619047	4.6720238095238091	0	4	105	-3.1058285412302502	5.9958718202307253	-1	-12.105828541230251	4.9958718202307253	0.0	-5.5952380952380949	1	-1
2.1366169452667236	2	-14.911309523809523	4.5601190476190467	-14.911309523809523	4.5601190476190476	0	4	105	-3.1058285412302502	5.9958718202307253	-1	-12.105828541230251	4.9958718202307253	0.0	-5.5952380952380949	1	-1
2.1532669067382812	2	-15.526785714285714	4.3642857142857139	-15.526785714285714	4.3642857142857139	0	4	105	-3.1058285412302502	5.9958718202307253	-1	-12.105828541230251	4.9958718202307253	0.0	-5.5952380952380949	1	-1
2.169832944869995	2	-16.058333333333334	4.1404761904761909	-16.058333333333334	4.1404761904761909	0	5	105	-3.1058285412302502	5.9958718202307253	-1	-12.105828541230251	4.9958718202307253	0.0	-5.5952380952380949	1	-1
2.1864328384399414	2	-16.53392857142857	3.9166666666666661	-16.533928571428572	3.9166666666666665	0	5	105	-3.1058285412302502	5.9958718202307253	-1	-12.105828541230251	4.9958718202307253	0.0	-5.5952380952380949	1	-1
2.202767848968506	2	-16.729761904761904	3.8047619047619037	-16.729761904761904	3.8047619047619046	0	5	105	-3.1058285412302502	5.9958718202307253	-1	-12.105828541230251	4.9958718202307253	0.0	-5.5952380952380949	1	-1
2.2193429470062256	2	-17.0375	3.5529761904761905	-17.037500000000001	3.5529761904761905	0	5	105	-3.1058285412302502	5.9958718202307253	-1	-12.105828541230251	4.9958718202307253	0.0	-5.5952380952380949	1	-1
2.2359189987182617	2	-17.09345238095238	3.413095238095238	-17.093452380952382	3.413095238095238	0	5	105	-3.1058285412302502	5.9958718202307253	-1	-12.105828541230251	4.9958718202307253	0.0	-5.5952380952380949	1	-1
2.2525668144226074	2	-17.09345238095238	3.1053571428571427	-17.093452380952382	3.1053571428571427	0	5	105	-3.1058285412302502	5.9958718202307253	-1	-12.105828541230251	4.9958718202307253	0.0	-5.5952380952380949	1	-1
2.2691028118133545	2	-16.95357142857143	2.7696428571428573	-16.953571428571429	2.7696428571428573	0	5	105	-3.1058285412302502	5.9958718202307253	-1	-12.105828541230251	4.9958718202307253	0.0	-5.5952380952380949	1	-1
2.2857038974761963	2	-16.813690476190477	2.5738095238095244	-16.813690476190477	2.573809523809524	0	5	105	-3.1058285412302502	5.9958718202307253	-1	-12.105828541230251	4.9958718202307253	0.0	-5.5952380952380949	1	-1
2.3023228645324707	2	-16.45	2.1541666666666668	-16.449999999999999	2.1541666666666668	0	5	105	-3.1058285412302502	5.9958718202307253	-1	-12.105828541230251	4.9958718202307253	0.0	-5.5952380952380949	1	-1
2.3189430236816406	2	-15.974404761904761	1.7345238095238091	-15.974404761904761	1.7345238095238096	0	5	105	-3.1058285412302502	5.9958718202307253	-1	-12.105828541230251	4.9958718202307253	0.0	-5.5952380952380949	1	-1
2.3354978561401367	2	-15.694642857142858	1.5107142857142861	-15.694642857142858	1.5107142857142857	0	5	105	-3.1058285412302502	5.9958718202307253	-1	-12.105828541230251	4.9958718202307253	0.0	-5.5952380952380949	1	-1
2.3521549701690674	2	-15.051190476190476	1.0910714285714285	-15.051190476190476	1.0910714285714285	0	5	105	-3.1058285412302502	5.9958718202307253	-1	-12.105828541230251	4.9958718202307253	0.0	-5.5952380952380949	1	-1
2.368649959564209	2	-14.351785714285715	0.67142857142857171	-14.351785714285715	0.67142857142857137	0	5	105	-3.1058285412302502	5.9958718202307253	-1	-12.105828541230251	4.9958718202307253	0.0	-5.5952380952380949	1	-1
2.3852908611297607	2	-13.960119047619047	0.47559523809523796	-13.960119047619047	0.47559523809523807	0	5	105	-3.1058285412302502	5.9958718202307253	-1	-12.105828541230251	4.9958718202307253	0.0	-5.5952380952380949	1	-1
2.401859998703003	2	-13.148809523809524	0.055952380952381198	-13.148809523809524	0.055952380952380955	0	5	105	-3.1058285412302502	5.9958718202307253	-1	-12.105828541230251	4.9958718202307253	0.0	-5.5952380952380949	1	-1
2.4184629917144775	2	-12.281547619047618	-0.33571428571428541	-12.281547619047618	-0.33571428571428569	0	5	105	-3.1058285412302502	5.9958718202307253	-1	-12.105828541230251	4.9958718202307253	0.0	-5.5952380952380949	1	-1
2.4350600242614746	2	-11.833928571428572	-0.53154761904761916	-11.833928571428572	-0.53154761904761905	0	5	105	-3.1058285412302502	5.9958718202307253	-1	-12.105828541230251	4.9958718202307253	0.0	-5.5952380952380949	1	-1
2.4517438411712646	2	-10.994642857142857	-0.92321428571428577	-10.994642857142857	-0.92321428571428577	0	5	105	-3.1058285412302502	5.9958718202307253	-1	-12.105828541230251	4.9958718202307253	0.0	-5.5952380952380949	1	-1
2.46823787689209	2	-10.155357142857143	-1.3428571428571425	-10.155357142857143	-1.3428571428571427	0	5	105	-3.1058285412302502	5.9958718202307253	-1	-12.105828541230251	4.9958718202307253	0.0	-5.5952380952380949	1	-1
2.4847970008850098	2	-9.763690476190476	-1.5386904761904763	-9.7636904761904759	-1.5386904761904763	0	5	105	-3.1058285412302502	5.9958718202307253	-1	-12.105828541230251	4.9958718202307253	0.0	-5.5952380952380949	1	-1
2.501420021057129	2	-9.008333333333333	-1.9863095238095241	-9.0083333333333329	-1.9863095238095239	0	5	105	-3.1058285412302502	5.9958718202307253	-1	-12.105828541230251	4.9958718202307253	0.0	-5.5952380952380949	1	-1
2.51806902885437	2	-8.308928571428572	-2.4059523809523808	-8.3089285714285719	-2.4059523809523808	0	5	105	-3.1058285412302502	5.9958718202307253	-1	-12.105828541230251	4.9958718202307253	0.0	-5.5952380952380949	1	-1
2.534637928009033	2	-7.973214285714286	-2.6297619047619047	-7.9732142857142856	-2.6297619047619047	0	5	105	-3.1058285412302502	5.9958718202307253	-1	-12.105828541230251	4.9958718202307253	0.0	-5.5952380952380949	1	-1
2.551280975341797	2	-7.357738095238095	-3.049404761904762	-7.3577380952380951	-3.049404761904762	0	5	105	-3.1058285412302502	5.9958718202307253	-1	-12.105828541230251	4.9958718202307253	0.0	-5.5952380952380949	1	-1
2.567828893661499	2	-6.770238095238096	-3.4970238095238093	-6.7702380952380956	-3.4970238095238093	0	5	105	-3.1058285412302502	5.9958718202307253	-1	-12.105828541230251	4.9958718202307253	0.0	-5.5952380952380949	1	-1
2.5844428539276123	2	-6.518452380952381	-3.6928571428571431	-6.5184523809523807	-3.6928571428571431	0	5	105	-3.1058285412302502	5.9958718202307253	-1	-12.105828541230251	4.9958718202307253	0.0	-5.5952380952380949	1	-1
2.601019859313965	2	-6.042857142857143	-4.1124999999999998	-6.0428571428571427	-4.1124999999999998	0	5	105	-3.1058285412302502	5.9958718202307253	-1	-12.105828541230251	4.9958718202307253	0.0	-5.5952380952380949	1	-1
2.617576837539673	2	-5.819047619047619	-4.3363095238095237	-5.8190476190476188	-4.3363095238095237	0	5	105	-3.1058285412302502	5.9958718202307253	-1	-12.105828541230251	4.9958718202307253	0.0	-5.5952380952380949	1	-1
2.6341938972473145	2	-5.427380952380952	-4.7279761904761903	-5.4273809523809522	-4.7279761904761903	0	5	105	-3.1058285412302502	5.9958718202307253	-1	-12.105828541230251	4.9958718202307253	0.0	-5.5952380952380949	1	-1
2.65087890625	2	-5.091666666666667	-5.0636904761904766	-5.0916666666666668	-5.0636904761904766	0	5	105	-3.1058285412302502	5.9958718202307253	-1	-12.105828541230251	4.9958718202307253	0.0	-5.5952380952380949	1	-1
2.667404890060425	2	-4.755952380952381	-5.371428571428571	-4.7559523809523814	-5.371428571428571	0	5	105	-3.1058285412302502	5.9958718202307253	-1	-12.105828541230251	4.9958718202307253	0.0	-5.5952380952380949	1	-1
2.6838150024414062	2	-4.616071428571429	-5.5113095238095235	-4.6160714285714288	-5.5113095238095235	0	5	105	-3.1058285412302502	5.9958718202307253	-1	-12.105828541230251	4.9958718202307253	0.0	-5.5952380952380949	1	-1
2.7006049156188965	2	-4.364285714285714	-5.7630952380952385	-4.3642857142857139	-5.7630952380952385	0	5	105	-3.1058285412302502	5.9958718202307253	-1	-12.105828541230251	4.9958718202307253	0.0	-5.5952380952380949	1	-1
2.717305898666382	2	-4.252380952380952	-5.875	-4.2523809523809524	-5.875	0	5	105	-3.1058285412302502	5.9958718202307253	-1	-12.105828541230251	4.9958718202307253	0.0	-5.5952380952380949	1	-1
2.7338428497314453	2	-4.0285714285714285	-6.0708333333333337	-4.0285714285714285	-6.0708333333333337	0	5	105	-3.1058285412302502	5.9958718202307253	-1	-12.105828541230251	4.9958718202307253	0.0	-5.5952380952380949	1	-1
2.750501871109009	2	-3.8607142857142858	-6.2666666666666666	-3.8607142857142858	-6.2666666666666666	0	5	105	-3.1058285412302502	5.9958718202307253	-1	-12.105828541230251	4.9958718202307253	0.0	-5.5952380952380949	1	-1
2.7670769691467285	2	-3.692857142857143	-6.4345238095238093	-3.6928571428571431	-6.4345238095238093	0	5	105	-3.1058285412302502	5.9958718202307253	-1	-12.105828541230251	4.9958718202307253	0.0	-5.5952380952380949	1	-1
2.783689022064209	2	-3.6089285714285713	-6.5184523809523807	-3.6089285714285713	-6.5184523809523807	0	5	105	-3.1058285412302502	5.9958718202307253	-1	-12.105828541230251	4.9958718202307253	0.0	-5.5952380952380949	1	-1
2.8002138137817383	2	-3.469047619047619	-6.6583333333333332	-3.4690476190476192	-6.6583333333333332	0	5	105	-3.1058285412302502	5.9958718202307253	-1	-12.105828541230251	4.9958718202307253	0.0	-5.5952380952380949	1	-1
2.816805839538574	2	-3.385119047619048	-6.7422619047619046	-3.3851190476190478	-6.7422619047619046	0	5	105	-3.1058285412302502	5.9958718202307253	-1	-12.105828541230251	4.9958718202307253	0.0	-5.5952380952380949	1	-1
2.833432912826538	2	-3.273214285714286	-6.8821428571428571	-3.2732142857142859	-6.8821428571428571	0	5	105	-3.1058285412302502	5.9958718202307253	-1	-12.105828541230251	4.9958718202307253	0.0	-5.5952380952380949	1	-1
2.849975824356079	2	-3.1333333333333333	-7.0220238095238097	-3.1333333333333333	-7.0220238095238097	0	5	105	-3.1058285412302502	5.9958718202307253	-1	-12.105828541230251	4.9958718202307253	0.0	-5.5952380952380949	1	-1
2.866637945175171	2	-2.9934523809523808	-7.1619047619047622	-2.9934523809523808	-7.1619047619047622	0	5	105	-3.1058285412302502	5.9958718202307253	-1	-12.105828541230251	4.9958718202307253	0.0	-5.5952380952380949	1	-1
2.8832309246063232	2	-2.9375	-7.2178571428571425	-2.9375	-7.2178571428571425	0	5	105	-3.1058285412302502	5.9958718202307253	-1	-12.105828541230251	4.9958718202307253	0.0	-5.5952380952380949	1	-1
2.8997979164123535	2	-2.7696428571428573	-7.3577380952380951	-2.7696428571428573	-7.3577380952380951	0	5	105	-3.1058285412302502	5.9958718202307253	-1	-12.105828541230251	4.9958718202307253	0.0	-5.5952380952380949	1	-1
2.9163668155670166	2	-2.6857142857142855	-7.4416666666666664	-2.6857142857142855	-7.4416666666666664	0	5	105	-3.1058285412302502	5.9958718202307253	-1	-12.105828541230251	4.9958718202307253	0.0	-5.5952380952380949	1	-1
2.93304181098938	2	-2.517857142857143	-7.581547619047619	-2.5178571428571428	-7.581547619047619	0	5	105	-3.1058285412302502	5.9958718202307253	-1	-12.105828541230251	4.9958718202307253	0.0	-5.5952380952380949	1	-1
2.9496278762817383	2	-2.3220238095238095	-7.7494047619047617	-2.3220238095238095	-7.7494047619047617	0	5	105	-3.1058285412302502	5.9958718202307253	-1	-12.105828541230251	4.9958718202307253	0.0	-5.5952380952380949	1	-1
2.966269016265869	2	-2.238095238095238	-7.833333333333333	-2.2380952380952381	-7.833333333333333	0	5	105	-3.1058285412302502	5.9958718202307253	-1	-12.105828541230251	4.9958718202307253	0.0	-5.5952380952380949	1	-1
2.9828598499298096	2	-2.0142857142857142	-7.9732142857142856	-2.0142857142857142	-7.9732142857142856	0	5	105	-3.1058285412302502	5.9958718202307253	-1	-12.105828541230251	4.9958718202307253	0.0	-5.5952380952380949	1	-1
2.99931001663208	2	-1.818452380952381	-8.1130952380952372	-1.8184523809523809	-8.1130952380952372	0	5	105	-3.1058285412302502	5.9958718202307253	-1	-12.105828541230251	4.9958718202307253	0.0	-5.5952380952380949	1	-1
3.0156478881835938	2	-1.706547619047619	-8.1970238095238095	-1.706547619047619	-8.1970238095238095	0	5	105	-3.1058285412302502	5.9958718202307253	-1	-12.105828541230251	4.9958718202307253	0.0	-5.5952380952380949	1	-1
3.032270908355713	2	-1.4827380952380953	-8.336904761904762	-1.4827380952380953	-8.336904761904762	0	5	105	-3.1058285412302502	5.9958718202307253	-1	-12.105828541230251	4.9958718202307253	0.0	-5.5952380952380949	1	-1
3.0489118099212646	2	-1.230952380952381	-8.4767857142857146	-1.230952380952381	-8.4767857142857146	0	5	105	-3.1058285412302502	5.9958718202307253	-1	-12.105828541230251	4.9958718202307253	0.0	-5.5952380952380949	1	-1
3.065621852874756	2	-1.119047619047619	-8.5327380952380949	-1.1190476190476191	-8.5327380952380949	0	5	105	-3.1058285412302502	5.9958718202307253	-1	-12.105828541230251	4.9958718202307253	0.0	-5.5952380952380949	1	-1
3.0821919441223145	2	-0.8672619047619048	-8.6446428571428573	-0.86726190476190479	-8.6446428571428573	0	5	105	-3.1058285412302502	5.9958718202307253	-1	-12.105828541230251	4.9958718202307253	0.0	-5.5952380952380949	1	-1
3.098809003829956	2	-0.643452380952381	-8.7285714285714278	-0.643452380952381	-8.7285714285714278	0	5	105	-3.1058285412302502	5.9958718202307253	-1	-12.105828541230251	4.9958718202307253	0.0	-5.5952380952380949	1	-1
3.1153910160064697	2	-0.5595238095238095	-8.7845238095238098	-0.55952380952380953	-8.7845238095238098	0	5	105	-3.1058285412302502	5.9958718202307253	-1	-12.105828541230251	4.9958718202307253	0.0	-5.5952380952380949	1	-1
3.131955862045288	2	-0.3636904761904762	-8.8404761904761902	-0.36369047619047618	-8.8404761904761902	0	5	105	-3.1058285412302502	5.9958718202307253	-1	-12.105828541230251	4.9958718202307253	0.0	-5.5952380952380949	1	-1
3.1485018730163574	2	-0.22380952380952382	-8.8964285714285722	-0.22380952380952382	-8.8964285714285722	0	5	105	-3.1058285412302502	5.9958718202307253	-1	-12.105828541230251	4.9958718202307253	0.0	-5.5952380952380949	1	-1
3.1652028560638428	2	-0.16785714285714284	-8.8964285714285722	-0.16785714285714284	-8.8964285714285722	0	5	105	-3.1058285412302502	5.9958718202307253	-1	-12.105828541230251	4.9958718202307253	0.0	-5.5952380952380949	1	-1
3.1817729473114014	2	-0.08392857142857142	-8.9244047619047624	-0.083928571428571422	-8.9244047619047624	0	5	105	-3.1058285412302502	5.9958718202307253	-1	-12.105828541230251	4.9958718202307253	0.0	-5.5952380952380949	1	-1
3.1983489990234375	2	-0.08392857142857142	-8.9244047619047624	-0.083928571428571422	-8.9244047619047624	0	5	105	-3.1058285412302502	5.9958718202307253	-1	-12.105828541230251	4.9958718202307253	0.0	-5.5952380952380949	1	-1
3.214932918548584	2	-0.08392857142857142	-8.9244047619047624	-0.083928571428571422	-8.9244047619047624	0	5	105	-3.1058285412302502	5.9958718202307253	-1	-12.105828541230251	4.9958718202307253	0.0	-5.5952380952380949	1	-1
3.2315378189086914	2	-0.08392857142857142	-8.9244047619047624	-0.083928571428571422	-8.9244047619047624	0	5	105	-3.1058285412302502	5.9958718202307253	-1	-12.105828541230251	4.9958718202307253	0.0	-5.5952380952380949	1	-1
3.248114824295044	2	-0.08392857142857142	-8.8684523809523803	-0.083928571428571422	-8.8684523809523803	0	5	105	-3.1058285412302502	5.9958718202307253	-1	-12.105828541230251	4.9958718202307253	0.0	-5.5952380952380949	1	-1
3.2647290229797363	2	-0.11190476190476191	-8.7845238095238098	-0.11190476190476191	-8.7845238095238098	0	5	105	-3.1058285412302502	5.9958718202307253	-1	-12.105828541230251	4.9958718202307253	0.0	-5.5952380952380949	1	-1
3.2813010215759277	2	-0.16785714285714284	-8.588690476190477	-0.16785714285714284	-8.588690476190477	0	5	105	-3.1058285412302502	5.9958718202307253	-1	-12.105828541230251	4.9958718202307253	0.0	-5.5952380952380949	1	-1
3.2978827953338623	2	-0.19583333333333333	-8.4767857142857146	-0.19583333333333333	-8.4767857142857146	0	5	105	-3.1058285412302502	5.9958718202307253	-1	-12.105828541230251	4.9958718202307253	0.0	-5.5952380952380949	1	-1
3.314548969268799	2	-0.2517857142857143	-8.2809523809523817	-0.25178571428571428	-8.2809523809523817	0	5	105	-3.1058285412302502	5.9958718202307253	-1	-12.105828541230251	4.9958718202307253	0.0	-5.5952380952380949	1	-1
3.3311548233032227	2	-0.30773809523809526	-8.0851190476190471	-0.30773809523809526	-8.0851190476190471	0	5	105	-3.1058285412302502	5.9958718202307253	-1	-12.105828541230251	4.9958718202307253	0.0	-5.5952380952380949	1	-1
3.347996950149536	2	-0.3357142857142857	-7.9732142857142856	-0.33571428571428569	-7.9732142857142856	0	5	105	-3.1058285412302502	5.9958718202307253	-1	-12.105828541230251	4.9958718202307253	0.0	-5.5952380952380949	1	-1
3.3646388053894043	2	-0.41964285714285715	-7.7773809523809527	-0.41964285714285715	-7.7773809523809527	0	5	105	-3.1058285412302502	5.9958718202307253	-1	-12.105828541230251	4.9958718202307253	0.0	-5.5952380952380949	1	-1
3.381251811981201	2	-0.44761904761904764	-7.581547619047619	-0.44761904761904764	-7.581547619047619	0	5	105	-3.1058285412302502	5.9958718202307253	-1	-12.105828541230251	4.9958718202307253	0.0	-5.5952380952380949	1	-1
3.3977959156036377	2	-0.47559523809523807	-7.4976190476190476	-0.47559523809523807	-7.4976190476190476	0	5	105	-3.1058285412302502	5.9958718202307253	-1	-12.105828541230251	4.9958718202307253	0.0	-5.5952380952380949	1	-1
3.414393901824951	2	-0.5035714285714286	-7.3017857142857139	-0.50357142857142856	-7.3017857142857139	0	5	105	-3.1058285412302502	5.9958718202307253	-1	-12.105828541230251	4.9958718202307253	0.0	-5.5952380952380949	1	-1
3.4309799671173096	2	-0.47559523809523807	-7.105952380952381	-0.47559523809523807	-7.105952380952381	0	5	105	-3.1058285412302502	5.9958718202307253	-1	-12.105828541230251	4.9958718202307253	0.0	-5.5952380952380949	1	-1
3.447598934173584	2	-0.47559523809523807	-7.0220238095238097	-0.47559523809523807	-7.0220238095238097	0	5	105	-3.1058285412302502	5.9958718202307253	-1	-12.105828541230251	4.9958718202307253	0.0	-5.5952380952380949	1	-1
3.464310884475708	2	-0.47559523809523807	-6.854166666666667	-0.47559523809523807	-6.854166666666667	0	5	105	-3.1058285412302502	5.9958718202307253	-1	-12.105828541230251	4.9958718202307253	0.0	-5.5952380952380949	1	-1
3.4807419776916504	2	-0.47559523809523807	-6.6863095238095234	-0.47559523809523807	-6.6863095238095234	0	5	105	-3.1058285412302502	5.9958718202307253	-1	-12.105828541230251	4.9958718202307253	0.0	-5.5952380952380949	1	-1
3.497380018234253	2	-0.47559523809523807	-6.6303571428571431	-0.47559523809523807	-6.6303571428571431	0	5	105	-3.1058285412302502	5.9958718202307253	-1	-12.105828541230251	4.9958718202307253	0.0	-5.5952380952380949	1	-1
3.5137128829956055	2	-0.44761904761904764	-6.4904761904761905	-0.44761904761904764	-6.4904761904761905	0	5	105	-3.1058285412302502	5.9958718202307253	-1	-12.105828541230251	4.9958718202307253	0.0	-5.5952380952380949	1	-1
3.530261993408203	2	-0.3636904761904762	-6.350595238095238	-0.36369047619047618	-6.350595238095238	0	5	105	-3.1058285412302502	5.9958718202307253	-1	-12.105828541230251	4.9958718202307253	0.0	-5.5952380952380949	1	-1
3.5468688011169434	2	-0.3357142857142857	-6.2946428571428568	-0.33571428571428569	-6.2946428571428568	0	5	105	-3.1058285412302502	5.9958718202307253	-1	-12.105828541230251	4.9958718202307253	0.0	-5.5952380952380949	1	-1
3.563570976257324	2	-0.30773809523809526	-6.1827380952380953	-0.30773809523809526	-6.1827380952380953	0	5	105	-3.1058285412302502	5.9958718202307253	-1	-12.105828541230251	4.9958718202307253	0.0	-5.5952380952380949	1	-1
3.580122947692871	2	-0.27976190476190477	-6.0988095238095239	-0.27976190476190477	-6.0988095238095239	0	5	105	-3.1058285412302502	5.9958718202307253	-1	-12.105828541230251	4.9958718202307253	0.0	-5.5952380952380949	1	-1
3.5966029167175293	2	-0.27976190476190477	-6.0708333333333337	-0.27976190476190477	-6.0708333333333337	0	5	105	-3.1058285412302502	5.9958718202307253	-1	-12.105828541230251	4.9958718202307253	0.0	-5.5952380952380949	1	-1
