time	trial	cursorx	cursory	hand_x	hand_Y	rotation	step	targetangle	targetposx	targetposy	garagelocation	garageposx	garageposy	homex	homey	group	trial_type
9.5367431640625e-07	2	-0.4463456461782762	-5.3052361940607922	-0.53154761904761905	-5.5672619047619047	30	5	75	3.1058285412302489	5.9958718202307253	1	12.105828541230249	4.9958718202307253	0.0	-5.5952380952380949	1	1
0.027101993560791016	2	-0.3494332795643033	-5.3611885750131734	-0.41964285714285715	-5.5672619047619047	30	1	75	3.1058285412302489	5.9958718202307253	1	12.105828541230249	4.9958718202307253	0.0	-5.5952380952380949	1	1
0.04364490509033203	2	-0.2525209129503304	-5.4171409559655546	-0.30773809523809526	-5.5672619047619047	30	1	75	3.1058285412302489	5.9958718202307253	1	12.105828541230249	4.9958718202307253	0.0	-5.5952380952380949	1	1
0.06026411056518555	2	-0.17983663798985075	-5.4591052416798398	-0.22380952380952382	-5.5672619047619047	30	1	75	3.1058285412302489	5.9958718202307253	1	12.105828541230249	4.9958718202307253	0.0	-5.5952380952380949	1	1
0.07691192626953125	2	-0.1556085463363575	-5.4730933369179349	-0.19583333333333333	-5.5672619047619047	30	1	75	3.1058285412302489	5.9958718202307253	1	12.105828541230249	4.9958718202307253	0.0	-5.5952380952380949	1	1
0.09347295761108398	2	-0.10715236302937105	-5.5010695273941259	-0.13988095238095238	-5.5672619047619047	30	1	75	3.1058285412302489	5.9958718202307253	1	12.105828541230249	4.9958718202307253	0.0	-5.5952380952380949	1	1
0.10965991020202637	2	-0.08292427137587784	-5.515057622632221	-0.11190476190476191	-5.5672619047619047	30	1	75	3.1058285412302489	5.9958718202307253	1	12.105828541230249	4.9958718202307253	0.0	-5.5952380952380949	1	1
0.12647294998168945	2	-0.0586961797223846	-5.5290457178703161	-0.083928571428571422	-5.5672619047619047	30	1	75	3.1058285412302489	5.9958718202307253	1	12.105828541230249	4.9958718202307253	0.0	-5.5952380952380949	1	1
0.1430521011352539	2	-0.0586961797223846	-5.5290457178703161	-0.083928571428571422	-5.5672619047619047	30	1	75	3.1058285412302489	5.9958718202307253	1	12.105828541230249	4.9958718202307253	0.0	-5.5952380952380949	1	1
0.15966105461120605	2	-0.0586961797223846	-5.5290457178703161	-0.083928571428571422	-5.5672619047619047	30	1	75	3.1058285412302489	5.9958718202307253	1	12.105828541230249	4.9958718202307253	0.0	-5.5952380952380949	1	1
0.17622995376586914	2	-0.0586961797223846	-5.5290457178703161	-0.083928571428571422	-5.5672619047619047	30	1	75	3.1058285412302489	5.9958718202307253	1	12.105828541230249	4.9958718202307253	0.0	-5.5952380952380949	1	1
0.19253301620483398	2	-0.0586961797223846	-5.5290457178703161	-0.083928571428571422	-5.5672619047619047	30	1	75	3.1058285412302489	5.9958718202307253	1	12.105828541230249	4.9958718202307253	0.0	-5.5952380952380949	1	1
0.20919203758239746	2	-0.0586961797223846	-5.5290457178703161	-0.083928571428571422	-5.5672619047619047	30	1	75	3.1058285412302489	5.9958718202307253	1	12.105828541230249	4.9958718202307253	0.0	-5.5952380952380949	1	1
0.22590303421020508	2	-0.0586961797223846	-5.5290457178703161	-0.083928571428571422	-5.5672619047619047	30	1	75	3.1058285412302489	5.9958718202307253	1	12.105828541230249	4.9958718202307253	0.0	-5.5952380952380949	1	1
0.24245500564575195	2	-0.0586961797223846	-5.5290457178703161	-0.083928571428571422	-5.5672619047619047	30	1	75	3.1058285412302489	5.9958718202307253	1	12.105828541230249	4.9958718202307253	0.0	-5.5952380952380949	1	1
0.2591269016265869	2	-0.0586961797223846	-5.5290457178703161	-0.083928571428571422	-5.5672619047619047	30	1	75	3.1058285412302489	5.9958718202307253	1	12.105828541230249	4.9958718202307253	0.0	-5.5952380952380949	1	1
0.27574992179870605	2	-0.0586961797223846	-5.5290457178703161	-0.083928571428571422	-5.5672619047619047	30	1	75	3.1058285412302489	5.9958718202307253	1	12.105828541230249	4.9958718202307253	0.0	-5.5952380952380949	1	1
0.2923130989074707	2	-0.04470808448428952	-5.5048176262168234	-0.083928571428571422	-5.5392857142857146	30	1	75	3.1058285412302489	5.9958718202307253	1	12.105828541230249	4.9958718202307253	0.0	-5.5952380952380949	1	1
0.30890703201293945	2	-0.054948080899687245	-5.4666014393252347	-0.11190476190476191	-5.5113095238095235	30	1	75	3.1058285412302489	5.9958718202307253	1	12.105828541230249	4.9958718202307253	0.0	-5.5952380952380949	1	1
0.3255729675292969	2	-0.03721188683889479	-5.3799290691266597	-0.13988095238095238	-5.4273809523809522	30	1	75	3.1058285412302489	5.9958718202307253	1	12.105828541230249	4.9958718202307253	0.0	-5.5952380952380949	1	1
0.3423590660095215	2	0.022488592936183327	-5.2205724239676048	-0.16785714285714284	-5.2595238095238095	30	1	75	3.1058285412302489	5.9958718202307253	1	12.105828541230249	4.9958718202307253	0.0	-5.5952380952380949	1	1
0.3589820861816406	2	0.064452878650469	-5.1478881490071258	-0.16785714285714284	-5.1755952380952381	30	1	75	3.1058285412302489	5.9958718202307253	1	12.105828541230249	4.9958718202307253	0.0	-5.5952380952380949	1	1
0.37557411193847656	2	0.17635764055523093	-4.9540634157791796	-0.16785714285714284	-4.9517857142857142	30	1	75	3.1058285412302489	5.9958718202307253	1	12.105828541230249	4.9958718202307253	0.0	-5.5952380952380949	1	1
0.39212489128112793	2	0.3404666845896767	-4.7257705944823423	-0.13988095238095238	-4.6720238095238091	30	1	75	3.1058285412302489	5.9958718202307253	1	12.105828541230249	4.9958718202307253	0.0	-5.5952380952380949	1	1
0.4087820053100586	2	0.4104071607801525	-4.6046301362148769	-0.13988095238095238	-4.5321428571428575	30	1	75	3.1058285412302489	5.9958718202307253	1	12.105828541230249	4.9958718202307253	0.0	-5.5952380952380949	1	1
0.4253959655761719	2	0.6509485785977753	-4.3558573220872434	-0.055952380952380955	-4.1964285714285712	30	1	75	3.1058285412302489	5.9958718202307253	1	12.105828541230249	4.9958718202307253	0.0	-5.5952380952380949	1	1
0.4418160915374756	2	0.7591052416798398	-4.2244768674043787	-0.027976190476190477	-4.0285714285714285	30	1	75	3.1058285412302489	5.9958718202307253	1	12.105828541230249	4.9958718202307253	0.0	-5.5952380952380949	1	1
0.4585249423980713	2	1.0760790332806394	-3.9552240604459503	0.11190476190476191	-3.6369047619047619	30	1	75	3.1058285412302489	5.9958718202307253	1	12.105828541230249	4.9958718202307253	0.0	-5.5952380952380949	1	1
0.4751698970794678	2	1.4172809165349318	-3.6999593487256162	0.27976190476190477	-3.2452380952380953	30	1	75	3.1058285412302489	5.9958718202307253	1	12.105828541230249	4.9958718202307253	0.0	-5.5952380952380949	1	1
0.49172306060791016	2	1.7724708950273198	-3.4204665453517897	0.44761904761904764	-2.825595238095238	30	1	75	3.1058285412302489	5.9958718202307253	1	12.105828541230249	4.9958718202307253	0.0	-5.5952380952380949	1	1
0.5083279609680176	2	1.9672999283079593	-3.306822284729718	0.55952380952380953	-2.6297619047619047	30	2	75	3.1058285412302489	5.9958718202307253	1	12.105828541230249	4.9958718202307253	0.0	-5.5952380952380949	1	1
0.5249600410461426	2	2.3467179984538404	-3.0413175765939862	0.75535714285714284	-2.2101190476190475	30	2	75	3.1058285412302489	5.9958718202307253	1	12.105828541230249	4.9958718202307253	0.0	-5.5952380952380949	1	1
0.5413730144500732	2	2.5173189400809868	-2.9136852207338193	0.8392857142857143	-2.0142857142857142	30	2	75	3.1058285412302489	5.9958718202307253	1	12.105828541230249	4.9958718202307253	0.0	-5.5952380952380949	1	1
0.5580160617828369	2	2.8342927316817863	-2.6444324137753901	0.97916666666666663	-1.6226190476190476	30	2	75	3.1058285412302489	5.9958718202307253	1	12.105828541230249	4.9958718202307253	0.0	-5.5952380952380949	1	1
0.5746700763702393	2	3.0748341494994085	-2.3956595996477574	1.0630952380952381	-1.286904761904762	30	2	75	3.1058285412302489	5.9958718202307253	1	12.105828541230249	4.9958718202307253	0.0	-5.5952380952380949	1	1
0.5912809371948242	2	3.2072189042349666	-2.2782672402029882	1.1190476190476191	-1.1190476190476191	30	2	75	3.1058285412302489	5.9958718202307253	1	12.105828541230249	4.9958718202307253	0.0	-5.5952380952380949	1	1
0.6079239845275879	2	3.437520325637191	-1.9912782391837669	1.175	-0.75535714285714284	30	2	75	3.1058285412302489	5.9958718202307253	1	12.105828541230249	4.9958718202307253	0.0	-5.5952380952380949	1	1
0.6245229244232178	2	3.6296055601478274	-1.7145292345799432	1.2029761904761904	-0.41964285714285715	30	2	75	3.1058285412302489	5.9958718202307253	1	12.105828541230249	4.9958718202307253	0.0	-5.5952380952380949	1	1
0.6410849094390869	2	3.737762223229892	-1.5831487798970798	1.230952380952381	-0.25178571428571428	30	2	75	3.1058285412302489	5.9958718202307253	1	12.105828541230249	4.9958718202307253	0.0	-5.5952380952380949	1	1
0.6576650142669678	2	3.9680636446321165	-1.2961597788778585	1.286904761904762	0.11190476190476191	30	2	75	3.1058285412302489	5.9958718202307253	1	12.105828541230249	4.9958718202307253	0.0	-5.5952380952380949	1	1
0.67399001121521	2	4.177885073203545	-0.93273840407545894	1.286904761904762	0.53154761904761905	30	2	75	3.1058285412302489	5.9958718202307253	1	12.105828541230249	4.9958718202307253	0.0	-5.5952380952380949	1	1
0.6906030178070068	2	4.275801739870212	-0.76314176250100729	1.286904761904762	0.72738095238095235	30	2	75	3.1058285412302489	5.9958718202307253	1	12.105828541230249	4.9958718202307253	0.0	-5.5952380952380949	1	1
0.7071540355682373	2	4.447406981550051	-0.40996038411400715	1.2589285714285714	1.1190476190476191	30	2	75	3.1058285412302489	5.9958718202307253	1	12.105828541230249	4.9958718202307253	0.0	-5.5952380952380949	1	1
0.7238109111785889	2	4.521095556563225	-0.22637564730145865	1.230952380952381	1.3148809523809524	30	2	75	3.1058285412302489	5.9958718202307253	1	12.105828541230249	4.9958718202307253	0.0	-5.5952380952380949	1	1
0.7404050827026367	2	4.692700798243065	0.1268057310855415	1.2029761904761904	1.706547619047619	30	2	75	3.1058285412302489	5.9958718202307253	1	12.105828541230249	4.9958718202307253	0.0	-5.5952380952380949	1	1
0.7569599151611328	2	4.826089853031317	0.46974711305714401	1.1470238095238094	2.0702380952380954	30	2	75	3.1058285412302489	5.9958718202307253	1	12.105828541230249	4.9958718202307253	0.0	-5.5952380952380949	1	1
0.7735369205474854	2	4.886794632859089	0.85465278074303264	1.0071428571428571	2.4339285714285714	30	2	75	3.1058285412302489	5.9958718202307253	1	12.105828541230249	4.9958718202307253	0.0	-5.5952380952380949	1	1
0.7901380062103271	2	4.908278925742579	1.003769429486689	0.95119047619047614	2.573809523809524	30	2	75	3.1058285412302489	5.9958718202307253	1	12.105828541230249	4.9958718202307253	0.0	-5.5952380952380949	1	1
0.806751012802124	2	4.86832324013368	1.3821831995798766	0.72738095238095235	2.8815476190476192	30	2	75	3.1058285412302489	5.9958718202307253	1	12.105828541230249	4.9958718202307253	0.0	-5.5952380952380949	1	1
0.823728084564209	2	4.865579441363677	1.5452879435616289	0.643452380952381	3.0214285714285714	30	2	75	3.1058285412302489	5.9958718202307253	1	12.105828541230249	4.9958718202307253	0.0	-5.5952380952380949	1	1
0.8402209281921387	2	4.797647565278588	1.8752455303478284	0.41964285714285715	3.2732142857142859	30	2	75	3.1058285412302489	5.9958718202307253	1	12.105828541230249	4.9958718202307253	0.0	-5.5952380952380949	1	1
0.8568229675292969	2	4.767931876085088	2.2154431135494281	0.22380952380952382	3.5529761904761905	30	2	75	3.1058285412302489	5.9958718202307253	1	12.105828541230249	4.9958718202307253	0.0	-5.5952380952380949	1	1
0.8734281063079834	2	4.699999999999998	2.5454007003356285	0.0	3.8047619047619046	30	2	75	3.1058285412302489	5.9958718202307253	1	12.105828541230249	4.9958718202307253	0.0	-5.5952380952380949	1	1
0.8898730278015137	2	4.6832681059919	2.6842773526638872	-0.083928571428571422	3.9166666666666665	30	2	75	3.1058285412302489	5.9958718202307253	1	12.105828541230249	4.9958718202307253	0.0	-5.5952380952380949	1	1
0.9065670967102051	2	4.639564321560305	3.0002468442119934	-0.27976190476190477	4.168452380952381	30	2	75	3.1058285412302489	5.9958718202307253	1	12.105828541230249	4.9958718202307253	0.0	-5.5952380952380949	1	1
0.9231219291687012	2	4.622832427552206	3.1391234965402504	-0.36369047619047618	4.2803571428571425	30	2	75	3.1058285412302489	5.9958718202307253	1	12.105828541230249	4.9958718202307253	0.0	-5.5952380952380949	1	1
0.9398019313812256	2	4.579128643120611	3.4550929880883583	-0.55952380952380953	4.5321428571428575	30	2	75	3.1058285412302489	5.9958718202307253	1	12.105828541230249	4.9958718202307253	0.0	-5.5952380952380949	1	1
0.956352949142456	2	4.486968675382029	3.7990386701126528	-0.81130952380952381	4.7839285714285715	30	2	75	3.1058285412302489	5.9958718202307253	1	12.105828541230249	4.9958718202307253	0.0	-5.5952380952380949	1	1
0.9729270935058594	2	4.380820612405352	4.1187562604834564	-1.0630952380952381	5.0077380952380954	30	2	75	3.1058285412302489	5.9958718202307253	1	12.105828541230249	4.9958718202307253	0.0	-5.5952380952380949	1	1
0.9893050193786621	2	4.2914044434367735	4.2995971985260013	-1.230952380952381	5.1196428571428569	30	2	75	3.1058285412302489	5.9958718202307253	1	12.105828541230249	4.9958718202307253	0.0	-5.5952380952380949	1	1
1.0058679580688477	2	4.1470401935685075	4.6090747924814046	-1.5107142857142857	5.3154761904761907	30	2	75	3.1058285412302489	5.9958718202307253	1	12.105828541230249	4.9958718202307253	0.0	-5.5952380952380949	1	1
1.022428035736084	2	4.092092112668821	4.7377114483942666	-1.6226190476190476	5.399404761904762	30	2	75	3.1058285412302489	5.9958718202307253	1	12.105828541230249	4.9958718202307253	0.0	-5.5952380952380949	1	1
1.0390689373016357	2	3.954219760393255	4.9465285769129999	-1.8464285714285715	5.5113095238095235	30	2	75	3.1058285412302489	5.9958718202307253	1	12.105828541230249	4.9958718202307253	0.0	-5.5952380952380949	1	1
1.0556280612945557	2	3.8648035914246774	5.1273695149555447	-2.0142857142857142	5.6232142857142859	30	2	75	3.1058285412302489	5.9958718202307253	1	12.105828541230249	4.9958718202307253	0.0	-5.5952380952380949	1	1
1.072282075881958	2	3.7613993272180037	5.2839823613445969	-2.1821428571428569	5.7071428571428573	30	2	75	3.1058285412302489	5.9958718202307253	1	12.105828541230249	4.9958718202307253	0.0	-5.5952380952380949	1	1
1.0888440608978271	2	3.702703147495619	5.3501747387123757	-2.2660714285714287	5.7351190476190474	30	2	75	3.1058285412302489	5.9958718202307253	1	12.105828541230249	4.9958718202307253	0.0	-5.5952380952380949	1	1
1.1054270267486572	2	3.526614608328466	5.5487518708157122	-2.5178571428571428	5.8190476190476188	30	2	75	3.1058285412302489	5.9958718202307253	1	12.105828541230249	4.9958718202307253	0.0	-5.5952380952380949	1	1
1.1219871044158936	2	3.443690336952588	5.6289323434215852	-2.6297619047619047	5.8470238095238098	30	2	75	3.1058285412302489	5.9958718202307253	1	12.105828541230249	4.9958718202307253	0.0	-5.5952380952380949	1	1
1.1386590003967285	2	3.302069885854326	5.7753051933952406	-2.825595238095238	5.9029761904761902	30	2	75	3.1058285412302489	5.9958718202307253	1	12.105828541230249	4.9958718202307253	0.0	-5.5952380952380949	1	1
1.1554720401763916	2	3.1949175228249547	5.8694737612392096	-2.9654761904761906	5.9309523809523812	30	2	75	3.1058285412302489	5.9958718202307253	1	12.105828541230249	4.9958718202307253	0.0	-5.5952380952380949	1	1
1.17205810546875	2	3.1706894311714615	5.8834618564773038	-2.9934523809523808	5.9309523809523812	30	2	75	3.1058285412302489	5.9958718202307253	1	12.105828541230249	4.9958718202307253	0.0	-5.5952380952380949	1	1
1.1886610984802246	2	3.1464613395179684	5.8974499517153998	-3.0214285714285714	5.9309523809523812	30	2	75	3.1058285412302489	5.9958718202307253	1	12.105828541230249	4.9958718202307253	0.0	-5.5952380952380949	1	1
1.2052829265594482	2	3.1464613395179684	5.8974499517153998	-3.0214285714285714	5.9309523809523812	30	2	75	3.1058285412302489	5.9958718202307253	1	12.105828541230249	4.9958718202307253	0.0	-5.5952380952380949	1	1
1.2217249870300293	2	3.1464613395179684	5.8974499517153998	-3.0214285714285714	5.9309523809523812	30	2	75	3.1058285412302489	5.9958718202307253	1	12.105828541230249	4.9958718202307253	0.0	-5.5952380952380949	1	1
1.2384660243988037	2	3.1464613395179684	5.8974499517153998	-3.0214285714285714	5.9309523809523812	30	2	75	3.1058285412302489	5.9958718202307253	1	12.105828541230249	4.9958718202307253	0.0	-5.5952380952380949	1	1
1.255033016204834	2	3.1464613395179684	5.8974499517153998	-3.0214285714285714	5.9309523809523812	30	2	75	3.1058285412302489	5.9958718202307253	1	12.105828541230249	4.9958718202307253	0.0	-5.5952380952380949	1	1
1.2716710567474365	2	3.1464613395179684	5.8974499517153998	-3.0214285714285714	5.9309523809523812	30	2	75	3.1058285412302489	5.9958718202307253	1	12.105828541230249	4.9958718202307253	0.0	-5.5952380952380949	1	1
1.2882490158081055	2	3.1464613395179684	5.8974499517153998	-3.0214285714285714	5.9309523809523812	30	2	75	3.1058285412302489	5.9958718202307253	1	12.105828541230249	4.9958718202307253	0.0	-5.5952380952380949	1	1
1.3048250675201416	2	3.1464613395179684	5.8974499517153998	-3.0214285714285714	5.9309523809523812	30	2	75	3.1058285412302489	5.9958718202307253	1	12.105828541230249	4.9958718202307253	0.0	-5.5952380952380949	1	1
1.321141004562378	2	3.1464613395179684	5.8974499517153998	-3.0214285714285714	5.9309523809523812	30	2	75	3.1058285412302489	5.9958718202307253	1	12.105828541230249	4.9958718202307253	0.0	-5.5952380952380949	1	1
1.3378119468688965	2	3.1464613395179684	5.8974499517153998	-3.0214285714285714	5.9309523809523812	30	2	75	3.1058285412302489	5.9958718202307253	1	12.105828541230249	4.9958718202307253	0.0	-5.5952380952380949	1	1
1.3543519973754883	2	3.1464613395179684	5.8974499517153998	-3.0214285714285714	5.9309523809523812	30	2	75	3.1058285412302489	5.9958718202307253	1	12.105828541230249	4.9958718202307253	0.0	-5.5952380952380949	1	1
1.370939016342163	2	3.1464613395179684	5.8974499517153998	-3.0214285714285714	5.9309523809523812	30	2	75	3.1058285412302489	5.9958718202307253	1	12.105828541230249	4.9958718202307253	0.0	-5.5952380952380949	1	1
1.3875160217285156	2	3.1464613395179684	5.8974499517153998	-3.0214285714285714	5.9309523809523812	30	2	75	3.1058285412302489	5.9958718202307253	1	12.105828541230249	4.9958718202307253	0.0	-5.5952380952380949	1	1
1.4041481018066406	2	3.1464613395179684	5.8974499517153998	-3.0214285714285714	5.9309523809523812	30	2	75	3.1058285412302489	5.9958718202307253	1	12.105828541230249	4.9958718202307253	0.0	-5.5952380952380949	1	1
1.4207079410552979	2	3.1464613395179684	5.8974499517153998	-3.0214285714285714	5.9309523809523812	30	2	75	3.1058285412302489	5.9958718202307253	1	12.105828541230249	4.9958718202307253	0.0	-5.5952380952380949	1	1
1.437398910522461	2	3.1464613395179684	5.8974499517153998	-3.0214285714285714	5.9309523809523812	30	2	75	3.1058285412302489	5.9958718202307253	1	12.105828541230249	4.9958718202307253	0.0	-5.5952380952380949	1	1
1.4538989067077637	2	3.1464613395179684	5.8974499517153998	-3.0214285714285714	5.9309523809523812	30	2	75	3.1058285412302489	5.9958718202307253	1	12.105828541230249	4.9958718202307253	0.0	-5.5952380952380949	1	1
1.4707388877868652	2	3.1464613395179684	5.8974499517153998	-3.0214285714285714	5.9309523809523812	30	2	75	3.1058285412302489	5.9958718202307253	1	12.105828541230249	4.9958718202307253	0.0	-5.5952380952380949	1	1
1.4874119758605957	2	3.1464613395179684	5.8974499517153998	-3.0214285714285714	5.9309523809523812	30	2	75	3.1058285412302489	5.9958718202307253	1	12.105828541230249	4.9958718202307253	0.0	-5.5952380952380949	1	1
1.5039770603179932	2	3.1464613395179684	5.8974499517153998	-3.0214285714285714	5.9309523809523812	30	2	75	3.1058285412302489	5.9958718202307253	1	12.105828541230249	4.9958718202307253	0.0	-5.5952380952380949	1	1
1.5205729007720947	2	3.1464613395179684	5.8974499517153998	-3.0214285714285714	5.9309523809523812	30	2	75	3.1058285412302489	5.9958718202307253	1	12.105828541230249	4.9958718202307253	0.0	-5.5952380952380949	1	1
1.5372529029846191	2	3.1464613395179684	5.8974499517153998	-3.0214285714285714	5.9309523809523812	30	2	75	3.1058285412302489	5.9958718202307253	1	12.105828541230249	4.9958718202307253	0.0	-5.5952380952380949	1	1
1.553637981414795	2	3.1464613395179684	5.8974499517153998	-3.0214285714285714	5.9309523809523812	30	2	75	3.1058285412302489	5.9958718202307253	1	12.105828541230249	4.9958718202307253	0.0	-5.5952380952380949	1	1
1.570302963256836	2	3.1464613395179684	5.8974499517153998	-3.0214285714285714	5.9309523809523812	30	2	75	3.1058285412302489	5.9958718202307253	1	12.105828541230249	4.9958718202307253	0.0	-5.5952380952380949	1	1
1.5868949890136719	2	3.1464613395179684	5.8974499517153998	-3.0214285714285714	5.9309523809523812	30	2	75	3.1058285412302489	5.9958718202307253	1	12.105828541230249	4.9958718202307253	0.0	-5.5952380952380949	1	1
1.6035540103912354	2	3.1464613395179684	5.8974499517153998	-3.0214285714285714	5.9309523809523812	30	2	75	3.1058285412302489	5.9958718202307253	1	12.105828541230249	4.9958718202307253	0.0	-5.5952380952380949	1	1
1.6201040744781494	2	3.1464613395179684	5.8974499517153998	-3.0214285714285714	5.9309523809523812	30	2	75	3.1058285412302489	5.9958718202307253	1	12.105828541230249	4.9958718202307253	0.0	-5.5952380952380949	1	1
1.6365289688110352	2	3.1464613395179684	5.8974499517153998	-3.0214285714285714	5.9309523809523812	30	2	75	3.1058285412302489	5.9958718202307253	1	12.105828541230249	4.9958718202307253	0.0	-5.5952380952380949	1	1
1.6530508995056152	2	3.1464613395179684	5.8974499517153998	-3.0214285714285714	5.9309523809523812	30	2	75	3.1058285412302489	5.9958718202307253	1	12.105828541230249	4.9958718202307253	0.0	-5.5952380952380949	1	1
1.6696820259094238	2	3.1706894311714615	5.8834618564773038	-2.9934523809523808	5.9309523809523812	30	2	75	3.1058285412302489	5.9958718202307253	1	12.105828541230249	4.9958718202307253	0.0	-5.5952380952380949	1	1
1.686202049255371	2	3.1706894311714615	5.8834618564773038	-2.9934523809523808	5.9309523809523812	30	2	75	3.1058285412302489	5.9958718202307253	1	12.105828541230249	4.9958718202307253	0.0	-5.5952380952380949	1	1
1.7028229236602783	2	3.1706894311714615	5.8834618564773038	-2.9934523809523808	5.9309523809523812	30	2	75	3.1058285412302489	5.9958718202307253	1	12.105828541230249	4.9958718202307253	0.0	-5.5952380952380949	1	1
1.719393014907837	2	3.1706894311714615	5.8834618564773038	-2.9934523809523808	5.9309523809523812	30	3	75	3.1058285412302489	5.9958718202307253	1	12.105828541230249	4.9958718202307253	0.0	-5.5952380952380949	1	1
1.7360899448394775	2	3.1706894311714615	5.8834618564773038	-2.9934523809523808	5.9309523809523812	30	4	75	3.1058285412302489	5.9958718202307253	1	12.105828541230249	4.9958718202307253	0.0	-5.5952380952380949	1	1
1.7526218891143799	2	3.1706894311714615	5.8834618564773038	-2.9934523809523808	5.9309523809523812	30	4	75	3.1058285412302489	5.9958718202307253	1	12.105828541230249	4.9958718202307253	0.0	-5.5952380952380949	1	1
1.769232988357544	2	3.1427132406952709	5.8834618564773038	-3.0214285714285714	5.9309523809523812	30	4	75	3.1058285412302489	5.9958718202307253	1	12.105828541230249	4.9958718202307253	0.0	-5.5952380952380949	1	1
1.7857739925384521	2	3.1427132406952709	5.8834618564773038	-3.0214285714285714	5.9309523809523812	30	4	75	3.1058285412302489	5.9958718202307253	1	12.105828541230249	4.9958718202307253	0.0	-5.5952380952380949	1	1
1.8026800155639648	2	3.1427132406952709	5.8834618564773038	-3.0214285714285714	5.9309523809523812	30	4	75	3.1058285412302489	5.9958718202307253	1	12.105828541230249	4.9958718202307253	0.0	-5.5952380952380949	1	1
1.8192501068115234	2	3.1427132406952709	5.8834618564773038	-3.0214285714285714	5.9309523809523812	30	4	75	3.1058285412302489	5.9958718202307253	1	12.105828541230249	4.9958718202307253	0.0	-5.5952380952380949	1	1
1.8358008861541748	2	3.1427132406952709	5.8834618564773038	-3.0214285714285714	5.9309523809523812	30	4	75	3.1058285412302489	5.9958718202307253	1	12.105828541230249	4.9958718202307253	0.0	-5.5952380952380949	1	1
1.8524739742279053	2	3.1706894311714615	5.8834618564773038	-2.9934523809523808	5.9309523809523812	30	4	75	3.1058285412302489	5.9958718202307253	1	12.105828541230249	4.9958718202307253	0.0	-5.5952380952380949	1	1
1.869088888168335	2	3.1706894311714615	5.8834618564773038	-2.9934523809523808	5.9309523809523812	30	4	75	3.1058285412302489	5.9958718202307253	1	12.105828541230249	4.9958718202307253	0.0	-5.5952380952380949	1	1
1.8856189250946045	2	3.1706894311714615	5.8834618564773038	-2.9934523809523808	5.9309523809523812	30	4	75	3.1058285412302489	5.9958718202307253	1	12.105828541230249	4.9958718202307253	0.0	-5.5952380952380949	1	1
1.9021570682525635	2	3.1706894311714615	5.8834618564773038	-2.9934523809523808	5.9309523809523812	30	4	75	3.1058285412302489	5.9958718202307253	1	12.105828541230249	4.9958718202307253	0.0	-5.5952380952380949	1	1
1.9188189506530762	2	3.1706894311714615	5.8834618564773038	-2.9934523809523808	5.9309523809523812	30	4	75	3.1058285412302489	5.9958718202307253	1	12.105828541230249	4.9958718202307253	0.0	-5.5952380952380949	1	1
1.9353909492492676	2	3.1706894311714615	5.8834618564773038	-2.9934523809523808	5.9309523809523812	30	4	75	3.1058285412302489	5.9958718202307253	1	12.105828541230249	4.9958718202307253	0.0	-5.5952380952380949	1	1
1.9520609378814697	2	3.2546180026000329	5.8834618564773038	-2.9095238095238094	5.9309523809523812	30	4	75	3.1058285412302489	5.9958718202307253	1	12.105828541230249	4.9958718202307253	0.0	-5.5952380952380949	1	1
1.9683160781860352	2	3.3665227645047948	5.8834618564773038	-2.7976190476190474	5.9029761904761902	30	4	75	3.1058285412302489	5.9958718202307253	1	12.105828541230249	4.9958718202307253	0.0	-5.5952380952380949	1	1
1.9848461151123047	2	3.6462846692666995	5.8834618564773038	-2.5178571428571428	5.9029761904761902	30	4	75	3.1058285412302489	5.9958718202307253	1	12.105828541230249	4.9958718202307253	0.0	-5.5952380952380949	1	1
2.0015580654144287	2	3.8421180026000328	5.8834618564773038	-2.3220238095238095	5.9029761904761902	30	4	75	3.1058285412302489	5.9958718202307253	1	12.105828541230249	4.9958718202307253	0.0	-5.5952380952380949	1	1
2.0181219577789307	2	4.4016418121238425	5.8834618564773038	-1.7625	5.9309523809523812	30	4	75	3.1058285412302489	5.9958718202307253	1	12.105828541230249	4.9958718202307253	0.0	-5.5952380952380949	1	1
2.0346500873565674	2	4.765332288314319	5.8834618564773038	-1.3988095238095237	5.9589285714285714	30	4	75	3.1058285412302489	5.9958718202307253	1	12.105828541230249	4.9958718202307253	0.0	-5.5952380952380949	1	1
2.051300048828125	2	5.5486656216476522	5.8834618564773038	-0.61547619047619051	5.9869047619047615	30	4	75	3.1058285412302489	5.9958718202307253	1	12.105828541230249	4.9958718202307253	0.0	-5.5952380952380949	1	1
2.06794810295105	2	6.4439037168857478	5.8834618564773038	0.27976190476190477	6.0428571428571427	30	4	75	3.1058285412302489	5.9958718202307253	1	12.105828541230249	4.9958718202307253	0.0	-5.5952380952380949	1	1
2.0844709873199463	2	7.3671180026000336	5.8834618564773038	1.2029761904761904	6.0428571428571427	30	4	75	3.1058285412302489	5.9958718202307253	1	12.105828541230249	4.9958718202307253	0.0	-5.5952380952380949	1	1
2.1010971069335938	2	7.8706894311714617	5.8834618564773038	1.706547619047619	6.0708333333333337	30	4	75	3.1058285412302489	5.9958718202307253	1	12.105828541230249	4.9958718202307253	0.0	-5.5952380952380949	1	1
2.1179020404815674	2	8.9058084787905099	5.8834618564773038	2.7416666666666667	6.0428571428571427	30	4	75	3.1058285412302489	5.9958718202307253	1	12.105828541230249	4.9958718202307253	0.0	-5.5952380952380949	1	1
2.134521007537842	2	9.409379907361938	5.8834618564773038	3.2452380952380953	6.0428571428571427	30	4	75	3.1058285412302489	5.9958718202307253	1	12.105828541230249	4.9958718202307253	0.0	-5.5952380952380949	1	1
2.151149034500122	2	10.388546574028606	5.8834618564773038	4.2244047619047622	5.9869047619047615	30	4	75	3.1058285412302489	5.9958718202307253	1	12.105828541230249	4.9958718202307253	0.0	-5.5952380952380949	1	1
2.167726993560791	2	10.124151735724016	1.8688785231439713	5.0357142857142856	5.9309523809523812	30	4	75	3.1058285412302489	5.9958718202307253	1	12.105828541230249	4.9958718202307253	0.0	-5.5952380952380949	1	1
2.184317111968994	2	10.62544546280198	1.4502399660538083	5.6791666666666663	5.8190476190476188	30	4	75	3.1058285412302489	5.9958718202307253	1	12.105828541230249	4.9958718202307253	0.0	-5.5952380952380949	1	1
2.200958013534546	2	10.791294005553738	1.2898790208420614	5.9029761904761902	5.7630952380952385	30	4	75	3.1058285412302489	5.9958718202307253	1	12.105828541230249	4.9958718202307253	0.0	-5.5952380952380949	1	1
2.2173399925231934	2	11.026078724443273	1.0251095113709434	6.2386904761904765	5.6511904761904761	30	4	75	3.1058285412302489	5.9958718202307253	1	12.105828541230249	4.9958718202307253	0.0	-5.5952380952380949	1	1
2.2340829372406006	2	11.070786808927563	0.93468904234967098	6.3226190476190478	5.5952380952380949	30	5	75	3.1058285412302489	5.9958718202307253	1	12.105828541230249	4.9958718202307253	0.0	-5.5952380952380949	1	1
2.250727891921997	2	11.09775869935106	0.75759620312982445	6.4345238095238093	5.4553571428571432	30	5	75	3.1058285412302489	5.9958718202307253	1	12.105828541230249	4.9958718202307253	0.0	-5.5952380952380949	1	1
2.2673161029815674	2	11.038058219575982	0.59823955797076955	6.4625000000000004	5.2874999999999996	30	5	75	3.1058285412302489	5.9958718202307253	1	12.105828541230249	4.9958718202307253	0.0	-5.5952380952380949	1	1
2.283867120742798	2	10.901925366017727	0.41840291998091939	6.4345238095238093	5.0636904761904766	30	5	75	3.1058285412302489	5.9958718202307253	1	12.105828541230249	4.9958718202307253	0.0	-5.5952380952380949	1	1
2.300477981567383	2	10.75930061486677	0.33922674742773928	6.350595238095238	4.9238095238095241	30	5	75	3.1058285412302489	5.9958718202307253	1	12.105828541230249	4.9958718202307253	0.0	-5.5952380952380949	1	1
2.317039966583252	2	10.411606834019778	0.18462250114407652	6.1267857142857141	4.6160714285714288	30	5	75	3.1058285412302489	5.9958718202307253	1	12.105828541230249	4.9958718202307253	0.0	-5.5952380952380949	1	1
2.3336338996887207	2	10.16832161743215	0.098954430998193565	5.9589285714285714	4.4202380952380951	30	5	75	3.1058285412302489	5.9958718202307253	1	12.105828541230249	4.9958718202307253	0.0	-5.5952380952380949	1	1
2.350393056869507	2	9.484178352206257	-0.022921225933886902	5.4273809523809522	3.9726190476190477	30	5	75	3.1058285412302489	5.9958718202307253	1	12.105828541230249	4.9958718202307253	0.0	-5.5952380952380949	1	1
2.366852045059204	2	8.602462254929717	-0.095336399506290803	4.7000000000000002	3.4690476190476192	30	5	75	3.1058285412302489	5.9958718202307253	1	12.105828541230249	4.9958718202307253	0.0	-5.5952380952380949	1	1
2.383457899093628	2	7.606097596978415	-0.19847156232488494	3.8886904761904764	2.8815476190476192	30	5	75	3.1058285412302489	5.9958718202307253	1	12.105828541230249	4.9958718202307253	0.0	-5.5952380952380949	1	1
2.400084972381592	2	7.088807174556969	-0.25515914194188216	3.4690476190476192	2.573809523809524	30	5	75	3.1058285412302489	5.9958718202307253	1	12.105828541230249	4.9958718202307253	0.0	-5.5952380952380949	1	1
2.416637897491455	2	6.064466326129475	-0.40675048806746528	2.6577380952380953	1.9303571428571429	30	5	75	3.1058285412302489	5.9958718202307253	1	12.105828541230249	4.9958718202307253	0.0	-5.5952380952380949	1	1
2.4332070350646973	2	5.547175903708029	-0.46343806768446161	2.2380952380952381	1.6226190476190476	30	5	75	3.1058285412302489	5.9958718202307253	1	12.105828541230249	4.9958718202307253	0.0	-5.5952380952380949	1	1
2.4498050212860107	2	4.561051242172123	-0.6047894173946462	1.4547619047619047	1.0071428571428571	30	5	75	3.1058285412302489	5.9958718202307253	1	12.105828541230249	4.9958718202307253	0.0	-5.5952380952380949	1	1
2.4663779735565186	2	3.574926580636218	-0.74614076710482991	0.67142857142857137	0.39166666666666666	30	5	75	3.1058285412302489	5.9958718202307253	1	12.105828541230249	4.9958718202307253	0.0	-5.5952380952380949	1	1
2.483030080795288	2	3.06787615463017	-0.8410445336134158	0.27976190476190477	0.055952380952380955	30	5	75	3.1058285412302489	5.9958718202307253	1	12.105828541230249	4.9958718202307253	0.0	-5.5952380952380949	1	1
2.499630928039551	2	2.091991489509662	-1.0206120702151891	-0.47559523809523807	-0.58750000000000002	30	5	75	3.1058285412302489	5.9958718202307253	1	12.105828541230249	4.9958718202307253	0.0	-5.5952380952380949	1	1
2.5161991119384766	2	1.150574912458046	-1.2523838889466452	-1.175	-1.2589285714285714	30	5	75	3.1058285412302489	5.9958718202307253	1	12.105828541230249	4.9958718202307253	0.0	-5.5952380952380949	1	1
2.532809019088745	2	0.7059687649970796	-1.3510357542779277	-1.5107142857142857	-1.5666666666666667	30	5	75	3.1058285412302489	5.9958718202307253	1	12.105828541230249	4.9958718202307253	0.0	-5.5952380952380949	1	1
2.549427032470703	2	-0.1347873466178664	-1.5763156754166836	-2.1261904761904762	-2.1821428571428569	30	5	75	3.1058285412302489	5.9958718202307253	1	12.105828541230249	4.9958718202307253	0.0	-5.5952380952380949	1	1
2.566016912460327	2	-0.913099179687731	-1.805343695378137	-2.6857142857142855	-2.7696428571428573	30	5	75	3.1058285412302489	5.9958718202307253	1	12.105828541230249	4.9958718202307253	0.0	-5.5952380952380949	1	1
2.582537889480591	2	-1.2710329569501226	-1.921731754770212	-2.9375	-3.049404761904762	30	5	75	3.1058285412302489	5.9958718202307253	1	12.105828541230249	4.9958718202307253	0.0	-5.5952380952380949	1	1
2.5991969108581543	2	-1.9002281412763304	-2.1722440676151544	-3.3571428571428572	-3.5809523809523811	30	5	75	3.1058285412302489	5.9958718202307253	1	12.105828541230249	4.9958718202307253	0.0	-5.5952380952380949	1	1
2.6157820224761963	2	-2.4287628601658677	-2.4162644828673958	-3.6928571428571431	-4.0565476190476186	30	5	75	3.1058285412302489	5.9958718202307253	1	12.105828541230249	4.9958718202307253	0.0	-5.5952380952380949	1	1
2.6323699951171875	2	-2.6478199851000004	-2.515920648251373	-3.8327380952380952	-4.2523809523809524	30	5	75	3.1058285412302489	5.9958718202307253	1	12.105828541230249	4.9958718202307253	0.0	-5.5952380952380949	1	1
2.648969888687134	2	-2.9508056814627053	-2.760945363556309	-3.9726190476190477	-4.6160714285714288	30	5	75	3.1058285412302489	5.9958718202307253	1	12.105828541230249	4.9958718202307253	0.0	-5.5952380952380949	1	1
2.6655609607696533	2	-3.1391428171506437	-2.9752500896150504	-4.0285714285714285	-4.895833333333333	30	5	75	3.1058285412302489	5.9958718202307253	1	12.105828541230249	4.9958718202307253	0.0	-5.5952380952380949	1	1
2.682020902633667	2	-3.195095198103025	-3.072162456229024	-4.0285714285714285	-5.0077380952380954	30	5	75	3.1058285412302489	5.9958718202307253	1	12.105828541230249	4.9958718202307253	0.0	-5.5952380952380949	1	1
2.6987080574035645	2	-3.23056758622461	-3.245507196626173	-3.9726190476190477	-5.1755952380952381	30	5	75	3.1058285412302489	5.9958718202307253	1	12.105828541230249	4.9958718202307253	0.0	-5.5952380952380949	1	1
2.715301990509033	2	-3.203595695801113	-3.4226000358460205	-3.8607142857142858	-5.3154761904761907	30	5	75	3.1058285412302489	5.9958718202307253	1	12.105828541230249	4.9958718202307253	0.0	-5.5952380952380949	1	1
2.731935977935791	2	-3.1831157029703165	-3.4990324096291969	-3.8047619047619046	-5.371428571428571	30	5	75	3.1058285412302489	5.9958718202307253	1	12.105828541230249	4.9958718202307253	0.0	-5.5952380952380949	1	1
2.748507022857666	2	-3.0936995340017384	-3.6798733476717418	-3.6369047619047619	-5.4833333333333334	30	5	75	3.1058285412302489	5.9958718202307253	1	12.105828541230249	4.9958718202307253	0.0	-5.5952380952380949	1	1
2.764897108078003	2	-3.035003354279354	-3.7460657250395202	-3.5529761904761905	-5.5113095238095235	30	5	75	3.1058285412302489	5.9958718202307253	1	12.105828541230249	4.9958718202307253	0.0	-5.5952380952380949	1	1
2.78145694732666	2	-2.9660671781415715	-3.8504742892988881	-3.4410714285714286	-5.5672619047619047	30	5	75	3.1058285412302489	5.9958718202307253	1	12.105828541230249	4.9958718202307253	0.0	-5.5952380952380949	1	1
2.798013925552368	2	-2.907370998419187	-3.9166666666666665	-3.3571428571428572	-5.5952380952380949	30	5	75	3.1058285412302489	5.9958718202307253	1	12.105828541230249	4.9958718202307253	0.0	-5.5952380952380949	1	1
2.8146309852600098	2	-2.883142906765694	-3.930654761904762	-3.3291666666666666	-5.5952380952380949	30	5	75	3.1058285412302489	5.9958718202307253	1	12.105828541230249	4.9958718202307253	0.0	-5.5952380952380949	1	1
2.831202983856201	2	-2.8589148151122004	-3.9446428571428571	-3.301190476190476	-5.5952380952380949	30	5	75	3.1058285412302489	5.9958718202307253	1	12.105828541230249	4.9958718202307253	0.0	-5.5952380952380949	1	1
2.8477718830108643	2	-2.8346867234587076	-3.9586309523809522	-3.2732142857142859	-5.5952380952380949	30	5	75	3.1058285412302489	5.9958718202307253	1	12.105828541230249	4.9958718202307253	0.0	-5.5952380952380949	1	1
2.864448070526123	2	-2.810458631805214	-3.9726190476190473	-3.2452380952380953	-5.5952380952380949	30	5	75	3.1058285412302489	5.9958718202307253	1	12.105828541230249	4.9958718202307253	0.0	-5.5952380952380949	1	1
2.8810200691223145	2	-2.786230540151721	-3.9866071428571428	-3.2172619047619047	-5.5952380952380949	30	5	75	3.1058285412302489	5.9958718202307253	1	12.105828541230249	4.9958718202307253	0.0	-5.5952380952380949	1	1
2.8975820541381836	2	-2.786230540151721	-3.9866071428571428	-3.2172619047619047	-5.5952380952380949	30	5	75	3.1058285412302489	5.9958718202307253	1	12.105828541230249	4.9958718202307253	0.0	-5.5952380952380949	1	1
2.91418194770813	2	-2.786230540151721	-3.9866071428571428	-3.2172619047619047	-5.5952380952380949	30	5	75	3.1058285412302489	5.9958718202307253	1	12.105828541230249	4.9958718202307253	0.0	-5.5952380952380949	1	1
2.9310810565948486	2	-2.796470536567119	-3.9483909559655546	-3.2452380952380953	-5.5672619047619047	30	5	75	3.1058285412302489	5.9958718202307253	1	12.105828541230249	4.9958718202307253	0.0	-5.5952380952380949	1	1
2.947627067565918	2	-2.8411786210514083	-3.8579704869442821	-3.3291666666666666	-5.5113095238095235	30	5	75	3.1058285412302489	5.9958718202307253	1	12.105828541230249	4.9958718202307253	0.0	-5.5952380952380949	1	1
2.964294910430908	2	-2.8756467091202995	-3.8057662048145984	-3.3851190476190478	-5.4833333333333334	30	5	75	3.1058285412302489	5.9958718202307253	1	12.105828541230249	4.9958718202307253	0.0	-5.5952380952380949	1	1
2.9808731079101562	2	-2.999530966157769	-3.5727209846423706	-3.6089285714285713	-5.3434523809523808	30	5	75	3.1058285412302489	5.9958718202307253	1	12.105828541230249	4.9958718202307253	0.0	-5.5952380952380949	1	1
2.997472047805786	2	-3.182111402917623	-3.2734833871023636	-3.9166666666666665	-5.1755952380952381	30	5	75	3.1058285412302489	5.9958718202307253	1	12.105828541230249	4.9958718202307253	0.0	-5.5952380952380949	1	1
3.013956069946289	2	-3.323731854015885	-3.1271105371287109	-4.1124999999999998	-5.1196428571428569	30	5	75	3.1058285412302489	5.9958718202307253	1	12.105828541230249	4.9958718202307253	0.0	-5.5952380952380949	1	1
3.030608892440796	2	-3.5827446645589163	-2.8483529324195	-4.4761904761904763	-5.0077380952380954	30	5	75	3.1058285412302489	5.9958718202307253	1	12.105828541230249	4.9958718202307253	0.0	-5.5952380952380949	1	1
3.047218084335327	2	-3.71412511924178	-2.7401962693374351	-4.644047619047619	-4.9797619047619044	30	5	75	3.1058285412302489	5.9958718202307253	1	12.105828541230249	4.9958718202307253	0.0	-5.5952380952380949	1	1
3.063884973526001	2	-3.96664603219211	-2.5620991300648943	-4.9517857142857142	-4.9517857142857142	30	5	75	3.1058285412302489	5.9958718202307253	1	12.105828541230249	4.9958718202307253	0.0	-5.5952380952380949	1	1
3.080404043197632	2	-4.222915043965139	-2.4464462693374349	-5.2315476190476193	-4.9797619047619044	30	5	75	3.1058285412302489	5.9958718202307253	1	12.105828541230249	4.9958718202307253	0.0	-5.5952380952380949	1	1
3.0970048904418945	2	-4.479184055738166	-2.3307934086099764	-5.5113095238095235	-5.0077380952380954	30	5	75	3.1058285412302489	5.9958718202307253	1	12.105828541230249	4.9958718202307253	0.0	-5.5952380952380949	1	1
3.113600969314575	2	-4.614312609243727	-2.2850810240729929	-5.6511904761904761	-5.0357142857142856	30	5	75	3.1058285412302489	5.9958718202307253	1	12.105828541230249	4.9958718202307253	0.0	-5.5952380952380949	1	1
3.130215883255005	2	-4.908797807908343	-2.179668159760932	-5.9589285714285714	-5.0916666666666668	30	5	75	3.1058285412302489	5.9958718202307253	1	12.105828541230249	4.9958718202307253	0.0	-5.5952380952380949	1	1
3.1467509269714355	2	-5.043926361413904	-2.1339557752239489	-6.0988095238095239	-5.1196428571428569	30	5	75	3.1058285412302489	5.9958718202307253	1	12.105828541230249	4.9958718202307253	0.0	-5.5952380952380949	1	1
3.1633570194244385	2	-5.217271101811055	-2.0984833871023638	-6.2666666666666666	-5.1755952380952381	30	5	75	3.1058285412302489	5.9958718202307253	1	12.105828541230249	4.9958718202307253	0.0	-5.5952380952380949	1	1
3.1799299716949463	2	-5.342159658901218	-2.0909871894569694	-6.378571428571429	-5.2315476190476193	30	5	75	3.1058285412302489	5.9958718202307253	1	12.105828541230249	4.9958718202307253	0.0	-5.5952380952380949	1	1
3.1965229511260986	2	-5.394363941030901	-2.1254552775258602	-6.4065476190476192	-5.2874999999999996	30	5	75	3.1058285412302489	5.9958718202307253	1	12.105828541230249	4.9958718202307253	0.0	-5.5952380952380949	1	1
3.2131481170654297	2	-5.408352036268997	-2.1496833691793542	-6.4065476190476192	-5.3154761904761907	30	5	75	3.1058285412302489	5.9958718202307253	1	12.105828541230249	4.9958718202307253	0.0	-5.5952380952380949	1	1
3.2297120094299316	2	-5.339415860131214	-2.2540919334387213	-6.2946428571428568	-5.371428571428571	30	5	75	3.1058285412302489	5.9958718202307253	1	12.105828541230249	4.9958718202307253	0.0	-5.5952380952380949	1	1
3.24631404876709	2	-5.2844677792315276	-2.3827285893515824	-6.1827380952380953	-5.4553571428571432	30	5	75	3.1058285412302489	5.9958718202307253	1	12.105828541230249	4.9958718202307253	0.0	-5.5952380952380949	1	1
3.2629189491271973	2	-5.146595426955962	-2.5915457178703165	-5.9589285714285714	-5.5672619047619047	30	5	75	3.1058285412302489	5.9958718202307253	1	12.105828541230249	4.9958718202307253	0.0	-5.5952380952380949	1	1
3.279531955718994	2	-4.998483078264999	-2.8385790332806402	-5.7071428571428573	-5.7071428571428573	30	5	75	3.1058285412302489	5.9958718202307253	1	12.105828541230249	4.9958718202307253	0.0	-5.5952380952380949	1	1
3.296103000640869	2	-4.87459882122753	-3.0716242534528684	-5.4833333333333334	-5.8470238095238098	30	5	75	3.1058285412302489	5.9958718202307253	1	12.105828541230249	4.9958718202307253	0.0	-5.5952380952380949	1	1
3.312714099884033	2	-4.819650740327842	-3.200260909365729	-5.371428571428571	-5.9309523809523812	30	5	75	3.1058285412302489	5.9958718202307253	1	12.105828541230249	4.9958718202307253	0.0	-5.5952380952380949	1	1
3.3293190002441406	2	-4.6995145821130695	-3.4957504080830382	-5.1196428571428569	-6.1267857142857141	30	5	75	3.1058285412302489	5.9958718202307253	1	12.105828541230249	4.9958718202307253	0.0	-5.5952380952380949	1	1
3.3457610607147217	2	-4.658554596451478	-3.6486151556493924	-5.0077380952380954	-6.2386904761904765	30	5	75	3.1058285412302489	5.9958718202307253	1	12.105828541230249	4.9958718202307253	0.0	-5.5952380952380949	1	1
3.3624939918518066	2	-4.576634625128294	-3.9543446507821001	-4.7839285714285715	-6.4625000000000004	30	5	75	3.1058285412302489	5.9958718202307253	1	12.105828541230249	4.9958718202307253	0.0	-5.5952380952380949	1	1
3.3791239261627197	2	-4.456498466913522	-4.2498341494994092	-4.5321428571428575	-6.6583333333333332	30	5	75	3.1058285412302489	5.9958718202307253	1	12.105828541230249	4.9958718202307253	0.0	-5.5952380952380949	1	1
3.3957149982452393	2	-4.346602305114147	-4.5071074613251305	-4.3083333333333336	-6.8261904761904759	30	5	75	3.1058285412302489	5.9958718202307253	1	12.105828541230249	4.9958718202307253	0.0	-5.5952380952380949	1	1
3.4123029708862305	2	-4.29165422421446	-4.6357441172379916	-4.1964285714285712	-6.9101190476190473	30	5	75	3.1058285412302489	5.9958718202307253	1	12.105828541230249	4.9958718202307253	0.0	-5.5952380952380949	1	1
3.42887806892395	2	-4.143541875523497	-4.8827774326483144	-3.9446428571428571	-7.0499999999999998	30	5	75	3.1058285412302489	5.9958718202307253	1	12.105828541230249	4.9958718202307253	0.0	-5.5952380952380949	1	1
3.445470094680786	2	-4.050377607732221	-5.0011740921457779	-3.8047619047619046	-7.105952380952381	30	5	75	3.1058285412302489	5.9958718202307253	1	12.105828541230249	4.9958718202307253	0.0	-5.5952380952380949	1	1
3.462101936340332	2	-3.8258328852580816	-5.2277274147253046	-3.4970238095238093	-7.1898809523809524	30	5	75	3.1058285412302489	5.9958718202307253	1	12.105828541230249	4.9958718202307253	0.0	-5.5952380952380949	1	1
3.478687047958374	2	-3.5388438842388608	-5.4580288361275295	-3.1333333333333333	-7.2458333333333336	30	5	75	3.1058285412302489	5.9958718202307253	1	12.105828541230249	4.9958718202307253	0.0	-5.5952380952380949	1	1
3.4952518939971924	2	-3.2481067843969416	-5.6258859789846722	-2.7976190476190474	-7.2458333333333336	30	5	75	3.1058285412302489	5.9958718202307253	1	12.105828541230249	4.9958718202307253	0.0	-5.5952380952380949	1	1
3.511884927749634	2	-3.1027382344759826	-5.7098145504132436	-2.6297619047619047	-7.2458333333333336	30	5	75	3.1058285412302489	5.9958718202307253	1	12.105828541230249	4.9958718202307253	0.0	-5.5952380952380949	1	1
3.528465986251831	2	-2.773784947742475	-5.8674316968549878	-2.2660714285714287	-7.2178571428571425	30	5	75	3.1058285412302489	5.9958718202307253	1	12.105828541230249	4.9958718202307253	0.0	-5.5952380952380949	1	1
3.544995069503784	2	-2.5902002109299276	-5.9411202718681615	-2.0702380952380954	-7.1898809523809524	30	5	75	3.1058285412302489	5.9958718202307253	1	12.105828541230249	4.9958718202307253	0.0	-5.5952380952380949	1	1
3.56162691116333	2	-2.257498825373723	-6.0362931397648252	-1.7345238095238096	-7.105952380952381	30	5	75	3.1058285412302489	5.9958718202307253	1	12.105828541230249	4.9958718202307253	0.0	-5.5952380952380949	1	1
3.5782370567321777	2	-1.9387855350556134	-6.1556940993149807	-1.3988095238095237	-7.0499999999999998	30	5	75	3.1058285412302489	5.9958718202307253	1	12.105828541230249	4.9958718202307253	0.0	-5.5952380952380949	1	1
3.5948359966278076	2	-1.6060841494994094	-6.2508669672116444	-1.0630952380952381	-6.9660714285714285	30	5	75	3.1058285412302489	5.9958718202307253	1	12.105828541230249	4.9958718202307253	0.0	-5.5952380952380949	1	1
3.6114120483398438	2	-1.446727504340355	-6.3105674469867221	-0.89523809523809528	-6.9380952380952383	30	5	75	3.1058285412302489	5.9958718202307253	1	12.105828541230249	4.9958718202307253	0.0	-5.5952380952380949	1	1
3.6280019283294678	2	-1.0897980271306573	-6.4197284101214809	-0.53154761904761905	-6.854166666666667	30	5	75	3.1058285412302489	5.9958718202307253	1	12.105828541230249	4.9958718202307253	0.0	-5.5952380952380949	1	1
3.644584894180298	2	-0.9304413819716023	-6.4794288898965586	-0.36369047619047618	-6.8261904761904759	30	5	75	3.1058285412302489	5.9958718202307253	1	12.105828541230249	4.9958718202307253	0.0	-5.5952380952380949	1	1
3.661216974258423	2	-0.6219680880688911	-6.5606136625551272	-0.055952380952380955	-6.7422619047619046	30	5	75	3.1058285412302489	5.9958718202307253	1	12.105828541230249	4.9958718202307253	0.0	-5.5952380952380949	1	1
3.6778130531311035	2	-0.38992716794935706	-6.6622784280444911	0.19583333333333333	-6.7142857142857144	30	5	75	3.1058285412302489	5.9958718202307253	1	12.105828541230249	4.9958718202307253	0.0	-5.5952380952380949	1	1
3.694305896759033	2	-0.27902670609728863	-6.6940027173433787	0.30773809523809526	-6.6863095238095234	30	5	75	3.1058285412302489	5.9958718202307253	1	12.105828541230249	4.9958718202307253	0.0	-5.5952380952380949	1	1
3.710973024368286	2	-0.12341815976093157	-6.8161474756635387	0.50357142857142856	-6.7142857142857144	30	5	75	3.1058285412302489	5.9958718202307253	1	12.105828541230249	4.9958718202307253	0.0	-5.5952380952380949	1	1
3.7276101112365723	2	0.007962294921932678	-6.9243041387456028	0.67142857142857137	-6.7422619047619046	30	5	75	3.1058285412302489	5.9958718202307253	1	12.105828541230249	4.9958718202307253	0.0	-5.5952380952380949	1	1
3.7441840171813965	2	0.04243038299082358	-6.9765084208752874	0.72738095238095235	-6.7702380952380956	30	5	75	3.1058285412302489	5.9958718202307253	1	12.105828541230249	4.9958718202307253	0.0	-5.5952380952380949	1	1
3.760759115219116	2	0.10112656271320819	-7.0427007982430663	0.81130952380952381	-6.7982142857142858	30	5	75	3.1058285412302489	5.9958718202307253	1	12.105828541230249	4.9958718202307253	0.0	-5.5952380952380949	1	1
3.7774200439453125	2	0.173810837673688	-7.0846650839573515	0.89523809523809528	-6.7982142857142858	30	5	75	3.1058285412302489	5.9958718202307253	1	12.105828541230249	4.9958718202307253	0.0	-5.5952380952380949	1	1
3.7938449382781982	2	0.18405083408908607	-7.1228812708489393	0.92321428571428577	-6.8261904761904759	30	5	75	3.1058285412302489	5.9958718202307253	1	12.105828541230249	4.9958718202307253	0.0	-5.5952380952380949	1	1
3.8104870319366455	2	0.2325070173960725	-7.1508574613251303	0.97916666666666663	-6.8261904761904759	30	5	75	3.1058285412302489	5.9958718202307253	1	12.105828541230249	4.9958718202307253	0.0	-5.5952380952380949	1	1
3.8271279335021973	2	0.27072320428766083	-7.1406174649097327	1.0071428571428571	-6.7982142857142858	30	5	75	3.1058285412302489	5.9958718202307253	1	12.105828541230249	4.9958718202307253	0.0	-5.5952380952380949	1	1
3.8437070846557617	2	0.3229274864173447	-7.1061493768408415	1.0351190476190477	-6.7422619047619046	30	5	75	3.1058285412302489	5.9958718202307253	1	12.105828541230249	4.9958718202307253	0.0	-5.5952380952380949	1	1
3.8603179454803467	2	0.3686398709543277	-6.9710208233352793	1.0071428571428571	-6.602380952380952	30	5	75	3.1058285412302489	5.9958718202307253	1	12.105828541230249	4.9958718202307253	0.0	-5.5952380952380949	1	1
3.8769960403442383	2	0.3621479733616268	-6.8703603578986092	0.95119047619047614	-6.5184523809523807	30	5	75	3.1058285412302489	5.9958718202307253	1	12.105828541230249	4.9958718202307253	0.0	-5.5952380952380949	1	1
3.8933780193328857	2	0.32493608652273204	-6.655051331787174	0.81130952380952381	-6.350595238095238	30	5	75	3.1058285412302489	5.9958718202307253	1	12.105828541230249	4.9958718202307253	0.0	-5.5952380952380949	1	1
3.910101890563965	2	0.23926801637685086	-6.4117661151995478	0.61547619047619051	-6.1827380952380953	30	5	75	3.1058285412302489	5.9958718202307253	1	12.105828541230249	4.9958718202307253	0.0	-5.5952380952380949	1	1
3.9267430305480957	2	0.20854802713065684	-6.2971175545247826	0.53154761904761905	-6.0988095238095239	30	5	75	3.1058285412302489	5.9958718202307253	1	12.105828541230249	4.9958718202307253	0.0	-5.5952380952380949	1	1
3.943294048309326	2	0.12937185457747638	-6.1544928033738273	0.39166666666666666	-6.0148809523809526	30	5	75	3.1058285412302489	5.9958718202307253	1	12.105828541230249	4.9958718202307253	0.0	-5.5952380952380949	1	1
3.959892988204956	2	0.07067567485509221	-6.0883004260060476	0.30773809523809526	-5.9869047619047615	30	5	75	3.1058285412302489	5.9958718202307253	1	12.105828541230249	4.9958718202307253	0.0	-5.5952380952380949	1	1
