time	trial	cursorx	cursory	hand_x	hand_Y	rotation	step	targetangle	targetposx	targetposy	garagelocation	garageposx	garageposy	homex	homey	group	trial_type
1.1920928955078125e-06	1	-0.3316970855035109	-5.2745162048145984	-0.44761904761904764	-5.4833333333333334	30	5	90	7.3478807948841188e-16	6.4047619047619051	1	9.0	5.4047619047619051	0.0	-5.5952380952380949	1	1
0.027534008026123047	1	-0.15460424628366354	-5.2475443143911011	-0.30773809523809526	-5.371428571428571	30	1	90	7.3478807948841188e-16	6.4047619047619051	1	9.0	5.4047619047619051	0.0	-5.5952380952380949	1	1
0.04417920112609863	1	-0.11638805939207525	-5.2373043179757035	-0.27976190476190477	-5.3434523809523808	30	1	90	7.3478807948841188e-16	6.4047619047619051	1	9.0	5.4047619047619051	0.0	-5.5952380952380949	1	1
0.06076407432556152	1	-0.03995568560889823	-5.2168243251449073	-0.22380952380952382	-5.2874999999999996	30	1	90	7.3478807948841188e-16	6.4047619047619051	1	9.0	5.4047619047619051	0.0	-5.5952380952380949	1	1
0.07741999626159668	1	-0.03995568560889823	-5.2168243251449073	-0.22380952380952382	-5.2874999999999996	30	1	90	7.3478807948841188e-16	6.4047619047619051	1	9.0	5.4047619047619051	0.0	-5.5952380952380949	1	1
0.09385204315185547	1	-0.01572759395540499	-5.2308124203830024	-0.19583333333333333	-5.2874999999999996	30	1	90	7.3478807948841188e-16	6.4047619047619051	1	9.0	5.4047619047619051	0.0	-5.5952380952380949	1	1
0.11052417755126953	1	-0.01572759395540499	-5.2308124203830024	-0.19583333333333333	-5.2874999999999996	30	1	90	7.3478807948841188e-16	6.4047619047619051	1	9.0	5.4047619047619051	0.0	-5.5952380952380949	1	1
0.12713408470153809	1	-0.001739498717309912	-5.2065843287295097	-0.19583333333333333	-5.2595238095238095	30	1	90	7.3478807948841188e-16	6.4047619047619051	1	9.0	5.4047619047619051	0.0	-5.5952380952380949	1	1
0.14377117156982422	1	-0.001739498717309912	-5.2065843287295097	-0.19583333333333333	-5.2595238095238095	30	1	90	7.3478807948841188e-16	6.4047619047619051	1	9.0	5.4047619047619051	0.0	-5.5952380952380949	1	1
0.16035008430480957	1	-0.001739498717309912	-5.2065843287295097	-0.19583333333333333	-5.2595238095238095	30	1	90	7.3478807948841188e-16	6.4047619047619051	1	9.0	5.4047619047619051	0.0	-5.5952380952380949	1	1
0.17688703536987305	1	-0.001739498717309912	-5.2065843287295097	-0.19583333333333333	-5.2595238095238095	30	1	90	7.3478807948841188e-16	6.4047619047619051	1	9.0	5.4047619047619051	0.0	-5.5952380952380949	1	1
0.19351506233215332	1	-0.02596759037080315	-5.1925962334914146	-0.22380952380952382	-5.2595238095238095	30	1	90	7.3478807948841188e-16	6.4047619047619051	1	9.0	5.4047619047619051	0.0	-5.5952380952380949	1	1
0.21013808250427246	1	-0.03995568560889823	-5.2168243251449073	-0.22380952380952382	-5.2874999999999996	30	1	90	7.3478807948841188e-16	6.4047619047619051	1	9.0	5.4047619047619051	0.0	-5.5952380952380949	1	1
0.22663402557373047	1	-0.03995568560889823	-5.2168243251449073	-0.22380952380952382	-5.2874999999999996	30	1	90	7.3478807948841188e-16	6.4047619047619051	1	9.0	5.4047619047619051	0.0	-5.5952380952380949	1	1
0.24329900741577148	1	-0.03995568560889823	-5.2168243251449073	-0.22380952380952382	-5.2874999999999996	30	1	90	7.3478807948841188e-16	6.4047619047619051	1	9.0	5.4047619047619051	0.0	-5.5952380952380949	1	1
0.2598731517791748	1	-0.03995568560889823	-5.2168243251449073	-0.22380952380952382	-5.2874999999999996	30	1	90	7.3478807948841188e-16	6.4047619047619051	1	9.0	5.4047619047619051	0.0	-5.5952380952380949	1	1
0.27648210525512695	1	-0.03995568560889823	-5.2168243251449073	-0.22380952380952382	-5.2874999999999996	30	1	90	7.3478807948841188e-16	6.4047619047619051	1	9.0	5.4047619047619051	0.0	-5.5952380952380949	1	1
0.2930881977081299	1	-0.03995568560889823	-5.2168243251449073	-0.22380952380952382	-5.2874999999999996	30	1	90	7.3478807948841188e-16	6.4047619047619051	1	9.0	5.4047619047619051	0.0	-5.5952380952380949	1	1
0.3096890449523926	1	-0.03995568560889823	-5.2168243251449073	-0.22380952380952382	-5.2874999999999996	30	1	90	7.3478807948841188e-16	6.4047619047619051	1	9.0	5.4047619047619051	0.0	-5.5952380952380949	1	1
0.32625508308410645	1	-0.03995568560889823	-5.2168243251449073	-0.22380952380952382	-5.2874999999999996	30	1	90	7.3478807948841188e-16	6.4047619047619051	1	9.0	5.4047619047619051	0.0	-5.5952380952380949	1	1
0.34287118911743164	1	-0.03995568560889823	-5.2168243251449073	-0.22380952380952382	-5.2874999999999996	30	1	90	7.3478807948841188e-16	6.4047619047619051	1	9.0	5.4047619047619051	0.0	-5.5952380952380949	1	1
0.3594532012939453	1	-0.03995568560889823	-5.2168243251449073	-0.22380952380952382	-5.2874999999999996	30	1	90	7.3478807948841188e-16	6.4047619047619051	1	9.0	5.4047619047619051	0.0	-5.5952380952380949	1	1
0.37602806091308594	1	-0.03995568560889823	-5.2168243251449073	-0.22380952380952382	-5.2874999999999996	30	1	90	7.3478807948841188e-16	6.4047619047619051	1	9.0	5.4047619047619051	0.0	-5.5952380952380949	1	1
0.3926541805267334	1	-0.03995568560889823	-5.2168243251449073	-0.22380952380952382	-5.2874999999999996	30	1	90	7.3478807948841188e-16	6.4047619047619051	1	9.0	5.4047619047619051	0.0	-5.5952380952380949	1	1
0.4093132019042969	1	-0.03995568560889823	-5.2168243251449073	-0.22380952380952382	-5.2874999999999996	30	1	90	7.3478807948841188e-16	6.4047619047619051	1	9.0	5.4047619047619051	0.0	-5.5952380952380949	1	1
0.42571115493774414	1	-0.03995568560889823	-5.2168243251449073	-0.22380952380952382	-5.2874999999999996	30	1	90	7.3478807948841188e-16	6.4047619047619051	1	9.0	5.4047619047619051	0.0	-5.5952380952380949	1	1
0.4424760341644287	1	-0.02596759037080315	-5.1925962334914146	-0.22380952380952382	-5.2595238095238095	30	1	90	7.3478807948841188e-16	6.4047619047619051	1	9.0	5.4047619047619051	0.0	-5.5952380952380949	1	1
0.45873022079467773	1	-0.060435678439694496	-5.1403919513617309	-0.27976190476190477	-5.2315476190476193	30	1	90	7.3478807948841188e-16	6.4047619047619051	1	9.0	5.4047619047619051	0.0	-5.5952380952380949	1	1
0.4753592014312744	1	-0.09490376650858542	-5.0881876692320471	-0.33571428571428569	-5.2035714285714283	30	1	90	7.3478807948841188e-16	6.4047619047619051	1	9.0	5.4047619047619051	0.0	-5.5952380952380949	1	1
0.4919440746307373	1	-0.13586375217017765	-4.9353229216656933	-0.44761904761904764	-5.0916666666666668	30	1	90	7.3478807948841188e-16	6.4047619047619051	1	9.0	5.4047619047619051	0.0	-5.5952380952380949	1	1
0.5084941387176514	1	-0.18706373424716743	-4.7442419872077508	-0.58750000000000002	-4.9517857142857142	30	1	90	7.3478807948841188e-16	6.4047619047619051	1	9.0	5.4047619047619051	0.0	-5.5952380952380949	1	1
0.5251061916351318	1	-0.2242756210860622	-4.5289329610963156	-0.72738095238095235	-4.7839285714285715	30	1	90	7.3478807948841188e-16	6.4047619047619051	1	9.0	5.4047619047619051	0.0	-5.5952380952380949	1	1
0.5417830944061279	1	-0.24100751509416068	-4.3900563087680569	-0.81130952380952381	-4.6720238095238091	30	1	90	7.3478807948841188e-16	6.4047619047619051	1	9.0	5.4047619047619051	0.0	-5.5952380952380949	1	1
0.5583081245422363	1	-0.2744713031103586	-4.1123030041115403	-0.97916666666666663	-4.4482142857142861	30	1	90	7.3478807948841188e-16	6.4047619047619051	1	9.0	5.4047619047619051	0.0	-5.5952380952380949	1	1
0.5748751163482666	1	-0.277215101880362	-3.9491982601297879	-1.0630952380952381	-4.3083333333333336	30	1	90	7.3478807948841188e-16	6.4047619047619051	1	9.0	5.4047619047619051	0.0	-5.5952380952380949	1	1
0.5914571285247803	1	-0.29669079465846393	-3.6472168638197768	-1.230952380952381	-4.0565476190476186	30	1	90	7.3478807948841188e-16	6.4047619047619051	1	9.0	5.4047619047619051	0.0	-5.5952380952380949	1	1
0.6081302165985107	1	-0.27795030054497805	-3.334995471094369	-1.3708333333333333	-3.7767857142857144	30	1	90	7.3478807948841188e-16	6.4047619047619051	1	9.0	5.4047619047619051	0.0	-5.5952380952380949	1	1
0.6247332096099854	1	-0.20700552430180807	-2.988305990300069	-1.4827380952380953	-3.4410714285714286	30	1	90	7.3478807948841188e-16	6.4047619047619051	1	9.0	5.4047619047619051	0.0	-5.5952380952380949	1	1
0.6413731575012207	1	-0.18552123141831833	-2.8391893415564127	-1.5386904761904763	-3.301190476190476	30	2	90	7.3478807948841188e-16	6.4047619047619051	1	9.0	5.4047619047619051	0.0	-5.5952380952380949	1	1
0.6578941345214844	1	-0.12481645159054633	-2.4542836738705249	-1.6785714285714286	-2.9375	30	2	90	7.3478807948841188e-16	6.4047619047619051	1	9.0	5.4047619047619051	0.0	-5.5952380952380949	1	1
0.6744651794433594	1	-0.11357215512245467	-2.2669508382352799	-1.7625	-2.7696428571428573	30	2	90	7.3478807948841188e-16	6.4047619047619051	1	9.0	5.4047619047619051	0.0	-5.5952380952380949	1	1
0.6910240650177002	1	-0.06685547053277774	-1.9062732622028848	-1.9023809523809523	-2.4339285714285714	30	2	90	7.3478807948841188e-16	6.4047619047619051	1	9.0	5.4047619047619051	0.0	-5.5952380952380949	1	1
0.707639217376709	1	-0.06859496925008735	-1.5176194956942997	-2.0982142857142856	-2.0982142857142856	30	2	90	7.3478807948841188e-16	6.4047619047619051	1	9.0	5.4047619047619051	0.0	-5.5952380952380949	1	1
0.7242381572723389	1	-0.05735067278199568	-1.3302866600590546	-2.1821428571428569	-1.9303571428571429	30	2	90	7.3478807948841188e-16	6.4047619047619051	1	9.0	5.4047619047619051	0.0	-5.5952380952380949	1	1
0.7410130500793457	1	-0.04885017508390743	-0.97984908044205721	-2.3500000000000001	-1.6226190476190476	30	2	90	7.3478807948841188e-16	6.4047619047619051	1	9.0	5.4047619047619051	0.0	-5.5952380952380949	1	1
0.7574620246887207	1	-0.05058967380121748	-0.59119531393347202	-2.5458333333333334	-1.286904761904762	30	2	90	7.3478807948841188e-16	6.4047619047619051	1	9.0	5.4047619047619051	0.0	-5.5952380952380949	1	1
0.7739870548248291	1	-0.05333347257122112	-0.42809056995172057	-2.6297619047619047	-1.1470238095238094	30	2	90	7.3478807948841188e-16	6.4047619047619051	1	9.0	5.4047619047619051	0.0	-5.5952380952380949	1	1
0.7906122207641602	1	-0.0550729712885305	-0.039436803443134494	-2.825595238095238	-0.81130952380952381	30	2	90	7.3478807948841188e-16	6.4047619047619051	1	9.0	5.4047619047619051	0.0	-5.5952380952380949	1	1
0.8072152137756348	1	-0.07080056524393541	0.32498887141195709	-3.0214285714285714	-0.50357142857142856	30	2	90	7.3478807948841188e-16	6.4047619047619051	1	9.0	5.4047619047619051	0.0	-5.5952380952380949	1	1
0.8236241340637207	1	-0.07354436401393905	0.48809361539370943	-3.1053571428571427	-0.36369047619047618	30	2	90	7.3478807948841188e-16	6.4047619047619051	1	9.0	5.4047619047619051	0.0	-5.5952380952380949	1	1
0.8403291702270508	1	-0.07528386273124843	0.87674738190229462	-3.301190476190476	-0.027976190476190477	30	2	90	7.3478807948841188e-16	6.4047619047619051	1	9.0	5.4047619047619051	0.0	-5.5952380952380949	1	1
0.8568191528320312	1	-0.06678336503316062	1.227184961519292	-3.4690476190476192	0.27976190476190477	30	2	90	7.3478807948841188e-16	6.4047619047619051	1	9.0	5.4047619047619051	0.0	-5.5952380952380949	1	1
0.8733880519866943	1	-0.06952716380316426	1.3902897055010435	-3.5529761904761905	0.41964285714285715	30	2	90	7.3478807948841188e-16	6.4047619047619051	1	9.0	5.4047619047619051	0.0	-5.5952380952380949	1	1
0.8899710178375244	1	-0.08525475775856917	1.7547153803561351	-3.7488095238095238	0.72738095238095235	30	2	90	7.3478807948841188e-16	6.4047619047619051	1	9.0	5.4047619047619051	0.0	-5.5952380952380949	1	1
0.9065330028533936	1	-0.13919853860556275	2.1089010587958299	-3.9726190476190477	1.0071428571428571	30	2	90	7.3478807948841188e-16	6.4047619047619051	1	9.0	5.4047619047619051	0.0	-5.5952380952380949	1	1
0.9231171607971191	1	-0.15218233379096402	2.31022198966917	-4.0845238095238097	1.175	30	2	90	7.3478807948841188e-16	6.4047619047619051	1	9.0	5.4047619047619051	0.0	-5.5952380952380949	1	1
0.9397571086883545	1	-0.23035420629145031	2.6783957633469591	-4.3363095238095237	1.4547619047619047	30	2	90	7.3478807948841188e-16	6.4047619047619051	1	9.0	5.4047619047619051	0.0	-5.5952380952380949	1	1
0.9566831588745117	1	-0.28155418836844026	2.8694766978049024	-4.4761904761904763	1.5946428571428573	30	2	90	7.3478807948841188e-16	6.4047619047619051	1	9.0	5.4047619047619051	0.0	-5.5952380952380949	1	1
0.9732871055603027	1	-0.3494860644535289	3.1994342845911028	-4.7000000000000002	1.8464285714285715	30	2	90	7.3478807948841188e-16	6.4047619047619051	1	9.0	5.4047619047619051	0.0	-5.5952380952380949	1	1
0.9898681640625	1	-0.3792017536470289	3.5396318677927017	-4.895833333333333	2.1261904761904762	30	2	90	7.3478807948841188e-16	6.4047619047619051	1	9.0	5.4047619047619051	0.0	-5.5952380952380949	1	1
1.0064561367034912	1	-0.4229055380786244	3.8556013593408078	-5.0916666666666668	2.3779761904761907	30	2	90	7.3478807948841188e-16	6.4047619047619051	1	9.0	5.4047619047619051	0.0	-5.5952380952380949	1	1
1.023008108139038	1	-0.42564933684862893	4.0187061033225575	-5.1755952380952381	2.5178571428571428	30	2	90	7.3478807948841188e-16	6.4047619047619051	1	9.0	5.4047619047619051	0.0	-5.5952380952380949	1	1
1.0396301746368408	1	-0.469353121280224	4.3346755948706637	-5.371428571428571	2.7696428571428573	30	2	90	7.3478807948841188e-16	6.4047619047619051	1	9.0	5.4047619047619051	0.0	-5.5952380952380949	1	1
1.0562701225280762	1	-0.4860850152883227	4.4735522471989242	-5.4553571428571432	2.8815476190476192	30	2	90	7.3478807948841188e-16	6.4047619047619051	1	9.0	5.4047619047619051	0.0	-5.5952380952380949	1	1
1.0728771686553955	1	-0.5297887997199187	4.7895217387470286	-5.6511904761904761	3.1333333333333333	30	2	90	7.3478807948841188e-16	6.4047619047619051	1	9.0	5.4047619047619051	0.0	-5.5952380952380949	1	1
1.0894370079040527	1	-0.5250364008445274	5.0775150398189446	-5.7910714285714286	3.3851190476190478	30	2	90	7.3478807948841188e-16	6.4047619047619051	1	9.0	5.4047619047619051	0.0	-5.5952380952380949	1	1
1.105945110321045	1	-0.5202840019691362	5.3655083408908606	-5.9309523809523812	3.6369047619047619	30	2	90	7.3478807948841188e-16	6.4047619047619051	1	9.0	5.4047619047619051	0.0	-5.5952380952380949	1	1
1.1223680973052979	1	-0.5370158959772358	5.5043849932191176	-6.0148809523809526	3.7488095238095238	30	2	90	7.3478807948841188e-16	6.4047619047619051	1	9.0	5.4047619047619051	0.0	-5.5952380952380949	1	1
1.1389491558074951	1	-0.522023500686446	5.7541621073994449	-6.1267857142857141	3.9726190476190477	30	2	90	7.3478807948841188e-16	6.4047619047619051	1	9.0	5.4047619047619051	0.0	-5.5952380952380949	1	1
1.15568208694458	1	-0.514527303041052	5.8790506644896077	-6.1827380952380953	4.0845238095238097	30	2	90	7.3478807948841188e-16	6.4047619047619051	1	9.0	5.4047619047619051	0.0	-5.5952380952380949	1	1
1.1722381114959717	1	-0.48929491133486547	6.0906115917783445	-6.2666666666666666	4.2803571428571425	30	2	90	7.3478807948841188e-16	6.4047619047619051	1	9.0	5.4047619047619051	0.0	-5.5952380952380949	1	1
1.188904047012329	1	-0.45382252321327954	6.2639563321754963	-6.3226190476190478	4.4482142857142861	30	2	90	7.3478807948841188e-16	6.4047619047619051	1	9.0	5.4047619047619051	0.0	-5.5952380952380949	1	1
1.2055211067199707	1	-0.3941220434382009	6.4233129773345521	-6.350595238095238	4.6160714285714288	30	2	90	7.3478807948841188e-16	6.4047619047619051	1	9.0	5.4047619047619051	0.0	-5.5952380952380949	1	1
1.222095012664795	1	-0.37638584937740927	6.5099853475331244	-6.378571428571429	4.7000000000000002	30	2	90	7.3478807948841188e-16	6.4047619047619051	1	9.0	5.4047619047619051	0.0	-5.5952380952380949	1	1
1.238651990890503	1	-0.32043346842502807	6.6068977141470988	-6.378571428571429	4.8119047619047617	30	2	90	7.3478807948841188e-16	6.4047619047619051	1	9.0	5.4047619047619051	0.0	-5.5952380952380949	1	1
1.2553281784057617	1	-0.306445373186933	6.6311258058005933	-6.378571428571429	4.8398809523809527	30	2	90	7.3478807948841188e-16	6.4047619047619051	1	9.0	5.4047619047619051	0.0	-5.5952380952380949	1	1
1.2721869945526123	1	-0.27846918271074284	6.6795819891075787	-6.378571428571429	4.895833333333333	30	2	90	7.3478807948841188e-16	6.4047619047619051	1	9.0	5.4047619047619051	0.0	-5.5952380952380949	1	1
1.2887160778045654	1	-0.27846918271074284	6.6795819891075787	-6.378571428571429	4.895833333333333	30	2	90	7.3478807948841188e-16	6.4047619047619051	1	9.0	5.4047619047619051	0.0	-5.5952380952380949	1	1
1.3053271770477295	1	-0.27846918271074284	6.6795819891075787	-6.378571428571429	4.895833333333333	30	2	90	7.3478807948841188e-16	6.4047619047619051	1	9.0	5.4047619047619051	0.0	-5.5952380952380949	1	1
1.3219311237335205	1	-0.27846918271074284	6.6795819891075787	-6.378571428571429	4.895833333333333	30	2	90	7.3478807948841188e-16	6.4047619047619051	1	9.0	5.4047619047619051	0.0	-5.5952380952380949	1	1
1.3385000228881836	1	-0.27846918271074284	6.6795819891075787	-6.378571428571429	4.895833333333333	30	2	90	7.3478807948841188e-16	6.4047619047619051	1	9.0	5.4047619047619051	0.0	-5.5952380952380949	1	1
1.3550851345062256	1	-0.27846918271074284	6.6795819891075787	-6.378571428571429	4.895833333333333	30	2	90	7.3478807948841188e-16	6.4047619047619051	1	9.0	5.4047619047619051	0.0	-5.5952380952380949	1	1
1.3716940879821777	1	-0.27846918271074284	6.6795819891075787	-6.378571428571429	4.895833333333333	30	2	90	7.3478807948841188e-16	6.4047619047619051	1	9.0	5.4047619047619051	0.0	-5.5952380952380949	1	1
1.3882560729980469	1	-0.27846918271074284	6.6795819891075787	-6.378571428571429	4.895833333333333	30	2	90	7.3478807948841188e-16	6.4047619047619051	1	9.0	5.4047619047619051	0.0	-5.5952380952380949	1	1
1.404914140701294	1	-0.25424109105724924	6.6655938938694828	-6.350595238095238	4.895833333333333	30	2	90	7.3478807948841188e-16	6.4047619047619051	1	9.0	5.4047619047619051	0.0	-5.5952380952380949	1	1
1.4215080738067627	1	-0.2440010946418507	6.6273777069778959	-6.3226190476190478	4.8678571428571429	30	2	90	7.3478807948841188e-16	6.4047619047619051	1	9.0	5.4047619047619051	0.0	-5.5952380952380949	1	1
1.4377830028533936	1	-0.2197730029883571	6.6133896117398017	-6.2946428571428568	4.8678571428571429	30	2	90	7.3478807948841188e-16	6.4047619047619051	1	9.0	5.4047619047619051	0.0	-5.5952380952380949	1	1
1.4544861316680908	1	-0.1955449113348644	6.5994015165017057	-6.2666666666666666	4.8678571428571429	30	2	90	7.3478807948841188e-16	6.4047619047619051	1	9.0	5.4047619047619051	0.0	-5.5952380952380949	1	1
1.4709811210632324	1	-0.1955449113348644	6.5994015165017057	-6.2666666666666666	4.8678571428571429	30	2	90	7.3478807948841188e-16	6.4047619047619051	1	9.0	5.4047619047619051	0.0	-5.5952380952380949	1	1
1.4875760078430176	1	-0.1955449113348644	6.5994015165017057	-6.2666666666666666	4.8678571428571429	30	2	90	7.3478807948841188e-16	6.4047619047619051	1	9.0	5.4047619047619051	0.0	-5.5952380952380949	1	1
1.5041561126708984	1	-0.20953300657296037	6.5751734248482112	-6.2666666666666666	4.8398809523809527	30	2	90	7.3478807948841188e-16	6.4047619047619051	1	9.0	5.4047619047619051	0.0	-5.5952380952380949	1	1
1.5207710266113281	1	-0.18530491491946677	6.5611853296101152	-6.2386904761904765	4.8398809523809527	30	2	90	7.3478807948841188e-16	6.4047619047619051	1	9.0	5.4047619047619051	0.0	-5.5952380952380949	1	1
1.5373711585998535	1	-0.18530491491946677	6.5611853296101152	-6.2386904761904765	4.8398809523809527	30	2	90	7.3478807948841188e-16	6.4047619047619051	1	9.0	5.4047619047619051	0.0	-5.5952380952380949	1	1
1.5540881156921387	1	-0.18530491491946677	6.5611853296101152	-6.2386904761904765	4.8398809523809527	30	2	90	7.3478807948841188e-16	6.4047619047619051	1	9.0	5.4047619047619051	0.0	-5.5952380952380949	1	1
1.57051420211792	1	-0.18530491491946677	6.5611853296101152	-6.2386904761904765	4.8398809523809527	30	2	90	7.3478807948841188e-16	6.4047619047619051	1	9.0	5.4047619047619051	0.0	-5.5952380952380949	1	1
1.5870912075042725	1	-0.18530491491946677	6.5611853296101152	-6.2386904761904765	4.8398809523809527	30	2	90	7.3478807948841188e-16	6.4047619047619051	1	9.0	5.4047619047619051	0.0	-5.5952380952380949	1	1
1.6040492057800293	1	-0.18530491491946677	6.5611853296101152	-6.2386904761904765	4.8398809523809527	30	2	90	7.3478807948841188e-16	6.4047619047619051	1	9.0	5.4047619047619051	0.0	-5.5952380952380949	1	1
1.6205592155456543	1	-0.18530491491946677	6.5611853296101152	-6.2386904761904765	4.8398809523809527	30	2	90	7.3478807948841188e-16	6.4047619047619051	1	9.0	5.4047619047619051	0.0	-5.5952380952380949	1	1
1.6372110843658447	1	-0.18530491491946677	6.5611853296101152	-6.2386904761904765	4.8398809523809527	30	2	90	7.3478807948841188e-16	6.4047619047619051	1	9.0	5.4047619047619051	0.0	-5.5952380952380949	1	1
1.6538491249084473	1	-0.18530491491946677	6.5611853296101152	-6.2386904761904765	4.8398809523809527	30	2	90	7.3478807948841188e-16	6.4047619047619051	1	9.0	5.4047619047619051	0.0	-5.5952380952380949	1	1
1.6703860759735107	1	-0.18530491491946677	6.5611853296101152	-6.2386904761904765	4.8398809523809527	30	2	90	7.3478807948841188e-16	6.4047619047619051	1	9.0	5.4047619047619051	0.0	-5.5952380952380949	1	1
1.686955213546753	1	-0.18530491491946677	6.5611853296101152	-6.2386904761904765	4.8398809523809527	30	2	90	7.3478807948841188e-16	6.4047619047619051	1	9.0	5.4047619047619051	0.0	-5.5952380952380949	1	1
1.7035760879516602	1	-0.18530491491946677	6.5611853296101152	-6.2386904761904765	4.8398809523809527	30	2	90	7.3478807948841188e-16	6.4047619047619051	1	9.0	5.4047619047619051	0.0	-5.5952380952380949	1	1
1.720182180404663	1	-0.18530491491946677	6.5611853296101152	-6.2386904761904765	4.8398809523809527	30	2	90	7.3478807948841188e-16	6.4047619047619051	1	9.0	5.4047619047619051	0.0	-5.5952380952380949	1	1
1.7367801666259766	1	-0.18530491491946677	6.5611853296101152	-6.2386904761904765	4.8398809523809527	30	2	90	7.3478807948841188e-16	6.4047619047619051	1	9.0	5.4047619047619051	0.0	-5.5952380952380949	1	1
1.7533740997314453	1	-0.18530491491946677	6.5611853296101152	-6.2386904761904765	4.8398809523809527	30	2	90	7.3478807948841188e-16	6.4047619047619051	1	9.0	5.4047619047619051	0.0	-5.5952380952380949	1	1
1.7697131633758545	1	-0.18530491491946677	6.5611853296101152	-6.2386904761904765	4.8398809523809527	30	2	90	7.3478807948841188e-16	6.4047619047619051	1	9.0	5.4047619047619051	0.0	-5.5952380952380949	1	1
1.7862510681152344	1	-0.18530491491946677	6.5611853296101152	-6.2386904761904765	4.8398809523809527	30	2	90	7.3478807948841188e-16	6.4047619047619051	1	9.0	5.4047619047619051	0.0	-5.5952380952380949	1	1
1.802887201309204	1	-0.18530491491946677	6.5611853296101152	-6.2386904761904765	4.8398809523809527	30	2	90	7.3478807948841188e-16	6.4047619047619051	1	9.0	5.4047619047619051	0.0	-5.5952380952380949	1	1
1.819444179534912	1	-0.18530491491946677	6.5611853296101152	-6.2386904761904765	4.8398809523809527	30	2	90	7.3478807948841188e-16	6.4047619047619051	1	9.0	5.4047619047619051	0.0	-5.5952380952380949	1	1
1.8360450267791748	1	-0.18530491491946677	6.5611853296101152	-6.2386904761904765	4.8398809523809527	30	2	90	7.3478807948841188e-16	6.4047619047619051	1	9.0	5.4047619047619051	0.0	-5.5952380952380949	1	1
1.8526229858398438	1	-0.18530491491946677	6.5611853296101152	-6.2386904761904765	4.8398809523809527	30	2	90	7.3478807948841188e-16	6.4047619047619051	1	9.0	5.4047619047619051	0.0	-5.5952380952380949	1	1
1.8692851066589355	1	-0.18530491491946677	6.5611853296101152	-6.2386904761904765	4.8398809523809527	30	2	90	7.3478807948841188e-16	6.4047619047619051	1	9.0	5.4047619047619051	0.0	-5.5952380952380949	1	1
1.885815143585205	1	-0.18530491491946677	6.5611853296101152	-6.2386904761904765	4.8398809523809527	30	2	90	7.3478807948841188e-16	6.4047619047619051	1	9.0	5.4047619047619051	0.0	-5.5952380952380949	1	1
1.902420997619629	1	-0.18530491491946677	6.5611853296101152	-6.2386904761904765	4.8398809523809527	30	2	90	7.3478807948841188e-16	6.4047619047619051	1	9.0	5.4047619047619051	0.0	-5.5952380952380949	1	1
1.919260025024414	1	-0.18530491491946677	6.5611853296101152	-6.2386904761904765	4.8398809523809527	30	2	90	7.3478807948841188e-16	6.4047619047619051	1	9.0	5.4047619047619051	0.0	-5.5952380952380949	1	1
1.9359400272369385	1	-0.18530491491946677	6.5611853296101152	-6.2386904761904765	4.8398809523809527	30	2	90	7.3478807948841188e-16	6.4047619047619051	1	9.0	5.4047619047619051	0.0	-5.5952380952380949	1	1
1.9525001049041748	1	-0.18530491491946677	6.5611853296101152	-6.2386904761904765	4.8398809523809527	30	2	90	7.3478807948841188e-16	6.4047619047619051	1	9.0	5.4047619047619051	0.0	-5.5952380952380949	1	1
1.9691190719604492	1	-0.18530491491946677	6.5611853296101152	-6.2386904761904765	4.8398809523809527	30	2	90	7.3478807948841188e-16	6.4047619047619051	1	9.0	5.4047619047619051	0.0	-5.5952380952380949	1	1
1.9855470657348633	1	-0.18530491491946677	6.5611853296101152	-6.2386904761904765	4.8398809523809527	30	2	90	7.3478807948841188e-16	6.4047619047619051	1	9.0	5.4047619047619051	0.0	-5.5952380952380949	1	1
2.0022900104522705	1	-0.18530491491946677	6.5611853296101152	-6.2386904761904765	4.8398809523809527	30	2	90	7.3478807948841188e-16	6.4047619047619051	1	9.0	5.4047619047619051	0.0	-5.5952380952380949	1	1
2.0188241004943848	1	-0.20953300657296037	6.5751734248482112	-6.2666666666666666	4.8398809523809527	30	2	90	7.3478807948841188e-16	6.4047619047619051	1	9.0	5.4047619047619051	0.0	-5.5952380952380949	1	1
2.035423994064331	1	-0.20953300657296037	6.5751734248482112	-6.2666666666666666	4.8398809523809527	30	2	90	7.3478807948841188e-16	6.4047619047619051	1	9.0	5.4047619047619051	0.0	-5.5952380952380949	1	1
2.0520501136779785	1	-0.20953300657296037	6.5751734248482112	-6.2666666666666666	4.8398809523809527	30	2	90	7.3478807948841188e-16	6.4047619047619051	1	9.0	5.4047619047619051	0.0	-5.5952380952380949	1	1
2.0686562061309814	1	-0.20953300657296037	6.5751734248482112	-6.2666666666666666	4.8398809523809527	30	2	90	7.3478807948841188e-16	6.4047619047619051	1	9.0	5.4047619047619051	0.0	-5.5952380952380949	1	1
2.084959030151367	1	-0.20953300657296037	6.5751734248482112	-6.2666666666666666	4.8398809523809527	30	2	90	7.3478807948841188e-16	6.4047619047619051	1	9.0	5.4047619047619051	0.0	-5.5952380952380949	1	1
2.1015841960906982	1	-0.20953300657296037	6.5751734248482112	-6.2666666666666666	4.8398809523809527	30	2	90	7.3478807948841188e-16	6.4047619047619051	1	9.0	5.4047619047619051	0.0	-5.5952380952380949	1	1
2.1181390285491943	1	-0.20953300657296037	6.5751734248482112	-6.2666666666666666	4.8398809523809527	30	2	90	7.3478807948841188e-16	6.4047619047619051	1	9.0	5.4047619047619051	0.0	-5.5952380952380949	1	1
2.134756088256836	1	-0.20953300657296037	6.5751734248482112	-6.2666666666666666	4.8398809523809527	30	2	90	7.3478807948841188e-16	6.4047619047619051	1	9.0	5.4047619047619051	0.0	-5.5952380952380949	1	1
2.151311159133911	1	-0.20953300657296037	6.5751734248482112	-6.2666666666666666	4.8398809523809527	30	2	90	7.3478807948841188e-16	6.4047619047619051	1	9.0	5.4047619047619051	0.0	-5.5952380952380949	1	1
2.1679701805114746	1	-0.20953300657296037	6.5751734248482112	-6.2666666666666666	4.8398809523809527	30	2	90	7.3478807948841188e-16	6.4047619047619051	1	9.0	5.4047619047619051	0.0	-5.5952380952380949	1	1
2.1845240592956543	1	-0.18530491491946677	6.5611853296101152	-6.2386904761904765	4.8398809523809527	30	2	90	7.3478807948841188e-16	6.4047619047619051	1	9.0	5.4047619047619051	0.0	-5.5952380952380949	1	1
2.2011961936950684	1	-0.18530491491946677	6.5611853296101152	-6.2386904761904765	4.8398809523809527	30	2	90	7.3478807948841188e-16	6.4047619047619051	1	9.0	5.4047619047619051	0.0	-5.5952380952380949	1	1
2.2177021503448486	1	-0.18530491491946677	6.5611853296101152	-6.2386904761904765	4.8398809523809527	30	2	90	7.3478807948841188e-16	6.4047619047619051	1	9.0	5.4047619047619051	0.0	-5.5952380952380949	1	1
2.234297037124634	1	-0.18530491491946677	6.5611853296101152	-6.2386904761904765	4.8398809523809527	30	3	90	7.3478807948841188e-16	6.4047619047619051	1	9.0	5.4047619047619051	0.0	-5.5952380952380949	1	1
2.2511491775512695	1	-0.18530491491946677	6.5611853296101152	-6.2386904761904765	4.8398809523809527	30	4	90	7.3478807948841188e-16	6.4047619047619051	1	9.0	5.4047619047619051	0.0	-5.5952380952380949	1	1
2.2678091526031494	1	-0.18530491491946677	6.5611853296101152	-6.2386904761904765	4.8398809523809527	30	4	90	7.3478807948841188e-16	6.4047619047619051	1	9.0	5.4047619047619051	0.0	-5.5952380952380949	1	1
2.2843761444091797	1	-0.15732872444327572	6.5611853296101152	-6.2107142857142854	4.8398809523809527	30	4	90	7.3478807948841188e-16	6.4047619047619051	1	9.0	5.4047619047619051	0.0	-5.5952380952380949	1	1
2.300976037979126	1	-0.12935253396708557	6.5611853296101152	-6.1827380952380953	4.8398809523809527	30	4	90	7.3478807948841188e-16	6.4047619047619051	1	9.0	5.4047619047619051	0.0	-5.5952380952380949	1	1
2.3175570964813232	1	-0.10137634349089542	6.5611853296101152	-6.1547619047619051	4.8119047619047617	30	4	90	7.3478807948841188e-16	6.4047619047619051	1	9.0	5.4047619047619051	0.0	-5.5952380952380949	1	1
2.3342201709747314	1	-0.073400153014704372	6.5611853296101152	-6.1267857142857141	4.8119047619047617	30	4	90	7.3478807948841188e-16	6.4047619047619051	1	9.0	5.4047619047619051	0.0	-5.5952380952380949	1	1
2.350703001022339	1	0.01052841841386698	6.5611853296101152	-6.0428571428571427	4.7839285714285715	30	4	90	7.3478807948841188e-16	6.4047619047619051	1	9.0	5.4047619047619051	0.0	-5.5952380952380949	1	1
2.3673810958862305	1	0.066480799366248178	6.5611853296101152	-5.9869047619047615	4.7839285714285715	30	4	90	7.3478807948841188e-16	6.4047619047619051	1	9.0	5.4047619047619051	0.0	-5.5952380952380949	1	1
2.3839521408081055	1	0.17838556127100968	6.5611853296101152	-5.875	4.7559523809523814	30	4	90	7.3478807948841188e-16	6.4047619047619051	1	9.0	5.4047619047619051	0.0	-5.5952380952380949	1	1
2.4005842208862305	1	0.26231413269958104	6.5611853296101152	-5.7910714285714286	4.7559523809523814	30	4	90	7.3478807948841188e-16	6.4047619047619051	1	9.0	5.4047619047619051	0.0	-5.5952380952380949	1	1
2.4168481826782227	1	0.37421889460434343	6.5611853296101152	-5.6791666666666663	4.7559523809523814	30	4	90	7.3478807948841188e-16	6.4047619047619051	1	9.0	5.4047619047619051	0.0	-5.5952380952380949	1	1
2.433439016342163	1	0.43017127555672374	6.5611853296101152	-5.6232142857142859	4.7559523809523814	30	4	90	7.3478807948841188e-16	6.4047619047619051	1	9.0	5.4047619047619051	0.0	-5.5952380952380949	1	1
2.449995994567871	1	0.54207603746148614	6.5611853296101152	-5.5113095238095235	4.7559523809523814	30	4	90	7.3478807948841188e-16	6.4047619047619051	1	9.0	5.4047619047619051	0.0	-5.5952380952380949	1	1
2.466647148132324	1	0.62600460889005749	6.5611853296101152	-5.4273809523809522	4.7559523809523814	30	4	90	7.3478807948841188e-16	6.4047619047619051	1	9.0	5.4047619047619051	0.0	-5.5952380952380949	1	1
2.483213186264038	1	0.79386175174720019	6.5611853296101152	-5.2595238095238095	4.7559523809523814	30	4	90	7.3478807948841188e-16	6.4047619047619051	1	9.0	5.4047619047619051	0.0	-5.5952380952380949	1	1
2.4998090267181396	1	0.84981413269958139	6.5611853296101152	-5.2035714285714283	4.7559523809523814	30	4	90	7.3478807948841188e-16	6.4047619047619051	1	9.0	5.4047619047619051	0.0	-5.5952380952380949	1	1
2.516390085220337	1	1.0176712755567241	6.5611853296101152	-5.0357142857142856	4.7559523809523814	30	4	90	7.3478807948841188e-16	6.4047619047619051	1	9.0	5.4047619047619051	0.0	-5.5952380952380949	1	1
2.533015012741089	1	1.1855284184138668	6.5611853296101152	-4.8678571428571429	4.7559523809523814	30	4	90	7.3478807948841188e-16	6.4047619047619051	1	9.0	5.4047619047619051	0.0	-5.5952380952380949	1	1
2.549588203430176	1	1.3533855612710095	6.5611853296101152	-4.7000000000000002	4.7559523809523814	30	4	90	7.3478807948841188e-16	6.4047619047619051	1	9.0	5.4047619047619051	0.0	-5.5952380952380949	1	1
2.5664641857147217	1	1.4373141326995809	6.5611853296101152	-4.6160714285714288	4.7839285714285715	30	4	90	7.3478807948841188e-16	6.4047619047619051	1	9.0	5.4047619047619051	0.0	-5.5952380952380949	1	1
2.583076000213623	1	1.6051712755567236	6.5611853296101152	-4.4482142857142861	4.7839285714285715	30	4	90	7.3478807948841188e-16	6.4047619047619051	1	9.0	5.4047619047619051	0.0	-5.5952380952380949	1	1
2.5997121334075928	1	1.6890998469852958	6.5611853296101152	-4.3642857142857139	4.7839285714285715	30	4	90	7.3478807948841188e-16	6.4047619047619051	1	9.0	5.4047619047619051	0.0	-5.5952380952380949	1	1
2.616267204284668	1	1.9129093707948188	6.5611853296101152	-4.1404761904761909	4.8119047619047617	30	4	90	7.3478807948841188e-16	6.4047619047619051	1	9.0	5.4047619047619051	0.0	-5.5952380952380949	1	1
2.632850170135498	1	2.1646950850805333	6.5611853296101152	-3.8886904761904764	4.8398809523809527	30	4	90	7.3478807948841188e-16	6.4047619047619051	1	9.0	5.4047619047619051	0.0	-5.5952380952380949	1	1
2.649487018585205	1	2.4444569898424384	6.5611853296101152	-3.6089285714285713	4.8398809523809527	30	4	90	7.3478807948841188e-16	6.4047619047619051	1	9.0	5.4047619047619051	0.0	-5.5952380952380949	1	1
2.6659631729125977	1	2.6123141326995811	6.5611853296101152	-3.4410714285714286	4.8398809523809527	30	4	90	7.3478807948841188e-16	6.4047619047619051	1	9.0	5.4047619047619051	0.0	-5.5952380952380949	1	1
2.6826441287994385	1	3.0039807993662477	6.5611853296101152	-3.049404761904762	4.8678571428571429	30	4	90	7.3478807948841188e-16	6.4047619047619051	1	9.0	5.4047619047619051	0.0	-5.5952380952380949	1	1
2.699190139770508	1	3.2277903231757716	6.5611853296101152	-2.825595238095238	4.8678571428571429	30	4	90	7.3478807948841188e-16	6.4047619047619051	1	9.0	5.4047619047619051	0.0	-5.5952380952380949	1	1
2.715825080871582	1	3.8152903231757715	6.5611853296101152	-2.2380952380952381	4.895833333333333	30	4	90	7.3478807948841188e-16	6.4047619047619051	1	9.0	5.4047619047619051	0.0	-5.5952380952380949	1	1
2.732112169265747	1	4.5146950850805334	6.5611853296101152	-1.5386904761904763	4.9517857142857142	30	4	90	7.3478807948841188e-16	6.4047619047619051	1	9.0	5.4047619047619051	0.0	-5.5952380952380949	1	1
2.7487411499023438	1	5.2700522279376765	6.5611853296101152	-0.78333333333333333	4.9797619047619044	30	4	90	7.3478807948841188e-16	6.4047619047619051	1	9.0	5.4047619047619051	0.0	-5.5952380952380949	1	1
2.7653441429138184	1	5.6337427041281529	6.5611853296101152	-0.41964285714285715	5.0077380952380954	30	4	90	7.3478807948841188e-16	6.4047619047619051	1	9.0	5.4047619047619051	0.0	-5.5952380952380949	1	1
2.7819621562957764	1	6.3611236565091058	6.5611853296101152	0.30773809523809526	5.0357142857142856	30	4	90	7.3478807948841188e-16	6.4047619047619051	1	9.0	5.4047619047619051	0.0	-5.5952380952380949	1	1
2.798504114151001	1	6.7527903231757724	6.5611853296101152	0.69940476190476186	5.0357142857142856	30	4	90	7.3478807948841188e-16	6.4047619047619051	1	9.0	5.4047619047619051	0.0	-5.5952380952380949	1	1
2.8150620460510254	1	7.5081474660329155	6.5611853296101152	1.4547619047619047	5.0357142857142856	30	4	90	7.3478807948841188e-16	6.4047619047619051	1	9.0	5.4047619047619051	0.0	-5.5952380952380949	1	1
2.8316831588745117	1	7.2397354275175525	2.4681610223882195	2.2380952380952381	5.0077380952380954	30	4	90	7.3478807948841188e-16	6.4047619047619051	1	9.0	5.4047619047619051	0.0	-5.5952380952380949	1	1
2.848268985748291	1	7.831449623616788	2.0942305497823437	2.9375	4.9797619047619044	30	4	90	7.3478807948841188e-16	6.4047619047619051	1	9.0	5.4047619047619051	0.0	-5.5952380952380949	1	1
2.8648931980133057	1	8.083970536567119	1.9161334105098033	3.2452380952380953	4.9517857142857142	30	4	90	7.3478807948841188e-16	6.4047619047619051	1	9.0	5.4047619047619051	0.0	-5.5952380952380949	1	1
2.8815371990203857	1	8.419415720893326	1.6578557986313882	3.6648809523809525	4.895833333333333	30	4	90	7.3478807948841188e-16	6.4047619047619051	1	9.0	5.4047619047619051	0.0	-5.5952380952380949	1	1
2.898267984390259	1	8.512579988684601	1.5394591391339265	3.8047619047619046	4.8398809523809527	30	5	90	7.3478807948841188e-16	6.4047619047619051	1	9.0	5.4047619047619051	0.0	-5.5952380952380949	1	1
2.914924144744873	1	8.640212344544768	1.3688581975067802	4.0005952380952383	4.7559523809523814	30	5	90	7.3478807948841188e-16	6.4047619047619051	1	9.0	5.4047619047619051	0.0	-5.5952380952380949	1	1
2.93156099319458	1	8.68117233020636	1.2159934499404264	4.1124999999999998	4.644047619047619	30	5	90	7.3478807948841188e-16	6.4047619047619051	1	9.0	5.4047619047619051	0.0	-5.5952380952380949	1	1
2.9481492042541504	1	8.611231854015884	1.0948529916729592	4.1124999999999998	4.5041666666666664	30	5	90	7.3478807948841188e-16	6.4047619047619051	1	9.0	5.4047619047619051	0.0	-5.5952380952380949	1	1
2.964691162109375	1	8.53105138141001	1.0119287202970835	4.0845238095238097	4.3922619047619049	30	5	90	7.3478807948841188e-16	6.4047619047619051	1	9.0	5.4047619047619051	0.0	-5.5952380952380949	1	1
2.98136305809021	1	8.225321886277303	0.93000874897389796	3.8607142857142858	4.168452380952381	30	5	90	7.3478807948841188e-16	6.4047619047619051	1	9.0	5.4047619047619051	0.0	-5.5952380952380949	1	1
2.997826099395752	1	8.010012860165867	0.8927968621350022	3.6928571428571431	4.0285714285714285	30	5	90	7.3478807948841188e-16	6.4047619047619051	1	9.0	5.4047619047619051	0.0	-5.5952380952380949	1	1
3.0144710540771484	1	7.492722437744421	0.83610928251800587	3.2732142857142859	3.7208333333333332	30	5	90	7.3478807948841188e-16	6.4047619047619051	1	9.0	5.4047619047619051	0.0	-5.5952380952380949	1	1
3.0310699939727783	1	6.9614439200848794	0.75519361124751683	2.8535714285714286	3.3851190476190478	30	5	90	7.3478807948841188e-16	6.4047619047619051	1	9.0	5.4047619047619051	0.0	-5.5952380952380949	1	1
3.0476861000061035	1	6.6939306118437605	0.68351363633973072	2.6577380952380953	3.1892857142857145	30	5	90	7.3478807948841188e-16	6.4047619047619051	1	9.0	5.4047619047619051	0.0	-5.5952380952380949	1	1
3.064298152923584	1	6.2111082774912045	0.57462177459304975	2.2940476190476189	2.8535714285714286	30	5	90	7.3478807948841188e-16	6.4047619047619051	1	9.0	5.4047619047619051	0.0	-5.5952380952380949	1	1
3.080989122390747	1	5.752514034792144	0.45174181760827281	1.9583333333333333	2.5178571428571428	30	5	90	7.3478807948841188e-16	6.4047619047619051	1	9.0	5.4047619047619051	0.0	-5.5952380952380949	1	1
3.097504138946533	1	5.547445005096106	0.37631374387779015	1.8184523809523809	2.3500000000000001	30	5	90	7.3478807948841188e-16	6.4047619047619051	1	9.0	5.4047619047619051	0.0	-5.5952380952380949	1	1
3.1140851974487305	1	5.050634575505457	0.24319379047761736	1.4547619047619047	1.9863095238095239	30	5	90	7.3478807948841188e-16	6.4047619047619051	1	9.0	5.4047619047619051	0.0	-5.5952380952380949	1	1
3.1306300163269043	1	4.515607959023218	0.099833840662045148	1.0630952380952381	1.5946428571428573	30	5	90	7.3478807948841188e-16	6.4047619047619051	1	9.0	5.4047619047619051	0.0	-5.5952380952380949	1	1
3.1472251415252686	1	4.2480946507820985	0.028153865754258156	0.86726190476190479	1.3988095238095237	30	5	90	7.3478807948841188e-16	6.4047619047619051	1	9.0	5.4047619047619051	0.0	-5.5952380952380949	1	1
3.1638619899749756	1	3.6506237557547787	-0.11145798523861572	0.41964285714285715	0.97916666666666663	30	5	90	7.3478807948841188e-16	6.4047619047619051	1	9.0	5.4047619047619051	0.0	-5.5952380952380949	1	1
3.180453062057495	1	3.0009485785977748	-0.28553792430038261	-0.055952380952380955	0.50357142857142856	30	5	90	7.3478807948841188e-16	6.4047619047619051	1	9.0	5.4047619047619051	0.0	-5.5952380952380949	1	1
3.1970651149749756	1	2.6812309882269716	-0.39168598727705906	-0.27976190476190477	0.25178571428571428	30	5	90	7.3478807948841188e-16	6.4047619047619051	1	9.0	5.4047619047619051	0.0	-5.5952380952380949	1	1
3.2135400772094727	1	2.017567715831873	-0.58999401799231777	-0.75535714285714284	-0.25178571428571428	30	5	90	7.3478807948841188e-16	6.4047619047619051	1	9.0	5.4047619047619051	0.0	-5.5952380952380949	1	1
3.230213165283203	1	1.3399163481986784	-0.81253014036107007	-1.230952380952381	-0.78333333333333333	30	5	90	7.3478807948841188e-16	6.4047619047619051	1	9.0	5.4047619047619051	0.0	-5.5952380952380949	1	1
3.2467570304870605	1	0.9959706661743819	-0.90469010809965233	-1.4827380952380953	-1.0351190476190477	30	5	90	7.3478807948841188e-16	6.4047619047619051	1	9.0	5.4047619047619051	0.0	-5.5952380952380949	1	1
3.263401985168457	1	0.34254739019468117	-1.1412143257064988	-1.9303571428571429	-1.5666666666666667	30	5	90	7.3478807948841188e-16	6.4047619047619051	1	9.0	5.4047619047619051	0.0	-5.5952380952380949	1	1
3.27999210357666	1	-0.24843160723993818	-1.3814866421360446	-2.3220238095238095	-2.0702380952380954	30	5	90	7.3478807948841188e-16	6.4047619047619051	1	9.0	5.4047619047619051	0.0	-5.5952380952380949	1	1
3.2966341972351074	1	-0.5439211059572477	-1.5016228003508161	-2.5178571428571428	-2.3220238095238095	30	5	90	7.3478807948841188e-16	6.4047619047619051	1	9.0	5.4047619047619051	0.0	-5.5952380952380949	1	1
3.3132259845733643	1	-1.0864439200848808	-1.769871307256552	-2.8535714285714286	-2.825595238095238	30	5	90	7.3478807948841188e-16	6.4047619047619051	1	9.0	5.4047619047619051	0.0	-5.5952380952380949	1	1
3.329822063446045	1	-1.5767624520828303	-2.0036517260933957	-3.1613095238095239	-3.2732142857142859	30	5	90	7.3478807948841188e-16	6.4047619047619051	1	9.0	5.4047619047619051	0.0	-5.5952380952380949	1	1
3.3463451862335205	1	-1.7958195770169627	-2.1033078914773724	-3.301190476190476	-3.4690476190476192	30	5	90	7.3478807948841188e-16	6.4047619047619051	1	9.0	5.4047619047619051	0.0	-5.5952380952380949	1	1
3.3629660606384277	1	-2.209705735231735	-2.3166083174834204	-3.5529761904761905	-3.8607142857142858	30	5	90	7.3478807948841188e-16	6.4047619047619051	1	9.0	5.4047619047619051	0.0	-5.5952380952380949	1	1
3.379270076751709	1	-2.3905466732742795	-2.4060244864519982	-3.6648809523809525	-4.0285714285714285	30	5	90	7.3478807948841188e-16	6.4047619047619051	1	9.0	5.4047619047619051	0.0	-5.5952380952380949	1	1
3.395968198776245	1	-2.703772366052381	-2.6128330148653456	-3.8327380952380952	-4.3642857142857139	30	5	90	7.3478807948841188e-16	6.4047619047619051	1	9.0	5.4047619047619051	0.0	-5.5952380952380949	1	1
3.412504196166992	1	-3.0030099635923886	-2.7954134516251998	-4.0005952380952383	-4.6720238095238091	30	5	90	7.3478807948841188e-16	6.4047619047619051	1	9.0	5.4047619047619051	0.0	-5.5952380952380949	1	1
3.4290871620178223	1	-3.2398032825873138	-2.9817419872077515	-4.1124999999999998	-4.9517857142857142	30	5	90	7.3478807948841188e-16	6.4047619047619051	1	9.0	5.4047619047619051	0.0	-5.5952380952380949	1	1
3.4456911087036133	1	-3.358199942084777	-3.0749062549990271	-4.168452380952381	-5.0916666666666668	30	5	90	7.3478807948841188e-16	6.4047619047619051	1	9.0	5.4047619047619051	0.0	-5.5952380952380949	1	1
3.4622931480407715	1	-3.5949932610797015	-3.2612347905815784	-4.2803571428571425	-5.371428571428571	30	5	90	7.3478807948841188e-16	6.4047619047619051	1	9.0	5.4047619047619051	0.0	-5.5952380952380949	1	1
3.478823184967041	1	-3.699401825339069	-3.3301709667193609	-4.3363095238095237	-5.4833333333333334	30	5	90	7.3478807948841188e-16	6.4047619047619051	1	9.0	5.4047619047619051	0.0	-5.5952380952380949	1	1
3.495488166809082	1	-3.9119670526805015	-3.5304875975400076	-4.4202380952380951	-5.7630952380952385	30	5	90	7.3478807948841188e-16	6.4047619047619051	1	9.0	5.4047619047619051	0.0	-5.5952380952380949	1	1
3.5120480060577393	1	-4.048099906238757	-3.7103242355298574	-4.4482142857142861	-5.9869047619047615	30	5	90	7.3478807948841188e-16	6.4047619047619051	1	9.0	5.4047619047619051	0.0	-5.5952380952380949	1	1
3.5286741256713867	1	-4.198220855035107	-3.914388965173202	-4.4761904761904763	-6.2386904761904765	30	5	90	7.3478807948841188e-16	6.4047619047619051	1	9.0	5.4047619047619051	0.0	-5.5952380952380949	1	1
3.545401096343994	1	-4.278401327640981	-3.9973132365490796	-4.5041666666666664	-6.350595238095238	30	5	90	7.3478807948841188e-16	6.4047619047619051	1	9.0	5.4047619047619051	0.0	-5.5952380952380949	1	1
3.5621039867401123	1	-4.414534181199236	-4.1771498745389302	-4.5321428571428575	-6.5744047619047619	30	5	90	7.3478807948841188e-16	6.4047619047619051	1	9.0	5.4047619047619051	0.0	-5.5952380952380949	1	1
3.5786571502685547	1	-4.480726558567015	-4.2358460542613141	-4.5601190476190476	-6.6583333333333332	30	5	90	7.3478807948841188e-16	6.4047619047619051	1	9.0	5.4047619047619051	0.0	-5.5952380952380949	1	1
3.595318078994751	1	-4.627099408540668	-4.3774665053595765	-4.6160714285714288	-6.854166666666667	30	5	90	7.3478807948841188e-16	6.4047619047619051	1	9.0	5.4047619047619051	0.0	-5.5952380952380949	1	1
3.611917018890381	1	-4.759484163276225	-4.4948588648043462	-4.6720238095238091	-7.0220238095238097	30	5	90	7.3478807948841188e-16	6.4047619047619051	1	9.0	5.4047619047619051	0.0	-5.5952380952380949	1	1
3.6284971237182617	1	-4.863892727535593	-4.5637950409421277	-4.7279761904761903	-7.1339285714285712	30	5	90	7.3478807948841188e-16	6.4047619047619051	1	9.0	5.4047619047619051	0.0	-5.5952380952380949	1	1
3.645090103149414	1	-5.044733665578137	-4.6532112099107055	-4.8398809523809527	-7.3017857142857139	30	5	90	7.3478807948841188e-16	6.4047619047619051	1	9.0	5.4047619047619051	0.0	-5.5952380952380949	1	1
3.6617231369018555	1	-5.26379079051227	-4.7528673752946826	-4.9797619047619044	-7.4976190476190476	30	5	90	7.3478807948841188e-16	6.4047619047619051	1	9.0	5.4047619047619051	0.0	-5.5952380952380949	1	1
3.6781880855560303	1	-5.378439351187036	-4.7835873645408764	-5.0636904761904766	-7.581547619047619	30	5	90	7.3478807948841188e-16	6.4047619047619051	1	9.0	5.4047619047619051	0.0	-5.5952380952380949	1	1
3.694888114929199	1	-5.656192655843553	-4.8170511525570738	-5.2874999999999996	-7.7494047619047617	30	5	90	7.3478807948841188e-16	6.4047619047619051	1	9.0	5.4047619047619051	0.0	-5.5952380952380949	1	1
3.711452007293701	1	-5.795069308171811	-4.8337830465651725	-5.399404761904762	-7.833333333333333	30	5	90	7.3478807948841188e-16	6.4047619047619051	1	9.0	5.4047619047619051	0.0	-5.5952380952380949	1	1
3.72809100151062	1	-6.030858327114044	-4.7945625596208901	-5.6232142857142859	-7.9172619047619044	30	5	90	7.3478807948841188e-16	6.4047619047619051	1	9.0	5.4047619047619051	0.0	-5.5952380952380949	1	1
3.744610071182251	1	-6.315103529363261	-4.7273658822004183	-5.9029761904761902	-8.0011904761904766	30	5	90	7.3478807948841188e-16	6.4047619047619051	1	9.0	5.4047619047619051	0.0	-5.5952380952380949	1	1
3.761247158050537	1	-6.644056816096769	-4.5697487357586732	-6.2666666666666666	-8.0291666666666668	30	5	90	7.3478807948841188e-16	6.4047619047619051	1	9.0	5.4047619047619051	0.0	-5.5952380952380949	1	1
3.7778480052948	1	-6.837881549324714	-4.4578439738539117	-6.4904761904761905	-8.0291666666666668	30	5	90	7.3478807948841188e-16	6.4047619047619051	1	9.0	5.4047619047619051	0.0	-5.5952380952380949	1	1
3.794534206390381	1	-7.225531015780606	-4.2340344500443869	-6.9380952380952383	-8.0291666666666668	30	5	90	7.3478807948841188e-16	6.4047619047619051	1	9.0	5.4047619047619051	0.0	-5.5952380952380949	1	1
3.8109991550445557	1	-7.419355749008552	-4.1221296881396254	-7.1619047619047622	-8.0291666666666668	30	5	90	7.3478807948841188e-16	6.4047619047619051	1	9.0	5.4047619047619051	0.0	-5.5952380952380949	1	1
3.8276171684265137	1	-7.706344750027772	-3.8918282667374009	-7.5255952380952378	-7.9732142857142856	30	5	90	7.3478807948841188e-16	6.4047619047619051	1	9.0	5.4047619047619051	0.0	-5.5952380952380949	1	1
3.8441731929779053	1	-7.872193292779528	-3.7314673215256522	-7.7494047619047617	-7.9172619047619044	30	5	90	7.3478807948841188e-16	6.4047619047619051	1	9.0	5.4047619047619051	0.0	-5.5952380952380949	1	1
3.8608410358428955	1	-7.951369465332708	-3.5888425703746965	-7.8892857142857142	-7.833333333333333	30	5	90	7.3478807948841188e-16	6.4047619047619051	1	9.0	5.4047619047619051	0.0	-5.5952380952380949	1	1
3.877243995666504	1	-7.9858375534016	-3.5366382882450127	-7.9452380952380954	-7.8053571428571429	30	5	90	7.3478807948841188e-16	6.4047619047619051	1	9.0	5.4047619047619051	0.0	-5.5952380952380949	1	1
3.8939731121063232	1	-8.030545637885888	-3.4462178192237412	-8.0291666666666668	-7.7494047619047617	30	5	90	7.3478807948841188e-16	6.4047619047619051	1	9.0	5.4047619047619051	0.0	-5.5952380952380949	1	1
3.9105381965637207	1	-8.030545637885888	-3.4462178192237412	-8.0291666666666668	-7.7494047619047617	30	5	90	7.3478807948841188e-16	6.4047619047619051	1	9.0	5.4047619047619051	0.0	-5.5952380952380949	1	1
3.927164077758789	1	-8.040785634301287	-3.4080016323321529	-8.0571428571428569	-7.7214285714285715	30	5	90	7.3478807948841188e-16	6.4047619047619051	1	9.0	5.4047619047619051	0.0	-5.5952380952380949	1	1
3.943787097930908	1	-8.040785634301287	-3.4080016323321529	-8.0571428571428569	-7.7214285714285715	30	5	90	7.3478807948841188e-16	6.4047619047619051	1	9.0	5.4047619047619051	0.0	-5.5952380952380949	1	1
3.960379123687744	1	-8.040785634301287	-3.4080016323321529	-8.0571428571428569	-7.7214285714285715	30	5	90	7.3478807948841188e-16	6.4047619047619051	1	9.0	5.4047619047619051	0.0	-5.5952380952380949	1	1
3.976957082748413	1	-8.054773729539383	-3.4322297239856461	-8.0571428571428569	-7.7494047619047617	30	5	90	7.3478807948841188e-16	6.4047619047619051	1	9.0	5.4047619047619051	0.0	-5.5952380952380949	1	1
3.9935600757598877	1	-7.968101359340808	-3.4499659180464382	-7.9732142857142856	-7.7214285714285715	30	5	90	7.3478807948841188e-16	6.4047619047619051	1	9.0	5.4047619047619051	0.0	-5.5952380952380949	1	1
4.010116100311279	1	-7.9196451760338205	-3.4779421085226288	-7.9172619047619044	-7.7214285714285715	30	5	90	7.3478807948841188e-16	6.4047619047619051	1	9.0	5.4047619047619051	0.0	-5.5952380952380949	1	1
4.026686191558838	1	-7.6876042559142865	-3.5796068740119926	-7.6654761904761903	-7.6934523809523814	30	5	90	7.3478807948841188e-16	6.4047619047619051	1	9.0	5.4047619047619051	0.0	-5.5952380952380949	1	1
4.043314218521118	1	-7.396867156072369	-3.7474640168691353	-7.3297619047619049	-7.6934523809523814	30	5	90	7.3478807948841188e-16	6.4047619047619051	1	9.0	5.4047619047619051	0.0	-5.5952380952380949	1	1
4.059967041015625	1	-7.134106246706639	-3.9637773430332643	-6.9940476190476186	-7.7494047619047617	30	5	90	7.3478807948841188e-16	6.4047619047619051	1	9.0	5.4047619047619051	0.0	-5.5952380952380949	1	1
4.0764710903167725	1	-6.978497700370283	-4.0859221013534244	-6.7982142857142858	-7.7773809523809527	30	5	90	7.3478807948841188e-16	6.4047619047619051	1	9.0	5.4047619047619051	0.0	-5.5952380952380949	1	1
4.093116998672485	1	-6.667280607697568	-4.3302116179937435	-6.4065476190476192	-7.833333333333333	30	5	90	7.3478807948841188e-16	6.4047619047619051	1	9.0	5.4047619047619051	0.0	-5.5952380952380949	1	1
4.10974907875061	1	-6.549888248252799	-4.4625963727293021	-6.2386904761904765	-7.8892857142857142	30	5	90	7.3478807948841188e-16	6.4047619047619051	1	9.0	5.4047619047619051	0.0	-5.5952380952380949	1	1
4.126237154006958	1	-6.266647346056275	-4.7553420726766085	-5.8470238095238098	-8.0011904761904766	30	5	90	7.3478807948841188e-16	6.4047619047619051	1	9.0	5.4047619047619051	0.0	-5.5952380952380949	1	1
4.1428751945495605	1	-6.035610725989435	-5.0825558606928061	-5.4833333333333334	-8.1690476190476193	30	5	90	7.3478807948841188e-16	6.4047619047619051	1	9.0	5.4047619047619051	0.0	-5.5952380952380949	1	1
4.15947413444519	1	-5.918218366544665	-5.2149406154283628	-5.3154761904761907	-8.2249999999999996	30	5	90	7.3478807948841188e-16	6.4047619047619051	1	9.0	5.4047619047619051	0.0	-5.5952380952380949	1	1
4.176083087921143	1	-5.7356379297848115	-5.5141782129683694	-5.0077380952380954	-8.3928571428571423	30	5	90	7.3478807948841188e-16	6.4047619047619051	1	9.0	5.4047619047619051	0.0	-5.5952380952380949	1	1
4.1926422119140625	1	-5.591273679916546	-5.8236558069237763	-4.7279761904761903	-8.588690476190477	30	5	90	7.3478807948841188e-16	6.4047619047619051	1	9.0	5.4047619047619051	0.0	-5.5952380952380949	1	1
4.209345102310181	1	-5.536325599016859	-5.9522924628366365	-4.6160714285714288	-8.6726190476190474	30	5	90	7.3478807948841188e-16	6.4047619047619051	1	9.0	5.4047619047619051	0.0	-5.5952380952380949	1	1
4.225807189941406	1	-5.464645624109072	-6.2198057710777555	-4.4202380952380951	-8.8684523809523803	30	5	90	7.3478807948841188e-16	6.4047619047619051	1	9.0	5.4047619047619051	0.0	-5.5952380952380949	1	1
4.2424280643463135	1	-5.465649924161767	-6.4453547936045901	-4.3083333333333336	-9.0642857142857149	30	5	90	7.3478807948841188e-16	6.4047619047619051	1	9.0	5.4047619047619051	0.0	-5.5952380952380949	1	1
4.2590491771698	1	-5.459158026569066	-6.5460152590412584	-4.2523809523809524	-9.1482142857142854	30	5	90	7.3478807948841188e-16	6.4047619047619051	1	9.0	5.4047619047619051	0.0	-5.5952380952380949	1	1
4.27564001083374	1	-5.532846601582238	-6.729599995853806	-4.2244047619047622	-9.3440476190476183	30	5	90	7.3478807948841188e-16	6.4047619047619051	1	9.0	5.4047619047619051	0.0	-5.5952380952380949	1	1
4.292204141616821	1	-5.665231356317797	-6.8469923552985765	-4.2803571428571425	-9.5119047619047628	30	5	90	7.3478807948841188e-16	6.4047619047619051	1	9.0	5.4047619047619051	0.0	-5.5952380952380949	1	1
4.308878183364868	1	-5.769639920577164	-6.9159285314363581	-4.3363095238095237	-9.6238095238095234	30	5	90	7.3478807948841188e-16	6.4047619047619051	1	9.0	5.4047619047619051	0.0	-5.5952380952380949	1	1
4.325362205505371	1	-6.012925137164791	-7.0015966015822402	-4.5041666666666664	-9.819642857142858	30	5	90	7.3478807948841188e-16	6.4047619047619051	1	9.0	5.4047619047619051	0.0	-5.5952380952380949	1	1
4.3419060707092285	1	-6.377350812019882	-7.0173241955376451	-4.8119047619047617	-10.015476190476191	30	5	90	7.3478807948841188e-16	6.4047619047619051	1	9.0	5.4047619047619051	0.0	-5.5952380952380949	1	1
4.358623027801514	1	-6.602899834546717	-7.0163198954849513	-5.0077380952380954	-10.127380952380953	30	5	90	7.3478807948841188e-16	6.4047619047619051	1	9.0	5.4047619047619051	0.0	-5.5952380952380949	1	1
4.375174045562744	1	-7.10245406290737	-6.9863351049033726	-5.4553571428571432	-10.351190476190476	30	5	90	7.3478807948841188e-16	6.4047619047619051	1	9.0	5.4047619047619051	0.0	-5.5952380952380949	1	1
4.391820192337036	1	-7.588020196029927	-6.9321222226683012	-5.9029761904761902	-10.547023809523809	30	5	90	7.3478807948841188e-16	6.4047619047619051	1	9.0	5.4047619047619051	0.0	-5.5952380952380949	1	1
4.408483028411865	1	-7.809821119734064	-6.8686736440705269	-6.1267857142857141	-10.602976190476191	30	5	90	7.3478807948841188e-16	6.4047619047619051	1	9.0	5.4047619047619051	0.0	-5.5952380952380949	1	1
4.424992084503174	1	-8.10430631839868	-6.7632607797584647	-6.4345238095238093	-10.658928571428572	30	5	90	7.3478807948841188e-16	6.4047619047619051	1	9.0	5.4047619047619051	0.0	-5.5952380952380949	1	1
4.441589117050171	1	-8.28414295638853	-6.6271279262002096	-6.6583333333333332	-10.630952380952381	30	5	90	7.3478807948841188e-16	6.4047619047619051	1	9.0	5.4047619047619051	0.0	-5.5952380952380949	1	1
4.4582250118255615	1	-8.328851040872818	-6.5367074571789372	-6.7422619047619046	-10.574999999999999	30	5	90	7.3478807948841188e-16	6.4047619047619051	1	9.0	5.4047619047619051	0.0	-5.5952380952380949	1	1
4.474743127822876	1	-8.48071148838648	-6.3521184203136958	-6.9660714285714285	-10.491071428571429	30	5	90	7.3478807948841188e-16	6.4047619047619051	1	9.0	5.4047619047619051	0.0	-5.5952380952380949	1	1
4.491349220275879	1	-8.525419572870769	-6.2616979512924233	-7.0499999999999998	-10.435119047619047	30	5	90	7.3478807948841188e-16	6.4047619047619051	1	9.0	5.4047619047619051	0.0	-5.5952380952380949	1	1
4.508023023605347	1	-8.625075738254745	-6.0426408263582907	-7.2458333333333336	-10.295238095238096	30	5	90	7.3478807948841188e-16	6.4047619047619051	1	9.0	5.4047619047619051	0.0	-5.5952380952380949	1	1
4.524561166763306	1	-8.676275720331736	-5.8515598919003491	-7.3857142857142861	-10.155357142857143	30	5	90	7.3478807948841188e-16	6.4047619047619051	1	9.0	5.4047619047619051	0.0	-5.5952380952380949	1	1
4.5411741733551025	1	-8.67901951910174	-5.6884551479185967	-7.4696428571428575	-10.015476190476191	30	5	90	7.3478807948841188e-16	6.4047619047619051	1	9.0	5.4047619047619051	0.0	-5.5952380952380949	1	1
4.557787179946899	1	-8.67527142027904	-5.6260108693735145	-7.4976190476190476	-9.9595238095238088	30	5	90	7.3478807948841188e-16	6.4047619047619051	1	9.0	5.4047619047619051	0.0	-5.5952380952380949	1	1
4.574326992034912	1	-8.61931903932666	-5.5290985027595427	-7.4976190476190476	-9.8476190476190482	30	5	90	7.3478807948841188e-16	6.4047619047619051	1	9.0	5.4047619047619051	0.0	-5.5952380952380949	1	1
4.590916156768799	1	-8.553126661958881	-5.4704023230371579	-7.4696428571428575	-9.7636904761904759	30	5	90	7.3478807948841188e-16	6.4047619047619051	1	9.0	5.4047619047619051	0.0	-5.5952380952380949	1	1
4.607522010803223	1	-8.348057632262844	-5.3949742493066744	-7.3297619047619049	-9.5958333333333332	30	5	90	7.3478807948841188e-16	6.4047619047619051	1	9.0	5.4047619047619051	0.0	-5.5952380952380949	1	1
4.624131202697754	1	-8.018100045476643	-5.3270423732215857	-7.0779761904761909	-9.3720238095238102	30	5	90	7.3478807948841188e-16	6.4047619047619051	1	9.0	5.4047619047619051	0.0	-5.5952380952380949	1	1
4.6407060623168945	1	-7.639686275383456	-5.2870866876126872	-6.7702380952380956	-9.1482142857142854	30	5	90	7.3478807948841188e-16	6.4047619047619051	1	9.0	5.4047619047619051	0.0	-5.5952380952380949	1	1
4.657371997833252	1	-7.438365344510115	-5.2741028924272859	-6.602380952380952	-9.036309523809523	30	5	90	7.3478807948841188e-16	6.4047619047619051	1	9.0	5.4047619047619051	0.0	-5.5952380952380949	1	1
4.6738550662994385	1	-7.007747292287245	-5.1996791187494971	-6.2666666666666666	-8.7565476190476197	30	5	90	7.3478807948841188e-16	6.4047619047619051	1	9.0	5.4047619047619051	0.0	-5.5952380952380949	1	1
4.690451145172119	1	-6.768210174522316	-5.1764553271486982	-6.0708333333333337	-8.6166666666666671	30	5	90	7.3478807948841188e-16	6.4047619047619051	1	9.0	5.4047619047619051	0.0	-5.5952380952380949	1	1
4.707125186920166	1	-6.275147843754363	-5.1057796522936059	-5.6791666666666663	-8.3089285714285719	30	5	90	7.3478807948841188e-16	6.4047619047619051	1	9.0	5.4047619047619051	0.0	-5.5952380952380949	1	1
4.723712205886841	1	-5.729881230856726	-5.0006358893696223	-5.2595238095238095	-7.9452380952380954	30	5	90	7.3478807948841188e-16	6.4047619047619051	1	9.0	5.4047619047619051	0.0	-5.5952380952380949	1	1
4.740289211273193	1	-5.438139830962114	-4.9429440096999313	-5.0357142857142856	-7.7494047619047617	30	5	90	7.3478807948841188e-16	6.4047619047619051	1	9.0	5.4047619047619051	0.0	-5.5952380952380949	1	1
4.756822109222412	1	-4.882633221649079	-4.8760164336675365	-4.5880952380952378	-7.4136904761904763	30	5	90	7.3478807948841188e-16	6.4047619047619051	1	9.0	5.4047619047619051	0.0	-5.5952380952380949	1	1
4.77347207069397	1	-4.403558986119221	-4.8295688504659378	-4.1964285714285712	-7.1339285714285712	30	5	90	7.3478807948841188e-16	6.4047619047619051	1	9.0	5.4047619047619051	0.0	-5.5952380952380949	1	1
4.790091037750244	1	-4.202238055245882	-4.8165850552805356	-4.0285714285714285	-7.0220238095238097	30	5	90	7.3478807948841188e-16	6.4047619047619051	1	9.0	5.4047619047619051	0.0	-5.5952380952380949	1	1
4.806648015975952	1	-3.851800475628885	-4.8250855529786243	-3.7208333333333332	-6.854166666666667	30	5	90	7.3478807948841188e-16	6.4047619047619051	1	9.0	5.4047619047619051	0.0	-5.5952380952380949	1	1
4.822818040847778	1	-3.66446763999364	-4.8363298494467157	-3.5529761904761905	-6.7702380952380956	30	5	90	7.3478807948841188e-16	6.4047619047619051	1	9.0	5.4047619047619051	0.0	-5.5952380952380949	1	1
4.83968710899353	1	-3.366234342506327	-4.8792984352136948	-3.2732142857142859	-6.6583333333333332	30	5	90	7.3478807948841188e-16	6.4047619047619051	1	9.0	5.4047619047619051	0.0	-5.5952380952380949	1	1
4.856281995773315	1	-3.054012949780918	-4.8980389293271811	-2.9934523809523808	-6.5184523809523807	30	5	90	7.3478807948841188e-16	6.4047619047619051	1	9.0	5.4047619047619051	0.0	-5.5952380952380949	1	1
4.8728601932525635	1	-2.8042358356005916	-4.91303132461797	-2.7696428571428573	-6.4065476190476192	30	5	90	7.3478807948841188e-16	6.4047619047619051	1	9.0	5.4047619047619051	0.0	-5.5952380952380949	1	1
4.889458179473877	1	-2.679347278510428	-4.9205275222633649	-2.6577380952380953	-6.350595238095238	30	5	90	7.3478807948841188e-16	6.4047619047619051	1	9.0	5.4047619047619051	0.0	-5.5952380952380949	1	1
4.9060142040252686	1	-2.405342072676608	-4.9495080127922497	-2.4059523809523808	-6.2386904761904765	30	5	90	7.3478807948841188e-16	6.4047619047619051	1	9.0	5.4047619047619051	0.0	-5.5952380952380949	1	1
4.922638177871704	1	-2.266465420348349	-4.932776118784151	-2.2940476190476189	-6.1547619047619051	30	5	90	7.3478807948841188e-16	6.4047619047619051	1	9.0	5.4047619047619051	0.0	-5.5952380952380949	1	1
4.939208984375	1	-1.974724020453737	-4.8750842391144591	-2.0702380952380954	-5.9589285714285714	30	5	90	7.3478807948841188e-16	6.4047619047619051	1	9.0	5.4047619047619051	0.0	-5.5952380952380949	1	1
4.955832004547119	1	-1.6307783384294408	-4.7829242713758777	-1.8184523809523809	-5.7071428571428573	30	5	90	7.3478807948841188e-16	6.4047619047619051	1	9.0	5.4047619047619051	0.0	-5.5952380952380949	1	1
4.972411155700684	1	-1.2970726528205425	-4.6525481167457077	-1.5946428571428573	-5.4273809523809522	30	5	90	7.3478807948841188e-16	6.4047619047619051	1	9.0	5.4047619047619051	0.0	-5.5952380952380949	1	1
4.989028215408325	1	-1.1544479016695866	-4.5733719441925267	-1.5107142857142857	-5.2874999999999996	30	5	90	7.3478807948841188e-16	6.4047619047619051	1	9.0	5.4047619047619051	0.0	-5.5952380952380949	1	1
5.005598068237305	1	-0.9698588648043454	-4.4215114966788676	-1.4267857142857143	-5.0636904761904766	30	5	90	7.3478807948841188e-16	6.4047619047619051	1	9.0	5.4047619047619051	0.0	-5.5952380952380949	1	1
5.0221781730651855	1	-0.9139064838519642	-4.324599130064894	-1.4267857142857143	-4.9517857142857142	30	5	90	7.3478807948841188e-16	6.4047619047619051	1	9.0	5.4047619047619051	0.0	-5.5952380952380949	1	1
5.038778066635132	1	-0.8886740921457774	-4.1130382027761563	-1.5107142857142857	-4.7559523809523814	30	5	90	7.3478807948841188e-16	6.4047619047619051	1	9.0	5.4047619047619051	0.0	-5.5952380952380949	1	1
5.0553741455078125	1	-0.9501140706381651	-3.8837410814266247	-1.6785714285714286	-4.5880952380952378	30	5	90	7.3478807948841188e-16	6.4047619047619051	1	9.0	5.4047619047619051	0.0	-5.5952380952380949	1	1
5.072028160095215	1	-1.049770236022142	-3.6646839564924925	-1.8744047619047619	-4.4482142857142861	30	5	90	7.3478807948841188e-16	6.4047619047619051	1	9.0	5.4047619047619051	0.0	-5.5952380952380949	1	1
5.088593006134033	1	-1.1429345038134175	-3.5462872969950299	-2.0142857142857142	-4.3922619047619049	30	5	90	7.3478807948841188e-16	6.4047619047619051	1	9.0	5.4047619047619051	0.0	-5.5952380952380949	1	1
5.105272054672241	1	-1.3432511346340639	-3.3337220696535979	-2.2940476190476189	-4.3083333333333336	30	5	90	7.3478807948841188e-16	6.4047619047619051	1	9.0	5.4047619047619051	0.0	-5.5952380952380949	1	1
5.121905088424683	1	-1.426175406009941	-3.2535415970477231	-2.4059523809523808	-4.2803571428571425	30	5	90	7.3478807948841188e-16	6.4047619047619051	1	9.0	5.4047619047619051	0.0	-5.5952380952380949	1	1
5.138405084609985	1	-1.5575558606928057	-3.1453849339656585	-2.573809523809524	-4.2523809523809524	30	5	90	7.3478807948841188e-16	6.4047619047619051	1	9.0	5.4047619047619051	0.0	-5.5952380952380949	1	1
5.1550211906433105	1	-1.5817839523462984	-3.1313968387275635	-2.6017857142857141	-4.2523809523809524	30	5	90	7.3478807948841188e-16	6.4047619047619051	1	9.0	5.4047619047619051	0.0	-5.5952380952380949	1	1
5.17164421081543	1	-1.5957720475843935	-3.1556249303810562	-2.6017857142857141	-4.2803571428571425	30	5	90	7.3478807948841188e-16	6.4047619047619051	1	9.0	5.4047619047619051	0.0	-5.5952380952380949	1	1
5.188249111175537	1	-1.5855320511689963	-3.1938411172726453	-2.573809523809524	-4.3083333333333336	30	5	90	7.3478807948841188e-16	6.4047619047619051	1	9.0	5.4047619047619051	0.0	-5.5952380952380949	1	1
5.204529047012329	1	-1.5827882523989927	-3.3569458612543972	-2.4898809523809522	-4.4482142857142861	30	5	90	7.3478807948841188e-16	6.4047619047619051	1	9.0	5.4047619047619051	0.0	-5.5952380952380949	1	1
5.221451997756958	1	-1.576296354806292	-3.4576063266910673	-2.4339285714285714	-4.5321428571428575	30	5	90	7.3478807948841188e-16	6.4047619047619051	1	9.0	5.4047619047619051	0.0	-5.5952380952380949	1	1
5.2379701137542725	1	-1.5428325667900946	-3.7353596313475848	-2.2660714285714287	-4.7559523809523814	30	5	90	7.3478807948841188e-16	6.4047619047619051	1	9.0	5.4047619047619051	0.0	-5.5952380952380949	1	1
5.254609107971191	1	-1.4469245002288151	-4.0168610348267988	-2.0422619047619048	-4.9517857142857142	30	5	90	7.3478807948841188e-16	6.4047619047619051	1	9.0	5.4047619047619051	0.0	-5.5952380952380949	1	1
5.2711851596832275	1	-1.391976419329128	-4.145497690739659	-1.9303571428571429	-5.0357142857142856	30	5	90	7.3478807948841188e-16	6.4047619047619051	1	9.0	5.4047619047619051	0.0	-5.5952380952380949	1	1
5.287800073623657	1	-1.2336240742227669	-4.4307471930415705	-1.650595238095238	-5.2035714285714283	30	5	90	7.3478807948841188e-16	6.4047619047619051	1	9.0	5.4047619047619051	0.0	-5.5952380952380949	1	1
5.3043811321258545	1	-1.0957517219472024	-4.6395643215603064	-1.4267857142857143	-5.3154761904761907	30	5	90	7.3478807948841188e-16	6.4047619047619051	1	9.0	5.4047619047619051	0.0	-5.5952380952380949	1	1
5.321058034896851	1	-1.0128274505713246	-4.7197447941661803	-1.3148809523809524	-5.3434523809523808	30	5	90	7.3478807948841188e-16	6.4047619047619051	1	9.0	5.4047619047619051	0.0	-5.5952380952380949	1	1
5.337613105773926	1	-0.9094231863646508	-4.8763576405552307	-1.1470238095238094	-5.4273809523809522	30	5	90	7.3478807948841188e-16	6.4047619047619051	1	9.0	5.4047619047619051	0.0	-5.5952380952380949	1	1
5.354132175445557	1	-0.8162589185733754	-4.9947543000526942	-1.0071428571428571	-5.4833333333333334	30	5	90	7.3478807948841188e-16	6.4047619047619051	1	9.0	5.4047619047619051	0.0	-5.5952380952380949	1	1
5.370761156082153	1	-0.781790830504484	-5.046958582182377	-0.95119047619047614	-5.5113095238095235	30	5	90	7.3478807948841188e-16	6.4047619047619051	1	9.0	5.4047619047619051	0.0	-5.5952380952380949	1	1
5.387434005737305	1	-0.7473227424355932	-5.0991628643120617	-0.89523809523809528	-5.5392857142857146	30	5	90	7.3478807948841188e-16	6.4047619047619051	1	9.0	5.4047619047619051	0.0	-5.5952380952380949	1	1
5.404031991958618	1	-0.7613108376736882	-5.1233909559655544	-0.89523809523809528	-5.5672619047619047	30	5	90	7.3478807948841188e-16	6.4047619047619051	1	9.0	5.4047619047619051	0.0	-5.5952380952380949	1	1
5.420742034912109	1	-0.737082746020195	-5.1373790512036495	-0.86726190476190479	-5.5672619047619047	30	5	90	7.3478807948841188e-16	6.4047619047619051	1	9.0	5.4047619047619051	0.0	-5.5952380952380949	1	1
5.437265157699585	1	-0.7268427496047968	-5.1755952380952381	-0.8392857142857143	-5.5952380952380949	30	5	90	7.3478807948841188e-16	6.4047619047619051	1	9.0	5.4047619047619051	0.0	-5.5952380952380949	1	1
5.453858137130737	1	-0.6821346651205077	-5.2660157071165106	-0.75535714285714284	-5.6511904761904761	30	5	90	7.3478807948841188e-16	6.4047619047619051	1	9.0	5.4047619047619051	0.0	-5.5952380952380949	1	1
5.470386028289795	1	-0.6718946687051095	-5.3042318940080984	-0.72738095238095235	-5.6791666666666663	30	5	90	7.3478807948841188e-16	6.4047619047619051	1	9.0	5.4047619047619051	0.0	-5.5952380952380949	1	1
5.487007141113281	1	-0.6514146758743137	-5.3806642677912757	-0.67142857142857137	-5.7351190476190474	30	5	90	7.3478807948841188e-16	6.4047619047619051	1	9.0	5.4047619047619051	0.0	-5.5952380952380949	1	1
5.503624200820923	1	-0.641174679458916	-5.4188804546828644	-0.643452380952381	-5.7630952380952385	30	5	90	7.3478807948841188e-16	6.4047619047619051	1	9.0	5.4047619047619051	0.0	-5.5952380952380949	1	1
5.52020001411438	1	-0.5964665949746264	-5.5093009237041359	-0.55952380952380953	-5.8190476190476188	30	5	90	7.3478807948841188e-16	6.4047619047619051	1	9.0	5.4047619047619051	0.0	-5.5952380952380949	1	1
5.536795139312744	1	-0.5657466057284324	-5.6239494843789011	-0.47559523809523807	-5.9029761904761902	30	5	90	7.3478807948841188e-16	6.4047619047619051	1	9.0	5.4047619047619051	0.0	-5.5952380952380949	1	1
5.553408145904541	1	-0.5210385212441434	-5.7143699534001735	-0.39166666666666666	-5.9589285714285714	30	5	90	7.3478807948841188e-16	6.4047619047619051	1	9.0	5.4047619047619051	0.0	-5.5952380952380949	1	1
