time	trial	cursorx	cursory	hand_x	hand_Y	rotation	step	targetangle	targetposx	targetposy	garagelocation	garageposx	garageposy	homex	homey	group	trial_type
9.5367431640625e-07	3	-0.44761904761904764	-5.3434523809523808	-0.44761904761904764	-5.3434523809523808	0	5	90	7.3478807948841188e-16	6.4047619047619051	-1	-9.0	5.4047619047619051	0.0	-5.5952380952380949	1	1
0.029850006103515625	3	-0.22380952380952382	-5.4553571428571432	-0.22380952380952382	-5.4553571428571432	0	1	90	7.3478807948841188e-16	6.4047619047619051	-1	-9.0	5.4047619047619051	0.0	-5.5952380952380949	1	1
0.046510934829711914	3	-0.11190476190476191	-5.4833333333333334	-0.11190476190476191	-5.4833333333333334	0	1	90	7.3478807948841188e-16	6.4047619047619051	-1	-9.0	5.4047619047619051	0.0	-5.5952380952380949	1	1
0.06304693222045898	3	0.0	-5.5392857142857146	0.0	-5.5392857142857146	0	1	90	7.3478807948841188e-16	6.4047619047619051	-1	-9.0	5.4047619047619051	0.0	-5.5952380952380949	1	1
0.0796358585357666	3	0.055952380952380955	-5.5392857142857146	0.055952380952380955	-5.5392857142857146	0	1	90	7.3478807948841188e-16	6.4047619047619051	-1	-9.0	5.4047619047619051	0.0	-5.5952380952380949	1	1
0.09627199172973633	3	0.08392857142857142	-5.5392857142857146	0.083928571428571422	-5.5392857142857146	0	1	90	7.3478807948841188e-16	6.4047619047619051	-1	-9.0	5.4047619047619051	0.0	-5.5952380952380949	1	1
0.11282587051391602	3	0.08392857142857142	-5.5392857142857146	0.083928571428571422	-5.5392857142857146	0	1	90	7.3478807948841188e-16	6.4047619047619051	-1	-9.0	5.4047619047619051	0.0	-5.5952380952380949	1	1
0.1293799877166748	3	0.055952380952380955	-5.5392857142857146	0.055952380952380955	-5.5392857142857146	0	1	90	7.3478807948841188e-16	6.4047619047619051	-1	-9.0	5.4047619047619051	0.0	-5.5952380952380949	1	1
0.14606189727783203	3	0.055952380952380955	-5.5392857142857146	0.055952380952380955	-5.5392857142857146	0	1	90	7.3478807948841188e-16	6.4047619047619051	-1	-9.0	5.4047619047619051	0.0	-5.5952380952380949	1	1
0.16289305686950684	3	0.055952380952380955	-5.5392857142857146	0.055952380952380955	-5.5392857142857146	0	1	90	7.3478807948841188e-16	6.4047619047619051	-1	-9.0	5.4047619047619051	0.0	-5.5952380952380949	1	1
0.17948293685913086	3	0.055952380952380955	-5.5392857142857146	0.055952380952380955	-5.5392857142857146	0	1	90	7.3478807948841188e-16	6.4047619047619051	-1	-9.0	5.4047619047619051	0.0	-5.5952380952380949	1	1
0.19599294662475586	3	0.055952380952380955	-5.5392857142857146	0.055952380952380955	-5.5392857142857146	0	1	90	7.3478807948841188e-16	6.4047619047619051	-1	-9.0	5.4047619047619051	0.0	-5.5952380952380949	1	1
0.21265792846679688	3	0.055952380952380955	-5.5392857142857146	0.055952380952380955	-5.5392857142857146	0	1	90	7.3478807948841188e-16	6.4047619047619051	-1	-9.0	5.4047619047619051	0.0	-5.5952380952380949	1	1
0.22919797897338867	3	0.055952380952380955	-5.5392857142857146	0.055952380952380955	-5.5392857142857146	0	1	90	7.3478807948841188e-16	6.4047619047619051	-1	-9.0	5.4047619047619051	0.0	-5.5952380952380949	1	1
0.2459239959716797	3	0.027976190476190477	-5.5113095238095235	0.027976190476190477	-5.5113095238095235	0	1	90	7.3478807948841188e-16	6.4047619047619051	-1	-9.0	5.4047619047619051	0.0	-5.5952380952380949	1	1
0.2624528408050537	3	0.027976190476190477	-5.5113095238095235	0.027976190476190477	-5.5113095238095235	0	1	90	7.3478807948841188e-16	6.4047619047619051	-1	-9.0	5.4047619047619051	0.0	-5.5952380952380949	1	1
0.2790379524230957	3	-0.027976190476190477	-5.4553571428571432	-0.027976190476190477	-5.4553571428571432	0	1	90	7.3478807948841188e-16	6.4047619047619051	-1	-9.0	5.4047619047619051	0.0	-5.5952380952380949	1	1
0.29558587074279785	3	-0.055952380952380955	-5.371428571428571	-0.055952380952380955	-5.371428571428571	0	1	90	7.3478807948841188e-16	6.4047619047619051	-1	-9.0	5.4047619047619051	0.0	-5.5952380952380949	1	1
0.31226396560668945	3	-0.08392857142857142	-5.2315476190476193	-0.083928571428571422	-5.2315476190476193	0	1	90	7.3478807948841188e-16	6.4047619047619051	-1	-9.0	5.4047619047619051	0.0	-5.5952380952380949	1	1
0.32854485511779785	3	-0.11190476190476191	-5.1755952380952381	-0.11190476190476191	-5.1755952380952381	0	1	90	7.3478807948841188e-16	6.4047619047619051	-1	-9.0	5.4047619047619051	0.0	-5.5952380952380949	1	1
0.3451690673828125	3	-0.11190476190476191	-4.9797619047619044	-0.11190476190476191	-4.9797619047619044	0	1	90	7.3478807948841188e-16	6.4047619047619051	-1	-9.0	5.4047619047619051	0.0	-5.5952380952380949	1	1
0.3617398738861084	3	-0.11190476190476191	-4.8398809523809527	-0.11190476190476191	-4.8398809523809527	0	1	90	7.3478807948841188e-16	6.4047619047619051	-1	-9.0	5.4047619047619051	0.0	-5.5952380952380949	1	1
0.3783688545227051	3	-0.08392857142857142	-4.5601190476190476	-0.083928571428571422	-4.5601190476190476	0	1	90	7.3478807948841188e-16	6.4047619047619051	-1	-9.0	5.4047619047619051	0.0	-5.5952380952380949	1	1
0.39490604400634766	3	-0.055952380952380955	-4.1964285714285712	-0.055952380952380955	-4.1964285714285712	0	1	90	7.3478807948841188e-16	6.4047619047619051	-1	-9.0	5.4047619047619051	0.0	-5.5952380952380949	1	1
0.41150403022766113	3	0.0	-3.7767857142857144	0.0	-3.7767857142857144	0	1	90	7.3478807948841188e-16	6.4047619047619051	-1	-9.0	5.4047619047619051	0.0	-5.5952380952380949	1	1
0.4280979633331299	3	0.027976190476190477	-3.5529761904761905	0.027976190476190477	-3.5529761904761905	0	1	90	7.3478807948841188e-16	6.4047619047619051	-1	-9.0	5.4047619047619051	0.0	-5.5952380952380949	1	1
0.44473791122436523	3	0.08392857142857142	-3.049404761904762	0.083928571428571422	-3.049404761904762	0	1	90	7.3478807948841188e-16	6.4047619047619051	-1	-9.0	5.4047619047619051	0.0	-5.5952380952380949	1	1
0.4612579345703125	3	0.08392857142857142	-2.7976190476190474	0.083928571428571422	-2.7976190476190474	0	2	90	7.3478807948841188e-16	6.4047619047619051	-1	-9.0	5.4047619047619051	0.0	-5.5952380952380949	1	1
0.47815489768981934	3	0.11190476190476191	-2.2940476190476189	0.11190476190476191	-2.2940476190476189	0	2	90	7.3478807948841188e-16	6.4047619047619051	-1	-9.0	5.4047619047619051	0.0	-5.5952380952380949	1	1
0.4947628974914551	3	0.13988095238095238	-1.7904761904761903	0.13988095238095238	-1.7904761904761906	0	2	90	7.3478807948841188e-16	6.4047619047619051	-1	-9.0	5.4047619047619051	0.0	-5.5952380952380949	1	1
0.5114169120788574	3	0.16785714285714284	-1.2589285714285712	0.16785714285714284	-1.2589285714285714	0	2	90	7.3478807948841188e-16	6.4047619047619051	-1	-9.0	5.4047619047619051	0.0	-5.5952380952380949	1	1
0.5278549194335938	3	0.16785714285714284	-1.0071428571428571	0.16785714285714284	-1.0071428571428571	0	2	90	7.3478807948841188e-16	6.4047619047619051	-1	-9.0	5.4047619047619051	0.0	-5.5952380952380949	1	1
0.5446159839630127	3	0.19583333333333333	-0.50357142857142811	0.19583333333333333	-0.50357142857142856	0	2	90	7.3478807948841188e-16	6.4047619047619051	-1	-9.0	5.4047619047619051	0.0	-5.5952380952380949	1	1
0.5610978603363037	3	0.19583333333333333	-0.25178571428571406	0.19583333333333333	-0.25178571428571428	0	2	90	7.3478807948841188e-16	6.4047619047619051	-1	-9.0	5.4047619047619051	0.0	-5.5952380952380949	1	1
0.5776739120483398	3	0.16785714285714284	0.19583333333333375	0.16785714285714284	0.19583333333333333	0	2	90	7.3478807948841188e-16	6.4047619047619051	-1	-9.0	5.4047619047619051	0.0	-5.5952380952380949	1	1
0.594343900680542	3	0.11190476190476191	0.61547619047619051	0.11190476190476191	0.61547619047619051	0	2	90	7.3478807948841188e-16	6.4047619047619051	-1	-9.0	5.4047619047619051	0.0	-5.5952380952380949	1	1
0.6109158992767334	3	0.08392857142857142	0.81130952380952337	0.083928571428571422	0.81130952380952381	0	2	90	7.3478807948841188e-16	6.4047619047619051	-1	-9.0	5.4047619047619051	0.0	-5.5952380952380949	1	1
0.6274900436401367	3	-0.027976190476190477	1.2029761904761909	-0.027976190476190477	1.2029761904761904	0	2	90	7.3478807948841188e-16	6.4047619047619051	-1	-9.0	5.4047619047619051	0.0	-5.5952380952380949	1	1
0.6439459323883057	3	-0.11190476190476191	1.5666666666666664	-0.11190476190476191	1.5666666666666667	0	2	90	7.3478807948841188e-16	6.4047619047619051	-1	-9.0	5.4047619047619051	0.0	-5.5952380952380949	1	1
0.6604459285736084	3	-0.13988095238095238	1.7345238095238091	-0.13988095238095238	1.7345238095238096	0	2	90	7.3478807948841188e-16	6.4047619047619051	-1	-9.0	5.4047619047619051	0.0	-5.5952380952380949	1	1
0.6769750118255615	3	-0.16785714285714284	2.0982142857142856	-0.16785714285714284	2.0982142857142856	0	2	90	7.3478807948841188e-16	6.4047619047619051	-1	-9.0	5.4047619047619051	0.0	-5.5952380952380949	1	1
0.6935920715332031	3	-0.19583333333333333	2.4339285714285719	-0.19583333333333333	2.4339285714285714	0	2	90	7.3478807948841188e-16	6.4047619047619051	-1	-9.0	5.4047619047619051	0.0	-5.5952380952380949	1	1
0.7102489471435547	3	-0.19583333333333333	2.6017857142857146	-0.19583333333333333	2.6017857142857141	0	2	90	7.3478807948841188e-16	6.4047619047619051	-1	-9.0	5.4047619047619051	0.0	-5.5952380952380949	1	1
0.7268080711364746	3	-0.2517857142857143	2.9095238095238098	-0.25178571428571428	2.9095238095238094	0	2	90	7.3478807948841188e-16	6.4047619047619051	-1	-9.0	5.4047619047619051	0.0	-5.5952380952380949	1	1
0.7433879375457764	3	-0.2517857142857143	3.2172619047619051	-0.25178571428571428	3.2172619047619047	0	2	90	7.3478807948841188e-16	6.4047619047619051	-1	-9.0	5.4047619047619051	0.0	-5.5952380952380949	1	1
0.7600278854370117	3	-0.27976190476190477	3.3851190476190478	-0.27976190476190477	3.3851190476190478	0	2	90	7.3478807948841188e-16	6.4047619047619051	-1	-9.0	5.4047619047619051	0.0	-5.5952380952380949	1	1
0.7766120433807373	3	-0.27976190476190477	3.6928571428571431	-0.27976190476190477	3.6928571428571431	0	2	90	7.3478807948841188e-16	6.4047619047619051	-1	-9.0	5.4047619047619051	0.0	-5.5952380952380949	1	1
0.7931380271911621	3	-0.27976190476190477	3.9726190476190482	-0.27976190476190477	3.9726190476190477	0	2	90	7.3478807948841188e-16	6.4047619047619051	-1	-9.0	5.4047619047619051	0.0	-5.5952380952380949	1	1
0.8100619316101074	3	-0.2517857142857143	4.1125000000000007	-0.25178571428571428	4.1124999999999998	0	2	90	7.3478807948841188e-16	6.4047619047619051	-1	-9.0	5.4047619047619051	0.0	-5.5952380952380949	1	1
0.8266479969024658	3	-0.22380952380952382	4.3922619047619058	-0.22380952380952382	4.3922619047619049	0	2	90	7.3478807948841188e-16	6.4047619047619051	-1	-9.0	5.4047619047619051	0.0	-5.5952380952380949	1	1
0.8432409763336182	3	-0.19583333333333333	4.644047619047619	-0.19583333333333333	4.644047619047619	0	2	90	7.3478807948841188e-16	6.4047619047619051	-1	-9.0	5.4047619047619051	0.0	-5.5952380952380949	1	1
0.8598759174346924	3	-0.19583333333333333	4.7559523809523814	-0.19583333333333333	4.7559523809523814	0	2	90	7.3478807948841188e-16	6.4047619047619051	-1	-9.0	5.4047619047619051	0.0	-5.5952380952380949	1	1
0.8763809204101562	3	-0.13988095238095238	4.9517857142857142	-0.13988095238095238	4.9517857142857142	0	2	90	7.3478807948841188e-16	6.4047619047619051	-1	-9.0	5.4047619047619051	0.0	-5.5952380952380949	1	1
0.892974853515625	3	-0.11190476190476191	5.1476190476190489	-0.11190476190476191	5.147619047619048	0	2	90	7.3478807948841188e-16	6.4047619047619051	-1	-9.0	5.4047619047619051	0.0	-5.5952380952380949	1	1
0.9096639156341553	3	-0.11190476190476191	5.2595238095238095	-0.11190476190476191	5.2595238095238095	0	2	90	7.3478807948841188e-16	6.4047619047619051	-1	-9.0	5.4047619047619051	0.0	-5.5952380952380949	1	1
0.9262349605560303	3	-0.08392857142857142	5.4273809523809522	-0.083928571428571422	5.4273809523809522	0	2	90	7.3478807948841188e-16	6.4047619047619051	-1	-9.0	5.4047619047619051	0.0	-5.5952380952380949	1	1
0.94281005859375	3	-0.055952380952380955	5.4833333333333343	-0.055952380952380955	5.4833333333333334	0	2	90	7.3478807948841188e-16	6.4047619047619051	-1	-9.0	5.4047619047619051	0.0	-5.5952380952380949	1	1
0.9594478607177734	3	-0.055952380952380955	5.6511904761904752	-0.055952380952380955	5.6511904761904761	0	2	90	7.3478807948841188e-16	6.4047619047619051	-1	-9.0	5.4047619047619051	0.0	-5.5952380952380949	1	1
0.9757840633392334	3	-0.027976190476190477	5.7630952380952394	-0.027976190476190477	5.7630952380952385	0	2	90	7.3478807948841188e-16	6.4047619047619051	-1	-9.0	5.4047619047619051	0.0	-5.5952380952380949	1	1
0.9923179149627686	3	0.0	5.9029761904761902	0.0	5.9029761904761902	0	2	90	7.3478807948841188e-16	6.4047619047619051	-1	-9.0	5.4047619047619051	0.0	-5.5952380952380949	1	1
1.0086889266967773	3	0.027976190476190477	5.9589285714285722	0.027976190476190477	5.9589285714285714	0	2	90	7.3478807948841188e-16	6.4047619047619051	-1	-9.0	5.4047619047619051	0.0	-5.5952380952380949	1	1
1.0252330303192139	3	0.027976190476190477	6.0428571428571427	0.027976190476190477	6.0428571428571427	0	2	90	7.3478807948841188e-16	6.4047619047619051	-1	-9.0	5.4047619047619051	0.0	-5.5952380952380949	1	1
1.0419049263000488	3	0.055952380952380955	6.0988095238095248	0.055952380952380955	6.0988095238095239	0	2	90	7.3478807948841188e-16	6.4047619047619051	-1	-9.0	5.4047619047619051	0.0	-5.5952380952380949	1	1
1.0585410594940186	3	0.055952380952380955	6.1827380952380953	0.055952380952380955	6.1827380952380953	0	2	90	7.3478807948841188e-16	6.4047619047619051	-1	-9.0	5.4047619047619051	0.0	-5.5952380952380949	1	1
1.075124979019165	3	0.08392857142857142	6.2386904761904773	0.083928571428571422	6.2386904761904765	0	2	90	7.3478807948841188e-16	6.4047619047619051	-1	-9.0	5.4047619047619051	0.0	-5.5952380952380949	1	1
1.0917010307312012	3	0.08392857142857142	6.2946428571428577	0.083928571428571422	6.2946428571428568	0	2	90	7.3478807948841188e-16	6.4047619047619051	-1	-9.0	5.4047619047619051	0.0	-5.5952380952380949	1	1
1.1084048748016357	3	0.08392857142857142	6.3226190476190478	0.083928571428571422	6.3226190476190478	0	2	90	7.3478807948841188e-16	6.4047619047619051	-1	-9.0	5.4047619047619051	0.0	-5.5952380952380949	1	1
1.125187873840332	3	0.08392857142857142	6.350595238095238	0.083928571428571422	6.350595238095238	0	2	90	7.3478807948841188e-16	6.4047619047619051	-1	-9.0	5.4047619047619051	0.0	-5.5952380952380949	1	1
1.1418349742889404	3	0.08392857142857142	6.3785714285714299	0.083928571428571422	6.378571428571429	0	2	90	7.3478807948841188e-16	6.4047619047619051	-1	-9.0	5.4047619047619051	0.0	-5.5952380952380949	1	1
1.1585049629211426	3	0.08392857142857142	6.3785714285714299	0.083928571428571422	6.378571428571429	0	2	90	7.3478807948841188e-16	6.4047619047619051	-1	-9.0	5.4047619047619051	0.0	-5.5952380952380949	1	1
1.1750760078430176	3	0.08392857142857142	6.3785714285714299	0.083928571428571422	6.378571428571429	0	2	90	7.3478807948841188e-16	6.4047619047619051	-1	-9.0	5.4047619047619051	0.0	-5.5952380952380949	1	1
1.1916420459747314	3	0.08392857142857142	6.3785714285714299	0.083928571428571422	6.378571428571429	0	2	90	7.3478807948841188e-16	6.4047619047619051	-1	-9.0	5.4047619047619051	0.0	-5.5952380952380949	1	1
1.208258867263794	3	0.08392857142857142	6.3785714285714299	0.083928571428571422	6.378571428571429	0	2	90	7.3478807948841188e-16	6.4047619047619051	-1	-9.0	5.4047619047619051	0.0	-5.5952380952380949	1	1
1.2248358726501465	3	0.08392857142857142	6.3785714285714299	0.083928571428571422	6.378571428571429	0	2	90	7.3478807948841188e-16	6.4047619047619051	-1	-9.0	5.4047619047619051	0.0	-5.5952380952380949	1	1
1.241438865661621	3	0.08392857142857142	6.3785714285714299	0.083928571428571422	6.378571428571429	0	2	90	7.3478807948841188e-16	6.4047619047619051	-1	-9.0	5.4047619047619051	0.0	-5.5952380952380949	1	1
1.2580718994140625	3	0.08392857142857142	6.3785714285714299	0.083928571428571422	6.378571428571429	0	2	90	7.3478807948841188e-16	6.4047619047619051	-1	-9.0	5.4047619047619051	0.0	-5.5952380952380949	1	1
1.2746670246124268	3	0.08392857142857142	6.3785714285714299	0.083928571428571422	6.378571428571429	0	2	90	7.3478807948841188e-16	6.4047619047619051	-1	-9.0	5.4047619047619051	0.0	-5.5952380952380949	1	1
1.290928840637207	3	0.08392857142857142	6.3785714285714299	0.083928571428571422	6.378571428571429	0	2	90	7.3478807948841188e-16	6.4047619047619051	-1	-9.0	5.4047619047619051	0.0	-5.5952380952380949	1	1
1.3075659275054932	3	0.08392857142857142	6.3785714285714299	0.083928571428571422	6.378571428571429	0	2	90	7.3478807948841188e-16	6.4047619047619051	-1	-9.0	5.4047619047619051	0.0	-5.5952380952380949	1	1
1.3241539001464844	3	0.08392857142857142	6.3785714285714299	0.083928571428571422	6.378571428571429	0	2	90	7.3478807948841188e-16	6.4047619047619051	-1	-9.0	5.4047619047619051	0.0	-5.5952380952380949	1	1
1.3407280445098877	3	0.08392857142857142	6.3785714285714299	0.083928571428571422	6.378571428571429	0	2	90	7.3478807948841188e-16	6.4047619047619051	-1	-9.0	5.4047619047619051	0.0	-5.5952380952380949	1	1
1.3574678897857666	3	0.08392857142857142	6.3785714285714299	0.083928571428571422	6.378571428571429	0	2	90	7.3478807948841188e-16	6.4047619047619051	-1	-9.0	5.4047619047619051	0.0	-5.5952380952380949	1	1
1.3739759922027588	3	0.08392857142857142	6.3785714285714299	0.083928571428571422	6.378571428571429	0	2	90	7.3478807948841188e-16	6.4047619047619051	-1	-9.0	5.4047619047619051	0.0	-5.5952380952380949	1	1
1.3905198574066162	3	0.08392857142857142	6.3785714285714299	0.083928571428571422	6.378571428571429	0	2	90	7.3478807948841188e-16	6.4047619047619051	-1	-9.0	5.4047619047619051	0.0	-5.5952380952380949	1	1
1.4071099758148193	3	0.08392857142857142	6.3785714285714299	0.083928571428571422	6.378571428571429	0	2	90	7.3478807948841188e-16	6.4047619047619051	-1	-9.0	5.4047619047619051	0.0	-5.5952380952380949	1	1
1.4236979484558105	3	0.08392857142857142	6.3785714285714299	0.083928571428571422	6.378571428571429	0	2	90	7.3478807948841188e-16	6.4047619047619051	-1	-9.0	5.4047619047619051	0.0	-5.5952380952380949	1	1
1.440310001373291	3	0.08392857142857142	6.3785714285714299	0.083928571428571422	6.378571428571429	0	2	90	7.3478807948841188e-16	6.4047619047619051	-1	-9.0	5.4047619047619051	0.0	-5.5952380952380949	1	1
1.4571549892425537	3	0.08392857142857142	6.3785714285714299	0.083928571428571422	6.378571428571429	0	2	90	7.3478807948841188e-16	6.4047619047619051	-1	-9.0	5.4047619047619051	0.0	-5.5952380952380949	1	1
1.473844051361084	3	0.055952380952380955	6.3785714285714299	0.055952380952380955	6.378571428571429	0	2	90	7.3478807948841188e-16	6.4047619047619051	-1	-9.0	5.4047619047619051	0.0	-5.5952380952380949	1	1
1.4904060363769531	3	-0.027976190476190477	6.4065476190476183	-0.027976190476190477	6.4065476190476192	0	2	90	7.3478807948841188e-16	6.4047619047619051	-1	-9.0	5.4047619047619051	0.0	-5.5952380952380949	1	1
1.5070419311523438	3	-0.19583333333333333	6.4065476190476183	-0.19583333333333333	6.4065476190476192	0	2	90	7.3478807948841188e-16	6.4047619047619051	-1	-9.0	5.4047619047619051	0.0	-5.5952380952380949	1	1
1.5235638618469238	3	-0.47559523809523807	6.3785714285714299	-0.47559523809523807	6.378571428571429	0	2	90	7.3478807948841188e-16	6.4047619047619051	-1	-9.0	5.4047619047619051	0.0	-5.5952380952380949	1	1
1.5401878356933594	3	-0.643452380952381	6.3785714285714299	-0.643452380952381	6.378571428571429	0	2	90	7.3478807948841188e-16	6.4047619047619051	-1	-9.0	5.4047619047619051	0.0	-5.5952380952380949	1	1
1.5567710399627686	3	-0.9511904761904761	6.350595238095238	-0.95119047619047614	6.350595238095238	0	2	90	7.3478807948841188e-16	6.4047619047619051	-1	-9.0	5.4047619047619051	0.0	-5.5952380952380949	1	1
1.5733559131622314	3	-1.0910714285714285	6.350595238095238	-1.0910714285714285	6.350595238095238	0	2	90	7.3478807948841188e-16	6.4047619047619051	-1	-9.0	5.4047619047619051	0.0	-5.5952380952380949	1	1
1.5899569988250732	3	-1.3708333333333333	6.3226190476190478	-1.3708333333333333	6.3226190476190478	0	2	90	7.3478807948841188e-16	6.4047619047619051	-1	-9.0	5.4047619047619051	0.0	-5.5952380952380949	1	1
1.6065418720245361	3	-1.6785714285714286	6.2946428571428577	-1.6785714285714286	6.2946428571428568	0	2	90	7.3478807948841188e-16	6.4047619047619051	-1	-9.0	5.4047619047619051	0.0	-5.5952380952380949	1	1
1.6229000091552734	3	-1.874404761904762	6.2666666666666657	-1.8744047619047619	6.2666666666666666	0	2	90	7.3478807948841188e-16	6.4047619047619051	-1	-9.0	5.4047619047619051	0.0	-5.5952380952380949	1	1
1.6394789218902588	3	-2.238095238095238	6.2386904761904773	-2.2380952380952381	6.2386904761904765	0	2	90	7.3478807948841188e-16	6.4047619047619051	-1	-9.0	5.4047619047619051	0.0	-5.5952380952380949	1	1
1.656069040298462	3	-2.601785714285714	6.2107142857142854	-2.6017857142857141	6.2107142857142854	0	2	90	7.3478807948841188e-16	6.4047619047619051	-1	-9.0	5.4047619047619051	0.0	-5.5952380952380949	1	1
1.6726839542388916	3	-2.7696428571428573	6.2107142857142854	-2.7696428571428573	6.2107142857142854	0	2	90	7.3478807948841188e-16	6.4047619047619051	-1	-9.0	5.4047619047619051	0.0	-5.5952380952380949	1	1
1.6892609596252441	3	-3.1053571428571427	6.1827380952380953	-3.1053571428571427	6.1827380952380953	0	2	90	7.3478807948841188e-16	6.4047619047619051	-1	-9.0	5.4047619047619051	0.0	-5.5952380952380949	1	1
1.7059168815612793	3	-3.413095238095238	6.1547619047619051	-3.413095238095238	6.1547619047619051	0	2	90	7.3478807948841188e-16	6.4047619047619051	-1	-9.0	5.4047619047619051	0.0	-5.5952380952380949	1	1
1.7224359512329102	3	-3.580952380952381	6.1267857142857132	-3.5809523809523811	6.1267857142857141	0	2	90	7.3478807948841188e-16	6.4047619047619051	-1	-9.0	5.4047619047619051	0.0	-5.5952380952380949	1	1
1.7390198707580566	3	-3.8607142857142858	6.1267857142857132	-3.8607142857142858	6.1267857142857141	0	2	90	7.3478807948841188e-16	6.4047619047619051	-1	-9.0	5.4047619047619051	0.0	-5.5952380952380949	1	1
1.7556068897247314	3	-4.0285714285714285	6.0988095238095248	-4.0285714285714285	6.0988095238095239	0	2	90	7.3478807948841188e-16	6.4047619047619051	-1	-9.0	5.4047619047619051	0.0	-5.5952380952380949	1	1
1.7725560665130615	3	-4.08452380952381	6.0988095238095248	-4.0845238095238097	6.0988095238095239	0	2	90	7.3478807948841188e-16	6.4047619047619051	-1	-9.0	5.4047619047619051	0.0	-5.5952380952380949	1	1
1.7890970706939697	3	-4.1125	6.0988095238095248	-4.1124999999999998	6.0988095238095239	0	2	90	7.3478807948841188e-16	6.4047619047619051	-1	-9.0	5.4047619047619051	0.0	-5.5952380952380949	1	1
1.8056738376617432	3	-4.08452380952381	6.0988095238095248	-4.0845238095238097	6.0988095238095239	0	2	90	7.3478807948841188e-16	6.4047619047619051	-1	-9.0	5.4047619047619051	0.0	-5.5952380952380949	1	1
1.8222830295562744	3	-4.056547619047619	6.0988095238095248	-4.0565476190476186	6.0988095238095239	0	2	90	7.3478807948841188e-16	6.4047619047619051	-1	-9.0	5.4047619047619051	0.0	-5.5952380952380949	1	1
1.8389089107513428	3	-3.8607142857142858	6.0428571428571427	-3.8607142857142858	6.0428571428571427	0	2	90	7.3478807948841188e-16	6.4047619047619051	-1	-9.0	5.4047619047619051	0.0	-5.5952380952380949	1	1
1.8554949760437012	3	-3.4410714285714286	6.0428571428571427	-3.4410714285714286	6.0428571428571427	0	2	90	7.3478807948841188e-16	6.4047619047619051	-1	-9.0	5.4047619047619051	0.0	-5.5952380952380949	1	1
1.8721230030059814	3	-3.161309523809524	6.0708333333333329	-3.1613095238095239	6.0708333333333337	0	2	90	7.3478807948841188e-16	6.4047619047619051	-1	-9.0	5.4047619047619051	0.0	-5.5952380952380949	1	1
1.8886239528656006	3	-2.601785714285714	6.1267857142857132	-2.6017857142857141	6.1267857142857141	0	2	90	7.3478807948841188e-16	6.4047619047619051	-1	-9.0	5.4047619047619051	0.0	-5.5952380952380949	1	1
1.9052529335021973	3	-2.0982142857142856	6.1827380952380953	-2.0982142857142856	6.1827380952380953	0	2	90	7.3478807948841188e-16	6.4047619047619051	-1	-9.0	5.4047619047619051	0.0	-5.5952380952380949	1	1
1.921839952468872	3	-1.8464285714285715	6.1827380952380953	-1.8464285714285715	6.1827380952380953	0	2	90	7.3478807948841188e-16	6.4047619047619051	-1	-9.0	5.4047619047619051	0.0	-5.5952380952380949	1	1
1.9381680488586426	3	-1.4547619047619047	6.2386904761904773	-1.4547619047619047	6.2386904761904765	0	2	90	7.3478807948841188e-16	6.4047619047619051	-1	-9.0	5.4047619047619051	0.0	-5.5952380952380949	1	1
1.9547688961029053	3	-1.286904761904762	6.2666666666666657	-1.286904761904762	6.2666666666666666	0	2	90	7.3478807948841188e-16	6.4047619047619051	-1	-9.0	5.4047619047619051	0.0	-5.5952380952380949	1	1
1.9714279174804688	3	-1.0071428571428571	6.2946428571428577	-1.0071428571428571	6.2946428571428568	0	2	90	7.3478807948841188e-16	6.4047619047619051	-1	-9.0	5.4047619047619051	0.0	-5.5952380952380949	1	1
1.987962007522583	3	-0.7833333333333333	6.2946428571428577	-0.78333333333333333	6.2946428571428568	0	2	90	7.3478807948841188e-16	6.4047619047619051	-1	-9.0	5.4047619047619051	0.0	-5.5952380952380949	1	1
2.004525899887085	3	-0.643452380952381	6.2946428571428577	-0.643452380952381	6.2946428571428568	0	2	90	7.3478807948841188e-16	6.4047619047619051	-1	-9.0	5.4047619047619051	0.0	-5.5952380952380949	1	1
2.0211000442504883	3	-0.5875	6.3226190476190478	-0.58750000000000002	6.3226190476190478	0	2	90	7.3478807948841188e-16	6.4047619047619051	-1	-9.0	5.4047619047619051	0.0	-5.5952380952380949	1	1
2.037781000137329	3	-0.531547619047619	6.2946428571428577	-0.53154761904761905	6.2946428571428568	0	2	90	7.3478807948841188e-16	6.4047619047619051	-1	-9.0	5.4047619047619051	0.0	-5.5952380952380949	1	1
2.0543289184570312	3	-0.5035714285714286	6.2946428571428577	-0.50357142857142856	6.2946428571428568	0	2	90	7.3478807948841188e-16	6.4047619047619051	-1	-9.0	5.4047619047619051	0.0	-5.5952380952380949	1	1
2.070971965789795	3	-0.47559523809523807	6.2946428571428577	-0.47559523809523807	6.2946428571428568	0	2	90	7.3478807948841188e-16	6.4047619047619051	-1	-9.0	5.4047619047619051	0.0	-5.5952380952380949	1	1
2.087502956390381	3	-0.47559523809523807	6.2946428571428577	-0.47559523809523807	6.2946428571428568	0	2	90	7.3478807948841188e-16	6.4047619047619051	-1	-9.0	5.4047619047619051	0.0	-5.5952380952380949	1	1
2.1044230461120605	3	-0.47559523809523807	6.2946428571428577	-0.47559523809523807	6.2946428571428568	0	2	90	7.3478807948841188e-16	6.4047619047619051	-1	-9.0	5.4047619047619051	0.0	-5.5952380952380949	1	1
2.1209828853607178	3	-0.47559523809523807	6.2946428571428577	-0.47559523809523807	6.2946428571428568	0	2	90	7.3478807948841188e-16	6.4047619047619051	-1	-9.0	5.4047619047619051	0.0	-5.5952380952380949	1	1
2.1375348567962646	3	-0.47559523809523807	6.2946428571428577	-0.47559523809523807	6.2946428571428568	0	2	90	7.3478807948841188e-16	6.4047619047619051	-1	-9.0	5.4047619047619051	0.0	-5.5952380952380949	1	1
2.1541800498962402	3	-0.47559523809523807	6.2946428571428577	-0.47559523809523807	6.2946428571428568	0	2	90	7.3478807948841188e-16	6.4047619047619051	-1	-9.0	5.4047619047619051	0.0	-5.5952380952380949	1	1
2.170809030532837	3	-0.44761904761904764	6.2946428571428577	-0.44761904761904764	6.2946428571428568	0	2	90	7.3478807948841188e-16	6.4047619047619051	-1	-9.0	5.4047619047619051	0.0	-5.5952380952380949	1	1
2.1871578693389893	3	-0.41964285714285715	6.2946428571428577	-0.41964285714285715	6.2946428571428568	0	2	90	7.3478807948841188e-16	6.4047619047619051	-1	-9.0	5.4047619047619051	0.0	-5.5952380952380949	1	1
2.203947067260742	3	-0.3357142857142857	6.2946428571428577	-0.33571428571428569	6.2946428571428568	0	2	90	7.3478807948841188e-16	6.4047619047619051	-1	-9.0	5.4047619047619051	0.0	-5.5952380952380949	1	1
2.22053599357605	3	-0.30773809523809526	6.2946428571428577	-0.30773809523809526	6.2946428571428568	0	2	90	7.3478807948841188e-16	6.4047619047619051	-1	-9.0	5.4047619047619051	0.0	-5.5952380952380949	1	1
2.237125873565674	3	-0.16785714285714284	6.2666666666666657	-0.16785714285714284	6.2666666666666666	0	2	90	7.3478807948841188e-16	6.4047619047619051	-1	-9.0	5.4047619047619051	0.0	-5.5952380952380949	1	1
2.2537460327148438	3	-0.11190476190476191	6.2666666666666657	-0.11190476190476191	6.2666666666666666	0	2	90	7.3478807948841188e-16	6.4047619047619051	-1	-9.0	5.4047619047619051	0.0	-5.5952380952380949	1	1
2.270035982131958	3	0.0	6.2386904761904773	0.0	6.2386904761904765	0	2	90	7.3478807948841188e-16	6.4047619047619051	-1	-9.0	5.4047619047619051	0.0	-5.5952380952380949	1	1
2.2866969108581543	3	0.08392857142857142	6.2386904761904773	0.083928571428571422	6.2386904761904765	0	2	90	7.3478807948841188e-16	6.4047619047619051	-1	-9.0	5.4047619047619051	0.0	-5.5952380952380949	1	1
2.303273916244507	3	0.11190476190476191	6.2386904761904773	0.11190476190476191	6.2386904761904765	0	2	90	7.3478807948841188e-16	6.4047619047619051	-1	-9.0	5.4047619047619051	0.0	-5.5952380952380949	1	1
2.3198390007019043	3	0.13988095238095238	6.2386904761904773	0.13988095238095238	6.2386904761904765	0	2	90	7.3478807948841188e-16	6.4047619047619051	-1	-9.0	5.4047619047619051	0.0	-5.5952380952380949	1	1
2.3364338874816895	3	0.13988095238095238	6.2386904761904773	0.13988095238095238	6.2386904761904765	0	2	90	7.3478807948841188e-16	6.4047619047619051	-1	-9.0	5.4047619047619051	0.0	-5.5952380952380949	1	1
2.3530168533325195	3	0.13988095238095238	6.2386904761904773	0.13988095238095238	6.2386904761904765	0	2	90	7.3478807948841188e-16	6.4047619047619051	-1	-9.0	5.4047619047619051	0.0	-5.5952380952380949	1	1
2.369581937789917	3	0.13988095238095238	6.2386904761904773	0.13988095238095238	6.2386904761904765	0	2	90	7.3478807948841188e-16	6.4047619047619051	-1	-9.0	5.4047619047619051	0.0	-5.5952380952380949	1	1
2.386240005493164	3	0.13988095238095238	6.2386904761904773	0.13988095238095238	6.2386904761904765	0	2	90	7.3478807948841188e-16	6.4047619047619051	-1	-9.0	5.4047619047619051	0.0	-5.5952380952380949	1	1
2.402791976928711	3	0.13988095238095238	6.2386904761904773	0.13988095238095238	6.2386904761904765	0	2	90	7.3478807948841188e-16	6.4047619047619051	-1	-9.0	5.4047619047619051	0.0	-5.5952380952380949	1	1
2.4196670055389404	3	0.13988095238095238	6.2386904761904773	0.13988095238095238	6.2386904761904765	0	2	90	7.3478807948841188e-16	6.4047619047619051	-1	-9.0	5.4047619047619051	0.0	-5.5952380952380949	1	1
2.4362878799438477	3	0.13988095238095238	6.2386904761904773	0.13988095238095238	6.2386904761904765	0	2	90	7.3478807948841188e-16	6.4047619047619051	-1	-9.0	5.4047619047619051	0.0	-5.5952380952380949	1	1
2.452873945236206	3	0.13988095238095238	6.2386904761904773	0.13988095238095238	6.2386904761904765	0	2	90	7.3478807948841188e-16	6.4047619047619051	-1	-9.0	5.4047619047619051	0.0	-5.5952380952380949	1	1
2.469390869140625	3	0.13988095238095238	6.2386904761904773	0.13988095238095238	6.2386904761904765	0	2	90	7.3478807948841188e-16	6.4047619047619051	-1	-9.0	5.4047619047619051	0.0	-5.5952380952380949	1	1
2.4860808849334717	3	0.13988095238095238	6.2386904761904773	0.13988095238095238	6.2386904761904765	0	2	90	7.3478807948841188e-16	6.4047619047619051	-1	-9.0	5.4047619047619051	0.0	-5.5952380952380949	1	1
2.502671957015991	3	0.13988095238095238	6.2386904761904773	0.13988095238095238	6.2386904761904765	0	2	90	7.3478807948841188e-16	6.4047619047619051	-1	-9.0	5.4047619047619051	0.0	-5.5952380952380949	1	1
2.51924991607666	3	0.13988095238095238	6.2386904761904773	0.13988095238095238	6.2386904761904765	0	2	90	7.3478807948841188e-16	6.4047619047619051	-1	-9.0	5.4047619047619051	0.0	-5.5952380952380949	1	1
2.535830020904541	3	0.13988095238095238	6.2386904761904773	0.13988095238095238	6.2386904761904765	0	2	90	7.3478807948841188e-16	6.4047619047619051	-1	-9.0	5.4047619047619051	0.0	-5.5952380952380949	1	1
2.552424907684326	3	0.13988095238095238	6.2386904761904773	0.13988095238095238	6.2386904761904765	0	2	90	7.3478807948841188e-16	6.4047619047619051	-1	-9.0	5.4047619047619051	0.0	-5.5952380952380949	1	1
2.5690178871154785	3	0.13988095238095238	6.2386904761904773	0.13988095238095238	6.2386904761904765	0	2	90	7.3478807948841188e-16	6.4047619047619051	-1	-9.0	5.4047619047619051	0.0	-5.5952380952380949	1	1
2.5853610038757324	3	0.13988095238095238	6.2386904761904773	0.13988095238095238	6.2386904761904765	0	2	90	7.3478807948841188e-16	6.4047619047619051	-1	-9.0	5.4047619047619051	0.0	-5.5952380952380949	1	1
2.6019370555877686	3	0.13988095238095238	6.2386904761904773	0.13988095238095238	6.2386904761904765	0	2	90	7.3478807948841188e-16	6.4047619047619051	-1	-9.0	5.4047619047619051	0.0	-5.5952380952380949	1	1
2.6185169219970703	3	0.13988095238095238	6.2386904761904773	0.13988095238095238	6.2386904761904765	0	2	90	7.3478807948841188e-16	6.4047619047619051	-1	-9.0	5.4047619047619051	0.0	-5.5952380952380949	1	1
2.635154962539673	3	0.13988095238095238	6.2386904761904773	0.13988095238095238	6.2386904761904765	0	2	90	7.3478807948841188e-16	6.4047619047619051	-1	-9.0	5.4047619047619051	0.0	-5.5952380952380949	1	1
2.651711940765381	3	0.13988095238095238	6.2386904761904773	0.13988095238095238	6.2386904761904765	0	2	90	7.3478807948841188e-16	6.4047619047619051	-1	-9.0	5.4047619047619051	0.0	-5.5952380952380949	1	1
2.6683120727539062	3	0.13988095238095238	6.2386904761904773	0.13988095238095238	6.2386904761904765	0	2	90	7.3478807948841188e-16	6.4047619047619051	-1	-9.0	5.4047619047619051	0.0	-5.5952380952380949	1	1
2.684959888458252	3	0.13988095238095238	6.2386904761904773	0.13988095238095238	6.2386904761904765	0	2	90	7.3478807948841188e-16	6.4047619047619051	-1	-9.0	5.4047619047619051	0.0	-5.5952380952380949	1	1
2.7014849185943604	3	0.13988095238095238	6.2386904761904773	0.13988095238095238	6.2386904761904765	0	2	90	7.3478807948841188e-16	6.4047619047619051	-1	-9.0	5.4047619047619051	0.0	-5.5952380952380949	1	1
2.718100070953369	3	0.13988095238095238	6.2386904761904773	0.13988095238095238	6.2386904761904765	0	2	90	7.3478807948841188e-16	6.4047619047619051	-1	-9.0	5.4047619047619051	0.0	-5.5952380952380949	1	1
2.7346630096435547	3	0.13988095238095238	6.2386904761904773	0.13988095238095238	6.2386904761904765	0	2	90	7.3478807948841188e-16	6.4047619047619051	-1	-9.0	5.4047619047619051	0.0	-5.5952380952380949	1	1
2.751549005508423	3	0.13988095238095238	6.2386904761904773	0.13988095238095238	6.2386904761904765	0	2	90	7.3478807948841188e-16	6.4047619047619051	-1	-9.0	5.4047619047619051	0.0	-5.5952380952380949	1	1
2.7681448459625244	3	0.13988095238095238	6.2386904761904773	0.13988095238095238	6.2386904761904765	0	2	90	7.3478807948841188e-16	6.4047619047619051	-1	-9.0	5.4047619047619051	0.0	-5.5952380952380949	1	1
2.784816026687622	3	0.13988095238095238	6.2386904761904773	0.13988095238095238	6.2386904761904765	0	2	90	7.3478807948841188e-16	6.4047619047619051	-1	-9.0	5.4047619047619051	0.0	-5.5952380952380949	1	1
2.8013079166412354	3	0.13988095238095238	6.2386904761904773	0.13988095238095238	6.2386904761904765	0	2	90	7.3478807948841188e-16	6.4047619047619051	-1	-9.0	5.4047619047619051	0.0	-5.5952380952380949	1	1
2.8179118633270264	3	0.13988095238095238	6.2386904761904773	0.13988095238095238	6.2386904761904765	0	2	90	7.3478807948841188e-16	6.4047619047619051	-1	-9.0	5.4047619047619051	0.0	-5.5952380952380949	1	1
2.8345530033111572	3	0.13988095238095238	6.2386904761904773	0.13988095238095238	6.2386904761904765	0	2	90	7.3478807948841188e-16	6.4047619047619051	-1	-9.0	5.4047619047619051	0.0	-5.5952380952380949	1	1
2.8510890007019043	3	0.13988095238095238	6.2386904761904773	0.13988095238095238	6.2386904761904765	0	2	90	7.3478807948841188e-16	6.4047619047619051	-1	-9.0	5.4047619047619051	0.0	-5.5952380952380949	1	1
2.8676869869232178	3	0.13988095238095238	6.2386904761904773	0.13988095238095238	6.2386904761904765	0	3	90	7.3478807948841188e-16	6.4047619047619051	-1	-9.0	5.4047619047619051	0.0	-5.5952380952380949	1	1
2.884350061416626	3	0.13988095238095238	6.2386904761904773	0.13988095238095238	6.2386904761904765	0	4	90	7.3478807948841188e-16	6.4047619047619051	-1	-9.0	5.4047619047619051	0.0	-5.5952380952380949	1	1
2.9009549617767334	3	0.13988095238095238	6.2386904761904773	0.13988095238095238	6.2386904761904765	0	4	90	7.3478807948841188e-16	6.4047619047619051	-1	-9.0	5.4047619047619051	0.0	-5.5952380952380949	1	1
2.9171979427337646	3	0.13988095238095238	6.2386904761904773	0.13988095238095238	6.2386904761904765	0	4	90	7.3478807948841188e-16	6.4047619047619051	-1	-9.0	5.4047619047619051	0.0	-5.5952380952380949	1	1
2.934084892272949	3	0.13988095238095238	6.2386904761904773	0.13988095238095238	6.2386904761904765	0	4	90	7.3478807948841188e-16	6.4047619047619051	-1	-9.0	5.4047619047619051	0.0	-5.5952380952380949	1	1
2.9506750106811523	3	0.13988095238095238	6.2386904761904773	0.13988095238095238	6.2386904761904765	0	4	90	7.3478807948841188e-16	6.4047619047619051	-1	-9.0	5.4047619047619051	0.0	-5.5952380952380949	1	1
2.967292070388794	3	0.13988095238095238	6.2386904761904773	0.13988095238095238	6.2386904761904765	0	4	90	7.3478807948841188e-16	6.4047619047619051	-1	-9.0	5.4047619047619051	0.0	-5.5952380952380949	1	1
2.9839019775390625	3	0.13988095238095238	6.2386904761904773	0.13988095238095238	6.2386904761904765	0	4	90	7.3478807948841188e-16	6.4047619047619051	-1	-9.0	5.4047619047619051	0.0	-5.5952380952380949	1	1
3.0005040168762207	3	0.13988095238095238	6.2386904761904773	0.13988095238095238	6.2386904761904765	0	4	90	7.3478807948841188e-16	6.4047619047619051	-1	-9.0	5.4047619047619051	0.0	-5.5952380952380949	1	1
3.0170340538024902	3	0.13988095238095238	6.2386904761904773	0.13988095238095238	6.2386904761904765	0	4	90	7.3478807948841188e-16	6.4047619047619051	-1	-9.0	5.4047619047619051	0.0	-5.5952380952380949	1	1
3.033613920211792	3	0.13988095238095238	6.2386904761904773	0.13988095238095238	6.2386904761904765	0	4	90	7.3478807948841188e-16	6.4047619047619051	-1	-9.0	5.4047619047619051	0.0	-5.5952380952380949	1	1
3.0502400398254395	3	0.13988095238095238	6.2386904761904773	0.13988095238095238	6.2386904761904765	0	4	90	7.3478807948841188e-16	6.4047619047619051	-1	-9.0	5.4047619047619051	0.0	-5.5952380952380949	1	1
3.0665369033813477	3	0.13988095238095238	6.2386904761904773	0.13988095238095238	6.2386904761904765	0	4	90	7.3478807948841188e-16	6.4047619047619051	-1	-9.0	5.4047619047619051	0.0	-5.5952380952380949	1	1
3.0831549167633057	3	0.13988095238095238	6.2386904761904773	0.13988095238095238	6.2386904761904765	0	4	90	7.3478807948841188e-16	6.4047619047619051	-1	-9.0	5.4047619047619051	0.0	-5.5952380952380949	1	1
3.099813938140869	3	0.13988095238095238	6.2386904761904773	0.13988095238095238	6.2386904761904765	0	4	90	7.3478807948841188e-16	6.4047619047619051	-1	-9.0	5.4047619047619051	0.0	-5.5952380952380949	1	1
3.1163549423217773	3	0.027976190476190474	6.2386904761904773	0.027976190476190477	6.2386904761904765	0	4	90	7.3478807948841188e-16	6.4047619047619051	-1	-9.0	5.4047619047619051	0.0	-5.5952380952380949	1	1
3.1329429149627686	3	-0.083928571428571422	6.2386904761904773	-0.083928571428571422	6.2666666666666666	0	4	90	7.3478807948841188e-16	6.4047619047619051	-1	-9.0	5.4047619047619051	0.0	-5.5952380952380949	1	1
3.1494739055633545	3	-0.47559523809523807	6.2386904761904773	-0.47559523809523807	6.2386904761904765	0	4	90	7.3478807948841188e-16	6.4047619047619051	-1	-9.0	5.4047619047619051	0.0	-5.5952380952380949	1	1
3.166152000427246	3	-0.75535714285714284	6.2386904761904773	-0.75535714285714284	6.2386904761904765	0	4	90	7.3478807948841188e-16	6.4047619047619051	-1	-9.0	5.4047619047619051	0.0	-5.5952380952380949	1	1
3.18268084526062	3	-1.4547619047619047	6.2386904761904773	-1.4547619047619047	6.1827380952380953	0	4	90	7.3478807948841188e-16	6.4047619047619051	-1	-9.0	5.4047619047619051	0.0	-5.5952380952380949	1	1
3.1993720531463623	3	-2.3779761904761907	6.2386904761904773	-2.3779761904761907	6.1267857142857141	0	4	90	7.3478807948841188e-16	6.4047619047619051	-1	-9.0	5.4047619047619051	0.0	-5.5952380952380949	1	1
3.2159290313720703	3	-3.413095238095238	6.2386904761904773	-3.413095238095238	6.0428571428571427	0	4	90	7.3478807948841188e-16	6.4047619047619051	-1	-9.0	5.4047619047619051	0.0	-5.5952380952380949	1	1
3.2325799465179443	3	-3.9726190476190477	6.2386904761904773	-3.9726190476190477	6.0148809523809526	0	4	90	7.3478807948841188e-16	6.4047619047619051	-1	-9.0	5.4047619047619051	0.0	-5.5952380952380949	1	1
3.249086856842041	3	-5.1755952380952381	6.2386904761904773	-5.1755952380952381	5.9309523809523812	0	4	90	7.3478807948841188e-16	6.4047619047619051	-1	-9.0	5.4047619047619051	0.0	-5.5952380952380949	1	1
3.2656750679016113	3	-5.7910714285714286	6.2386904761904773	-5.7910714285714286	5.9029761904761902	0	4	90	7.3478807948841188e-16	6.4047619047619051	-1	-9.0	5.4047619047619051	0.0	-5.5952380952380949	1	1
3.2822608947753906	3	-6.9940476190476186	6.2386904761904773	-6.9940476190476186	5.8190476190476188	0	4	90	7.3478807948841188e-16	6.4047619047619051	-1	-9.0	5.4047619047619051	0.0	-5.5952380952380949	1	1
3.298945903778076	3	-8.1130952380952372	6.2386904761904773	-8.1130952380952372	5.7351190476190474	0	4	90	7.3478807948841188e-16	6.4047619047619051	-1	-9.0	5.4047619047619051	0.0	-5.5952380952380949	1	1
3.315484046936035	3	-9.036309523809523	5.6511904761904752	-9.036309523809523	5.6511904761904761	0	4	90	7.3478807948841188e-16	6.4047619047619051	-1	-9.0	5.4047619047619051	0.0	-5.5952380952380949	1	1
3.3320720195770264	3	-9.4	5.5952380952380949	-9.4000000000000004	5.5952380952380949	0	4	90	7.3478807948841188e-16	6.4047619047619051	-1	-9.0	5.4047619047619051	0.0	-5.5952380952380949	1	1
3.3486459255218506	3	-9.959523809523809	5.5392857142857146	-9.9595238095238088	5.5392857142857146	0	4	90	7.3478807948841188e-16	6.4047619047619051	-1	-9.0	5.4047619047619051	0.0	-5.5952380952380949	1	1
3.365246057510376	3	-10.155357142857143	5.5113095238095227	-10.155357142857143	5.5113095238095235	0	4	90	7.3478807948841188e-16	6.4047619047619051	-1	-9.0	5.4047619047619051	0.0	-5.5952380952380949	1	1
3.381837844848633	3	-10.407142857142857	5.4553571428571423	-10.407142857142857	5.4553571428571432	0	5	90	7.3478807948841188e-16	6.4047619047619051	-1	-9.0	5.4047619047619051	0.0	-5.5952380952380949	1	1
3.398772954940796	3	-10.519047619047619	5.4273809523809522	-10.519047619047619	5.4273809523809522	0	5	90	7.3478807948841188e-16	6.4047619047619051	-1	-9.0	5.4047619047619051	0.0	-5.5952380952380949	1	1
3.415334939956665	3	-10.519047619047619	5.4273809523809522	-10.519047619047619	5.4273809523809522	0	5	90	7.3478807948841188e-16	6.4047619047619051	-1	-9.0	5.4047619047619051	0.0	-5.5952380952380949	1	1
3.4319589138031006	3	-10.519047619047619	5.4273809523809522	-10.519047619047619	5.4273809523809522	0	5	90	7.3478807948841188e-16	6.4047619047619051	-1	-9.0	5.4047619047619051	0.0	-5.5952380952380949	1	1
3.448477029800415	3	-10.435119047619047	5.3434523809523817	-10.435119047619047	5.3434523809523808	0	5	90	7.3478807948841188e-16	6.4047619047619051	-1	-9.0	5.4047619047619051	0.0	-5.5952380952380949	1	1
3.4650490283966064	3	-10.323214285714286	5.2874999999999996	-10.323214285714286	5.2874999999999996	0	5	90	7.3478807948841188e-16	6.4047619047619051	-1	-9.0	5.4047619047619051	0.0	-5.5952380952380949	1	1
3.48167085647583	3	-10.043452380952381	5.0916666666666668	-10.043452380952381	5.0916666666666668	0	5	90	7.3478807948841188e-16	6.4047619047619051	-1	-9.0	5.4047619047619051	0.0	-5.5952380952380949	1	1
3.498332977294922	3	-9.875595238095238	4.9517857142857142	-9.8755952380952383	4.9517857142857142	0	5	90	7.3478807948841188e-16	6.4047619047619051	-1	-9.0	5.4047619047619051	0.0	-5.5952380952380949	1	1
3.514885902404785	3	-9.4	4.6720238095238091	-9.4000000000000004	4.6720238095238091	0	5	90	7.3478807948841188e-16	6.4047619047619051	-1	-9.0	5.4047619047619051	0.0	-5.5952380952380949	1	1
3.531440019607544	3	-8.86845238095238	4.3083333333333336	-8.8684523809523803	4.3083333333333336	0	5	90	7.3478807948841188e-16	6.4047619047619051	-1	-9.0	5.4047619047619051	0.0	-5.5952380952380949	1	1
3.5480198860168457	3	-8.308928571428572	3.9166666666666661	-8.3089285714285719	3.9166666666666665	0	5	90	7.3478807948841188e-16	6.4047619047619051	-1	-9.0	5.4047619047619051	0.0	-5.5952380952380949	1	1
3.564452886581421	3	-8.029166666666667	3.6928571428571431	-8.0291666666666668	3.6928571428571431	0	5	90	7.3478807948841188e-16	6.4047619047619051	-1	-9.0	5.4047619047619051	0.0	-5.5952380952380949	1	1
3.580981969833374	3	-7.441666666666666	3.1892857142857149	-7.4416666666666664	3.1892857142857145	0	5	90	7.3478807948841188e-16	6.4047619047619051	-1	-9.0	5.4047619047619051	0.0	-5.5952380952380949	1	1
3.597799062728882	3	-7.133928571428571	2.9375	-7.1339285714285712	2.9375	0	5	90	7.3478807948841188e-16	6.4047619047619051	-1	-9.0	5.4047619047619051	0.0	-5.5952380952380949	1	1
3.6141459941864014	3	-6.4625	2.4059523809523817	-6.4625000000000004	2.4059523809523808	0	5	90	7.3478807948841188e-16	6.4047619047619051	-1	-9.0	5.4047619047619051	0.0	-5.5952380952380949	1	1
3.630753993988037	3	-5.791071428571429	1.8744047619047617	-5.7910714285714286	1.8744047619047619	0	5	90	7.3478807948841188e-16	6.4047619047619051	-1	-9.0	5.4047619047619051	0.0	-5.5952380952380949	1	1
3.647364854812622	3	-5.119642857142857	1.3428571428571425	-5.1196428571428569	1.3428571428571427	0	5	90	7.3478807948841188e-16	6.4047619047619051	-1	-9.0	5.4047619047619051	0.0	-5.5952380952380949	1	1
3.6639628410339355	3	-4.7839285714285715	1.0630952380952383	-4.7839285714285715	1.0630952380952381	0	5	90	7.3478807948841188e-16	6.4047619047619051	-1	-9.0	5.4047619047619051	0.0	-5.5952380952380949	1	1
3.680527925491333	3	-4.168452380952381	0.50357142857142811	-4.168452380952381	0.50357142857142856	0	5	90	7.3478807948841188e-16	6.4047619047619051	-1	-9.0	5.4047619047619051	0.0	-5.5952380952380949	1	1
3.6972389221191406	3	-3.8886904761904764	0.19583333333333375	-3.8886904761904764	0.19583333333333333	0	5	90	7.3478807948841188e-16	6.4047619047619051	-1	-9.0	5.4047619047619051	0.0	-5.5952380952380949	1	1
3.7140209674835205	3	-3.301190476190476	-0.36369047619047645	-3.301190476190476	-0.36369047619047618	0	5	90	7.3478807948841188e-16	6.4047619047619051	-1	-9.0	5.4047619047619051	0.0	-5.5952380952380949	1	1
3.7306039333343506	3	-2.7976190476190474	-0.95119047619047592	-2.7976190476190474	-0.95119047619047614	0	5	90	7.3478807948841188e-16	6.4047619047619051	-1	-9.0	5.4047619047619051	0.0	-5.5952380952380949	1	1
3.7471768856048584	3	-2.573809523809524	-1.230952380952381	-2.573809523809524	-1.230952380952381	0	5	90	7.3478807948841188e-16	6.4047619047619051	-1	-9.0	5.4047619047619051	0.0	-5.5952380952380949	1	1
3.763821840286255	3	-2.126190476190476	-1.7904761904761903	-2.1261904761904762	-1.7904761904761906	0	5	90	7.3478807948841188e-16	6.4047619047619051	-1	-9.0	5.4047619047619051	0.0	-5.5952380952380949	1	1
3.780339002609253	3	-1.7625	-2.2940476190476189	-1.7625	-2.2940476190476189	0	5	90	7.3478807948841188e-16	6.4047619047619051	-1	-9.0	5.4047619047619051	0.0	-5.5952380952380949	1	1
3.7970099449157715	3	-1.5946428571428573	-2.5458333333333334	-1.5946428571428573	-2.5458333333333334	0	5	90	7.3478807948841188e-16	6.4047619047619051	-1	-9.0	5.4047619047619051	0.0	-5.5952380952380949	1	1
3.8135738372802734	3	-1.3148809523809524	-2.9654761904761906	-1.3148809523809524	-2.9654761904761906	0	5	90	7.3478807948841188e-16	6.4047619047619051	-1	-9.0	5.4047619047619051	0.0	-5.5952380952380949	1	1
3.8302149772644043	3	-1.119047619047619	-3.3291666666666666	-1.1190476190476191	-3.3291666666666666	0	5	90	7.3478807948841188e-16	6.4047619047619051	-1	-9.0	5.4047619047619051	0.0	-5.5952380952380949	1	1
3.8467769622802734	3	-1.0351190476190477	-3.4970238095238093	-1.0351190476190477	-3.4970238095238093	0	5	90	7.3478807948841188e-16	6.4047619047619051	-1	-9.0	5.4047619047619051	0.0	-5.5952380952380949	1	1
3.86336088180542	3	-0.9232142857142858	-3.8047619047619046	-0.92321428571428577	-3.8047619047619046	0	5	90	7.3478807948841188e-16	6.4047619047619051	-1	-9.0	5.4047619047619051	0.0	-5.5952380952380949	1	1
3.8796749114990234	3	-0.8392857142857143	-4.0565476190476186	-0.8392857142857143	-4.0565476190476186	0	5	90	7.3478807948841188e-16	6.4047619047619051	-1	-9.0	5.4047619047619051	0.0	-5.5952380952380949	1	1
3.8962879180908203	3	-0.8113095238095238	-4.1404761904761909	-0.81130952380952381	-4.1404761904761909	0	5	90	7.3478807948841188e-16	6.4047619047619051	-1	-9.0	5.4047619047619051	0.0	-5.5952380952380949	1	1
3.9129228591918945	3	-0.7833333333333333	-4.3363095238095237	-0.78333333333333333	-4.3363095238095237	0	5	90	7.3478807948841188e-16	6.4047619047619051	-1	-9.0	5.4047619047619051	0.0	-5.5952380952380949	1	1
3.9294228553771973	3	-0.7833333333333333	-4.4482142857142861	-0.78333333333333333	-4.4482142857142861	0	5	90	7.3478807948841188e-16	6.4047619047619051	-1	-9.0	5.4047619047619051	0.0	-5.5952380952380949	1	1
3.9459919929504395	3	-0.7833333333333333	-4.5041666666666664	-0.78333333333333333	-4.5041666666666664	0	5	90	7.3478807948841188e-16	6.4047619047619051	-1	-9.0	5.4047619047619051	0.0	-5.5952380952380949	1	1
3.9626669883728027	3	-0.7833333333333333	-4.5601190476190476	-0.78333333333333333	-4.5601190476190476	0	5	90	7.3478807948841188e-16	6.4047619047619051	-1	-9.0	5.4047619047619051	0.0	-5.5952380952380949	1	1
3.9792659282684326	3	-0.7833333333333333	-4.6160714285714288	-0.78333333333333333	-4.6160714285714288	0	5	90	7.3478807948841188e-16	6.4047619047619051	-1	-9.0	5.4047619047619051	0.0	-5.5952380952380949	1	1
3.9958300590515137	3	-0.8113095238095238	-4.644047619047619	-0.81130952380952381	-4.644047619047619	0	5	90	7.3478807948841188e-16	6.4047619047619051	-1	-9.0	5.4047619047619051	0.0	-5.5952380952380949	1	1
4.01249098777771	3	-0.8113095238095238	-4.644047619047619	-0.81130952380952381	-4.644047619047619	0	5	90	7.3478807948841188e-16	6.4047619047619051	-1	-9.0	5.4047619047619051	0.0	-5.5952380952380949	1	1
4.029031991958618	3	-0.8392857142857143	-4.6720238095238091	-0.8392857142857143	-4.6720238095238091	0	5	90	7.3478807948841188e-16	6.4047619047619051	-1	-9.0	5.4047619047619051	0.0	-5.5952380952380949	1	1
4.0458550453186035	3	-0.8672619047619048	-4.7000000000000002	-0.86726190476190479	-4.7000000000000002	0	5	90	7.3478807948841188e-16	6.4047619047619051	-1	-9.0	5.4047619047619051	0.0	-5.5952380952380949	1	1
4.062448024749756	3	-0.8952380952380953	-4.7559523809523814	-0.89523809523809528	-4.7559523809523814	0	5	90	7.3478807948841188e-16	6.4047619047619051	-1	-9.0	5.4047619047619051	0.0	-5.5952380952380949	1	1
4.07906699180603	3	-0.9232142857142858	-4.7839285714285715	-0.92321428571428577	-4.7839285714285715	0	5	90	7.3478807948841188e-16	6.4047619047619051	-1	-9.0	5.4047619047619051	0.0	-5.5952380952380949	1	1
4.095684051513672	3	-0.9511904761904761	-4.8398809523809527	-0.95119047619047614	-4.8398809523809527	0	5	90	7.3478807948841188e-16	6.4047619047619051	-1	-9.0	5.4047619047619051	0.0	-5.5952380952380949	1	1
4.112298011779785	3	-0.9511904761904761	-4.9517857142857142	-0.95119047619047614	-4.9517857142857142	0	5	90	7.3478807948841188e-16	6.4047619047619051	-1	-9.0	5.4047619047619051	0.0	-5.5952380952380949	1	1
4.128856897354126	3	-0.9232142857142858	-5.0357142857142856	-0.92321428571428577	-5.0357142857142856	0	5	90	7.3478807948841188e-16	6.4047619047619051	-1	-9.0	5.4047619047619051	0.0	-5.5952380952380949	1	1
4.145385026931763	3	-0.8952380952380953	-5.0916666666666668	-0.89523809523809528	-5.0916666666666668	0	5	90	7.3478807948841188e-16	6.4047619047619051	-1	-9.0	5.4047619047619051	0.0	-5.5952380952380949	1	1
4.162061929702759	3	-0.8392857142857143	-5.1755952380952381	-0.8392857142857143	-5.1755952380952381	0	5	90	7.3478807948841188e-16	6.4047619047619051	-1	-9.0	5.4047619047619051	0.0	-5.5952380952380949	1	1
4.178622007369995	3	-0.8113095238095238	-5.2035714285714283	-0.81130952380952381	-5.2035714285714283	0	5	90	7.3478807948841188e-16	6.4047619047619051	-1	-9.0	5.4047619047619051	0.0	-5.5952380952380949	1	1
4.1952149868011475	3	-0.7273809523809524	-5.2874999999999996	-0.72738095238095235	-5.2874999999999996	0	5	90	7.3478807948841188e-16	6.4047619047619051	-1	-9.0	5.4047619047619051	0.0	-5.5952380952380949	1	1
4.2115960121154785	3	-0.643452380952381	-5.3434523809523808	-0.643452380952381	-5.3434523809523808	0	5	90	7.3478807948841188e-16	6.4047619047619051	-1	-9.0	5.4047619047619051	0.0	-5.5952380952380949	1	1
4.228193998336792	3	-0.5595238095238095	-5.399404761904762	-0.55952380952380953	-5.399404761904762	0	5	90	7.3478807948841188e-16	6.4047619047619051	-1	-9.0	5.4047619047619051	0.0	-5.5952380952380949	1	1
4.244740962982178	3	-0.5035714285714286	-5.4273809523809522	-0.50357142857142856	-5.4273809523809522	0	5	90	7.3478807948841188e-16	6.4047619047619051	-1	-9.0	5.4047619047619051	0.0	-5.5952380952380949	1	1
