time	trial	cursorx	cursory	hand_x	hand_Y	rotation	step	targetangle	targetposx	targetposy	garagelocation	garageposx	garageposy	homex	homey	group	trial_type
1.1920928955078125e-06	4	-0.4463456461782762	-5.3052361940607922	-0.53154761904761905	-5.5672619047619047	30	5	105	-3.1058285412302502	5.9958718202307253	1	5.8941714587697493	4.9958718202307253	0.0	-5.5952380952380949	1	1
0.02866816520690918	4	-0.42961375217017733	-5.4441128463890509	-0.44761904761904764	-5.6791666666666663	30	1	105	-3.1058285412302502	5.9958718202307253	1	5.8941714587697493	4.9958718202307253	0.0	-5.5952380952380949	1	1
0.04528307914733887	4	-0.42961375217017733	-5.4441128463890509	-0.44761904761904764	-5.6791666666666663	30	1	105	-3.1058285412302502	5.9958718202307253	1	5.8941714587697493	4.9958718202307253	0.0	-5.5952380952380949	1	1
0.061884164810180664	4	-0.44360184740827285	-5.4683409380425445	-0.44761904761904764	-5.7071428571428573	30	1	105	-3.1058285412302502	5.9958718202307253	1	5.8941714587697493	4.9958718202307253	0.0	-5.5952380952380949	1	1
0.07847309112548828	4	-0.44360184740827285	-5.4683409380425445	-0.44761904761904764	-5.7071428571428573	30	1	105	-3.1058285412302502	5.9958718202307253	1	5.8941714587697493	4.9958718202307253	0.0	-5.5952380952380949	1	1
0.0950782299041748	4	-0.44360184740827285	-5.4683409380425445	-0.44761904761904764	-5.7071428571428573	30	1	105	-3.1058285412302502	5.9958718202307253	1	5.8941714587697493	4.9958718202307253	0.0	-5.5952380952380949	1	1
0.1116480827331543	4	-0.44360184740827285	-5.4683409380425445	-0.44761904761904764	-5.7071428571428573	30	1	105	-3.1058285412302502	5.9958718202307253	1	5.8941714587697493	4.9958718202307253	0.0	-5.5952380952380949	1	1
0.12826919555664062	4	-0.44360184740827285	-5.4683409380425445	-0.44761904761904764	-5.7071428571428573	30	1	105	-3.1058285412302502	5.9958718202307253	1	5.8941714587697493	4.9958718202307253	0.0	-5.5952380952380949	1	1
0.14478206634521484	4	-0.44360184740827285	-5.4683409380425445	-0.44761904761904764	-5.7071428571428573	30	1	105	-3.1058285412302502	5.9958718202307253	1	5.8941714587697493	4.9958718202307253	0.0	-5.5952380952380949	1	1
0.16144204139709473	4	-0.44360184740827285	-5.4683409380425445	-0.44761904761904764	-5.7071428571428573	30	1	105	-3.1058285412302502	5.9958718202307253	1	5.8941714587697493	4.9958718202307253	0.0	-5.5952380952380949	1	1
0.1780400276184082	4	-0.44360184740827285	-5.4683409380425445	-0.44761904761904764	-5.7071428571428573	30	1	105	-3.1058285412302502	5.9958718202307253	1	5.8941714587697493	4.9958718202307253	0.0	-5.5952380952380949	1	1
0.19440913200378418	4	-0.42961375217017733	-5.4441128463890509	-0.44761904761904764	-5.6791666666666663	30	1	105	-3.1058285412302502	5.9958718202307253	1	5.8941714587697493	4.9958718202307253	0.0	-5.5952380952380949	1	1
0.21095800399780273	4	-0.42961375217017733	-5.4441128463890509	-0.44761904761904764	-5.6791666666666663	30	1	105	-3.1058285412302502	5.9958718202307253	1	5.8941714587697493	4.9958718202307253	0.0	-5.5952380952380949	1	1
0.22753119468688965	4	-0.42961375217017733	-5.4441128463890509	-0.44761904761904764	-5.6791666666666663	30	1	105	-3.1058285412302502	5.9958718202307253	1	5.8941714587697493	4.9958718202307253	0.0	-5.5952380952380949	1	1
0.24413299560546875	4	-0.42961375217017733	-5.4441128463890509	-0.44761904761904764	-5.6791666666666663	30	1	105	-3.1058285412302502	5.9958718202307253	1	5.8941714587697493	4.9958718202307253	0.0	-5.5952380952380949	1	1
0.2607290744781494	4	-0.41562565693208225	-5.4198847547355582	-0.44761904761904764	-5.6511904761904761	30	1	105	-3.1058285412302502	5.9958718202307253	1	5.8941714587697493	4.9958718202307253	0.0	-5.5952380952380949	1	1
0.2773590087890625	4	-0.41562565693208225	-5.4198847547355582	-0.44761904761904764	-5.6511904761904761	30	1	105	-3.1058285412302502	5.9958718202307253	1	5.8941714587697493	4.9958718202307253	0.0	-5.5952380952380949	1	1
0.29389214515686035	4	-0.391397565278589	-5.4338728499736533	-0.41964285714285715	-5.6511904761904761	30	1	105	-3.1058285412302502	5.9958718202307253	1	5.8941714587697493	4.9958718202307253	0.0	-5.5952380952380949	1	1
0.3105790615081787	4	-0.391397565278589	-5.4338728499736533	-0.41964285714285715	-5.6511904761904761	30	1	105	-3.1058285412302502	5.9958718202307253	1	5.8941714587697493	4.9958718202307253	0.0	-5.5952380952380949	1	1
0.3271341323852539	4	-0.32895328673350743	-5.4376209487963507	-0.36369047619047618	-5.6232142857142859	30	1	105	-3.1058285412302502	5.9958718202307253	1	5.8941714587697493	4.9958718202307253	0.0	-5.5952380952380949	1	1
0.34403419494628906	4	-0.280497103426521	-5.4655971392725409	-0.30773809523809526	-5.6232142857142859	30	1	105	-3.1058285412302502	5.9958718202307253	1	5.8941714587697493	4.9958718202307253	0.0	-5.5952380952380949	1	1
0.36057114601135254	4	-0.21805282488143904	-5.4693452380952374	-0.25178571428571428	-5.5952380952380949	30	1	105	-3.1058285412302502	5.9958718202307253	1	5.8941714587697493	4.9958718202307253	0.0	-5.5952380952380949	1	1
0.37722301483154297	4	-0.1695966415744526	-5.4973214285714285	-0.19583333333333333	-5.5952380952380949	30	1	105	-3.1058285412302502	5.9958718202307253	1	5.8941714587697493	4.9958718202307253	0.0	-5.5952380952380949	1	1
0.3937821388244629	4	-0.10715236302937105	-5.5010695273941259	-0.13988095238095238	-5.5672619047619047	30	1	105	-3.1058285412302502	5.9958718202307253	1	5.8941714587697493	4.9958718202307253	0.0	-5.5952380952380949	1	1
0.41033315658569336	4	-0.04470808448428952	-5.5048176262168234	-0.083928571428571422	-5.5392857142857146	30	1	105	-3.1058285412302502	5.9958718202307253	1	5.8941714587697493	4.9958718202307253	0.0	-5.5952380952380949	1	1
0.4269440174102783	4	0.04571238453698259	-5.4601095417325345	-0.027976190476190477	-5.4553571428571432	30	1	105	-3.1058285412302502	5.9958718202307253	1	5.8941714587697493	4.9958718202307253	0.0	-5.5952380952380949	1	1
0.44353222846984863	4	0.09791666666666642	-5.4256414536636424	0.0	-5.399404761904762	30	1	105	-3.1058285412302502	5.9958718202307253	1	5.8941714587697493	4.9958718202307253	0.0	-5.5952380952380949	1	1
0.4601480960845947	4	0.24428951664031973	-5.28402100256538	0.055952380952380955	-5.2035714285714283	30	1	105	-3.1058285412302502	5.9958718202307253	1	5.8941714587697493	4.9958718202307253	0.0	-5.5952380952380949	1	1
0.47680211067199707	4	0.3486980808996869	-5.2150848264275984	0.11190476190476191	-5.0916666666666668	30	1	105	-3.1058285412302502	5.9958718202307253	1	5.8941714587697493	4.9958718202307253	0.0	-5.5952380952380949	1	1
0.49331116676330566	4	0.5370352165876259	-5.0007801003688561	0.16785714285714284	-4.8119047619047617	30	1	105	-3.1058285412302502	5.9958718202307253	1	5.8941714587697493	4.9958718202307253	0.0	-5.5952380952380949	1	1
0.5095930099487305	4	0.7775766344052483	-4.7520072862412235	0.25178571428571428	-4.4761904761904763	30	1	105	-3.1058285412302502	5.9958718202307253	1	5.8941714587697493	4.9958718202307253	0.0	-5.5952380952380949	1	1
0.5262651443481445	4	1.0181180522228706	-4.50323447211359	0.33571428571428569	-4.1404761904761909	30	1	105	-3.1058285412302502	5.9958718202307253	1	5.8941714587697493	4.9958718202307253	0.0	-5.5952380952380949	1	1
0.5428721904754639	4	1.1262747153049353	-4.3718540174307261	0.36369047619047618	-3.9726190476190477	30	1	105	-3.1058285412302502	5.9958718202307253	1	5.8941714587697493	4.9958718202307253	0.0	-5.5952380952380949	1	1
0.5594332218170166	4	1.4087804188368436	-4.0503969283426136	0.44761904761904764	-3.5529761904761905	30	1	105	-3.1058285412302502	5.9958718202307253	1	5.8941714587697493	4.9958718202307253	0.0	-5.5952380952380949	1	1
0.5761392116546631	4	1.5551532688104968	-3.9087764772443512	0.50357142857142856	-3.3571428571428572	30	1	105	-3.1058285412302502	5.9958718202307253	1	5.8941714587697493	4.9958718202307253	0.0	-5.5952380952380949	1	1
0.592663049697876	4	1.8898632544720886	-3.5528513000873478	0.61547619047619051	-2.8815476190476192	30	2	105	-3.1058285412302502	5.9958718202307253	1	5.8941714587697493	4.9958718202307253	0.0	-5.5952380952380949	1	1
0.6091952323913574	4	2.186357053242092	-3.2071661193457417	0.69940476190476186	-2.4339285714285714	30	2	105	-3.1058285412302502	5.9958718202307253	1	5.8941714587697493	4.9958718202307253	0.0	-5.5952380952380949	1	1
0.6257572174072266	4	2.4343946687051092	-2.8335047481279454	0.72738095238095235	-1.9863095238095239	30	2	105	-3.1058285412302502	5.9958718202307253	1	5.8941714587697493	4.9958718202307253	0.0	-5.5952380952380949	1	1
0.6423780918121338	4	2.5080832437182825	-2.6499200113153973	0.69940476190476186	-1.7904761904761906	30	2	105	-3.1058285412302502	5.9958718202307253	1	5.8941714587697493	4.9958718202307253	0.0	-5.5952380952380949	1	1
0.6591470241546631	4	2.631232302091136	-2.2687624424522066	0.61547619047619051	-1.3988095238095237	30	2	105	-3.1058285412302502	5.9958718202307253	1	5.8941714587697493	4.9958718202307253	0.0	-5.5952380952380949	1	1
0.6758852005004883	4	2.642476598559228	-2.0814296068169615	0.53154761904761905	-1.230952380952381	30	2	105	-3.1058285412302502	5.9958718202307253	1	5.8941714587697493	4.9958718202307253	0.0	-5.5952380952380949	1	1
0.6924521923065186	4	2.6929413819716017	-1.6583077522394851	0.36369047619047618	-0.8392857142857143	30	2	105	-3.1058285412302502	5.9958718202307253	1	5.8941714587697493	4.9958718202307253	0.0	-5.5952380952380949	1	1
0.7090120315551758	4	2.656733795185401	-1.2174497036012157	0.11190476190476191	-0.47559523809523807	30	2	105	-3.1058285412302502	5.9958718202307253	1	5.8941714587697493	4.9958718202307253	0.0	-5.5952380952380949	1	1
0.7256669998168945	4	2.596298116745707	-0.76260355972485083	-0.16785714285714284	-0.11190476190476191	30	2	105	-3.1058285412302502	5.9958718202307253	1	5.8941714587697493	4.9958718202307253	0.0	-5.5952380952380949	1	1
0.7422561645507812	4	2.548846233491414	-0.50907834672182783	-0.33571428571428569	0.083928571428571422	30	2	105	-3.1058285412302502	5.9958718202307253	1	5.8941714587697493	4.9958718202307253	0.0	-5.5952380952380949	1	1
0.7588062286376953	4	2.4157262800912402	-0.012267917131177697	-0.69940476190476186	0.44761904761904764	30	2	105	-3.1058285412302502	5.9958718202307253	1	5.8941714587697493	4.9958718202307253	0.0	-5.5952380952380949	1	1
0.7754180431365967	4	2.330058209945359	0.23101729945644855	-0.89523809523809528	0.61547619047619051	30	2	105	-3.1058285412302502	5.9958718202307253	1	5.8941714587697493	4.9958718202307253	0.0	-5.5952380952380949	1	1
0.7920830249786377	4	2.162470168476294	0.78003201117678156	-1.3148809523809524	1.0071428571428571	30	2	105	-3.1058285412302502	5.9958718202307253	1	5.8941714587697493	4.9958718202307253	0.0	-5.5952380952380949	1	1
0.8085200786590576	4	1.9566659401156405	1.3188067264817178	-1.7625	1.3708333333333333	30	2	105	-3.1058285412302502	5.9958718202307253	1	5.8941714587697493	4.9958718202307253	0.0	-5.5952380952380949	1	1
0.825214147567749	4	1.836529781900868	1.6142962251990278	-2.0142857142857142	1.5666666666666667	30	2	105	-3.1058285412302502	5.9958718202307253	1	5.8941714587697493	4.9958718202307253	0.0	-5.5952380952380949	1	1
0.8415071964263916	4	1.5682812749951327	2.1568190393266597	-2.5178571428571428	1.9023809523809523	30	2	105	-3.1058285412302502	5.9958718202307253	1	5.8941714587697493	4.9958718202307253	0.0	-5.5952380952380949	1	1
0.8581180572509766	4	1.261816581197809	2.6891018570388958	-3.049404761904762	2.2101190476190475	30	2	105	-3.1058285412302502	5.9958718202307253	1	5.8941714587697493	4.9958718202307253	0.0	-5.5952380952380949	1	1
0.8747072219848633	4	1.0894761408533529	2.9501232676873137	-3.3291666666666666	2.3500000000000001	30	2	105	-3.1058285412302502	5.9958718202307253	1	5.8941714587697493	4.9958718202307253	0.0	-5.5952380952380949	1	1
0.8913471698760986	4	0.7065790732728523	3.4619260925687527	-3.9166666666666665	2.6017857142857141	30	2	105	-3.1058285412302502	5.9958718202307253	1	5.8941714587697493	4.9958718202307253	0.0	-5.5952380952380949	1	1
0.9078631401062012	4	0.3236820056923513	3.9737289174501917	-4.5041666666666664	2.8535714285714286	30	2	105	-3.1058285412302502	5.9958718202307253	1	5.8941714587697493	4.9958718202307253	0.0	-5.5952380952380949	1	1
0.9245400428771973	4	0.12336537487170496	4.1862941447916242	-4.7839285714285715	2.9375	30	2	105	-3.1058285412302502	5.9958718202307253	1	5.8941714587697493	4.9958718202307253	0.0	-5.5952380952380949	1	1
0.9411060810089111	4	-0.3257240700765749	4.6394007899506793	-5.399404761904762	3.1053571428571427	30	2	105	-3.1058285412302502	5.9958718202307253	1	5.8941714587697493	4.9958718202307253	0.0	-5.5952380952380949	1	1
0.9576771259307861	4	-0.564256887788809	4.8417260208767132	-5.7071428571428573	3.1613095238095239	30	2	105	-3.1058285412302502	5.9958718202307253	1	5.8941714587697493	4.9958718202307253	0.0	-5.5952380952380949	1	1
0.9742631912231445	4	-1.0170944315597863	5.2323883874906851	-6.2946428571428568	3.2732142857142859	30	2	105	-3.1058285412302502	5.9958718202307253	1	5.8941714587697493	4.9958718202307253	0.0	-5.5952380952380949	1	1
0.9912261962890625	4	-1.5118962610450488	5.5503664791441771	-6.8821428571428571	3.301190476190476	30	2	105	-3.1058285412302502	5.9958718202307253	1	5.8941714587697493	4.9958718202307253	0.0	-5.5952380952380949	1	1
1.0077250003814697	4	-1.972230002461421	5.816140288667988	-7.4136904761904763	3.301190476190476	30	2	105	-3.1058285412302502	5.9958718202307253	1	5.8941714587697493	4.9958718202307253	0.0	-5.5952380952380949	1	1
1.0243282318115234	4	-2.204270922580954	5.9178050541573519	-7.6654761904761903	3.2732142857142859	30	2	105	-3.1058285412302502	5.9958718202307253	1	5.8941714587697493	4.9958718202307253	0.0	-5.5952380952380949	1	1
1.040917158126831	4	-2.64412467116653	6.1071464898979855	-8.1410714285714292	3.2172619047619047	30	2	105	-3.1058285412302502	5.9958718202307253	1	5.8941714587697493	4.9958718202307253	0.0	-5.5952380952380949	1	1
1.0575551986694336	4	-3.049510331683214	6.2442836435089326	-8.5607142857142851	3.1333333333333333	30	2	105	-3.1058285412302502	5.9958718202307253	1	5.8941714587697493	4.9958718202307253	0.0	-5.5952380952380949	1	1
1.074113130569458	4	-3.222855072080363	6.2797560316305177	-8.7285714285714278	3.0773809523809526	30	2	105	-3.1058285412302502	5.9958718202307253	1	5.8941714587697493	4.9958718202307253	0.0	-5.5952380952380949	1	1
1.09073805809021	4	-3.5453164612211694	6.3367127126355918	-9.036309523809523	2.9654761904761906	30	2	105	-3.1058285412302502	5.9958718202307253	1	5.8941714587697493	4.9958718202307253	0.0	-5.5952380952380949	1	1
1.107314109802246	4	-3.670205018311333	6.3442089102809867	-9.1482142857142854	2.9095238095238094	30	2	105	-3.1058285412302502	5.9958718202307253	1	5.8941714587697493	4.9958718202307253	0.0	-5.5952380952380949	1	1
1.1239120960235596	4	-3.9339702277297555	6.3349732139182837	-9.3720238095238102	2.7696428571428573	30	2	105	-3.1058285412302502	5.9958718202307253	1	5.8941714587697493	4.9958718202307253	0.0	-5.5952380952380949	1	1
1.140383005142212	4	-4.086834975296109	6.2940132282566914	-9.4839285714285708	2.6577380952380953	30	2	105	-3.1058285412302502	5.9958718202307253	1	5.8941714587697493	4.9958718202307253	0.0	-5.5952380952380949	1	1
1.156792163848877	4	-4.125051162187699	6.2837732318412947	-9.5119047619047628	2.6297619047619047	30	2	105	-3.1058285412302502	5.9958718202307253	1	5.8941714587697493	4.9958718202307253	0.0	-5.5952380952380949	1	1
1.1733911037445068	4	-4.163267349079287	6.2735332354258961	-9.5398809523809529	2.6017857142857141	30	2	105	-3.1058285412302502	5.9958718202307253	1	5.8941714587697493	4.9958718202307253	0.0	-5.5952380952380949	1	1
1.1900651454925537	4	-4.163267349079287	6.2735332354258961	-9.5398809523809529	2.6017857142857141	30	2	105	-3.1058285412302502	5.9958718202307253	1	5.8941714587697493	4.9958718202307253	0.0	-5.5952380952380949	1	1
1.2065861225128174	4	-4.163267349079287	6.2735332354258961	-9.5398809523809529	2.6017857142857141	30	2	105	-3.1058285412302502	5.9958718202307253	1	5.8941714587697493	4.9958718202307253	0.0	-5.5952380952380949	1	1
1.2231900691986084	4	-4.163267349079287	6.2735332354258961	-9.5398809523809529	2.6017857142857141	30	2	105	-3.1058285412302502	5.9958718202307253	1	5.8941714587697493	4.9958718202307253	0.0	-5.5952380952380949	1	1
1.2397351264953613	4	-4.163267349079287	6.2735332354258961	-9.5398809523809529	2.6017857142857141	30	2	105	-3.1058285412302502	5.9958718202307253	1	5.8941714587697493	4.9958718202307253	0.0	-5.5952380952380949	1	1
1.2564351558685303	4	-4.163267349079287	6.2735332354258961	-9.5398809523809529	2.6017857142857141	30	2	105	-3.1058285412302502	5.9958718202307253	1	5.8941714587697493	4.9958718202307253	0.0	-5.5952380952380949	1	1
1.272994041442871	4	-4.163267349079287	6.2735332354258961	-9.5398809523809529	2.6017857142857141	30	2	105	-3.1058285412302502	5.9958718202307253	1	5.8941714587697493	4.9958718202307253	0.0	-5.5952380952380949	1	1
1.289600133895874	4	-4.163267349079287	6.2735332354258961	-9.5398809523809529	2.6017857142857141	30	2	105	-3.1058285412302502	5.9958718202307253	1	5.8941714587697493	4.9958718202307253	0.0	-5.5952380952380949	1	1
1.3062591552734375	4	-4.163267349079287	6.2735332354258961	-9.5398809523809529	2.6017857142857141	30	2	105	-3.1058285412302502	5.9958718202307253	1	5.8941714587697493	4.9958718202307253	0.0	-5.5952380952380949	1	1
1.323106050491333	4	-4.163267349079287	6.2735332354258961	-9.5398809523809529	2.6017857142857141	30	2	105	-3.1058285412302502	5.9958718202307253	1	5.8941714587697493	4.9958718202307253	0.0	-5.5952380952380949	1	1
1.3396100997924805	4	-4.163267349079287	6.2735332354258961	-9.5398809523809529	2.6017857142857141	30	2	105	-3.1058285412302502	5.9958718202307253	1	5.8941714587697493	4.9958718202307253	0.0	-5.5952380952380949	1	1
1.356173038482666	4	-4.163267349079287	6.2735332354258961	-9.5398809523809529	2.6017857142857141	30	2	105	-3.1058285412302502	5.9958718202307253	1	5.8941714587697493	4.9958718202307253	0.0	-5.5952380952380949	1	1
1.3728082180023193	4	-4.163267349079287	6.2735332354258961	-9.5398809523809529	2.6017857142857141	30	2	105	-3.1058285412302502	5.9958718202307253	1	5.8941714587697493	4.9958718202307253	0.0	-5.5952380952380949	1	1
1.3894460201263428	4	-4.163267349079287	6.2735332354258961	-9.5398809523809529	2.6017857142857141	30	2	105	-3.1058285412302502	5.9958718202307253	1	5.8941714587697493	4.9958718202307253	0.0	-5.5952380952380949	1	1
1.4059810638427734	4	-4.163267349079287	6.2735332354258961	-9.5398809523809529	2.6017857142857141	30	2	105	-3.1058285412302502	5.9958718202307253	1	5.8941714587697493	4.9958718202307253	0.0	-5.5952380952380949	1	1
1.4226081371307373	4	-4.163267349079287	6.2735332354258961	-9.5398809523809529	2.6017857142857141	30	2	105	-3.1058285412302502	5.9958718202307253	1	5.8941714587697493	4.9958718202307253	0.0	-5.5952380952380949	1	1
1.4391801357269287	4	-4.163267349079287	6.2735332354258961	-9.5398809523809529	2.6017857142857141	30	2	105	-3.1058285412302502	5.9958718202307253	1	5.8941714587697493	4.9958718202307253	0.0	-5.5952380952380949	1	1
1.4557981491088867	4	-4.163267349079287	6.2735332354258961	-9.5398809523809529	2.6017857142857141	30	2	105	-3.1058285412302502	5.9958718202307253	1	5.8941714587697493	4.9958718202307253	0.0	-5.5952380952380949	1	1
1.4722681045532227	4	-4.163267349079287	6.2735332354258961	-9.5398809523809529	2.6017857142857141	30	2	105	-3.1058285412302502	5.9958718202307253	1	5.8941714587697493	4.9958718202307253	0.0	-5.5952380952380949	1	1
1.4889600276947021	4	-4.163267349079287	6.2735332354258961	-9.5398809523809529	2.6017857142857141	30	2	105	-3.1058285412302502	5.9958718202307253	1	5.8941714587697493	4.9958718202307253	0.0	-5.5952380952380949	1	1
1.5055460929870605	4	-4.163267349079287	6.2735332354258961	-9.5398809523809529	2.6017857142857141	30	2	105	-3.1058285412302502	5.9958718202307253	1	5.8941714587697493	4.9958718202307253	0.0	-5.5952380952380949	1	1
1.522172212600708	4	-4.163267349079287	6.2735332354258961	-9.5398809523809529	2.6017857142857141	30	2	105	-3.1058285412302502	5.9958718202307253	1	5.8941714587697493	4.9958718202307253	0.0	-5.5952380952380949	1	1
1.538743019104004	4	-4.163267349079287	6.2735332354258961	-9.5398809523809529	2.6017857142857141	30	2	105	-3.1058285412302502	5.9958718202307253	1	5.8941714587697493	4.9958718202307253	0.0	-5.5952380952380949	1	1
1.5553560256958008	4	-4.163267349079287	6.2735332354258961	-9.5398809523809529	2.6017857142857141	30	2	105	-3.1058285412302502	5.9958718202307253	1	5.8941714587697493	4.9958718202307253	0.0	-5.5952380952380949	1	1
1.5719020366668701	4	-4.163267349079287	6.2735332354258961	-9.5398809523809529	2.6017857142857141	30	2	105	-3.1058285412302502	5.9958718202307253	1	5.8941714587697493	4.9958718202307253	0.0	-5.5952380952380949	1	1
1.5885372161865234	4	-4.163267349079287	6.2735332354258961	-9.5398809523809529	2.6017857142857141	30	2	105	-3.1058285412302502	5.9958718202307253	1	5.8941714587697493	4.9958718202307253	0.0	-5.5952380952380949	1	1
1.605168104171753	4	-4.163267349079287	6.2735332354258961	-9.5398809523809529	2.6017857142857141	30	2	105	-3.1058285412302502	5.9958718202307253	1	5.8941714587697493	4.9958718202307253	0.0	-5.5952380952380949	1	1
1.6216762065887451	4	-4.163267349079287	6.2735332354258961	-9.5398809523809529	2.6017857142857141	30	2	105	-3.1058285412302502	5.9958718202307253	1	5.8941714587697493	4.9958718202307253	0.0	-5.5952380952380949	1	1
1.6379821300506592	4	-4.163267349079287	6.2735332354258961	-9.5398809523809529	2.6017857142857141	30	2	105	-3.1058285412302502	5.9958718202307253	1	5.8941714587697493	4.9958718202307253	0.0	-5.5952380952380949	1	1
1.654712200164795	4	-4.163267349079287	6.2735332354258961	-9.5398809523809529	2.6017857142857141	30	2	105	-3.1058285412302502	5.9958718202307253	1	5.8941714587697493	4.9958718202307253	0.0	-5.5952380952380949	1	1
1.671201229095459	4	-4.163267349079287	6.2735332354258961	-9.5398809523809529	2.6017857142857141	30	2	105	-3.1058285412302502	5.9958718202307253	1	5.8941714587697493	4.9958718202307253	0.0	-5.5952380952380949	1	1
1.6877830028533936	4	-4.163267349079287	6.2735332354258961	-9.5398809523809529	2.6017857142857141	30	2	105	-3.1058285412302502	5.9958718202307253	1	5.8941714587697493	4.9958718202307253	0.0	-5.5952380952380949	1	1
1.704470157623291	4	-4.163267349079287	6.2735332354258961	-9.5398809523809529	2.6017857142857141	30	2	105	-3.1058285412302502	5.9958718202307253	1	5.8941714587697493	4.9958718202307253	0.0	-5.5952380952380949	1	1
1.721041202545166	4	-4.163267349079287	6.2735332354258961	-9.5398809523809529	2.6017857142857141	30	2	105	-3.1058285412302502	5.9958718202307253	1	5.8941714587697493	4.9958718202307253	0.0	-5.5952380952380949	1	1
1.7376000881195068	4	-4.163267349079287	6.2735332354258961	-9.5398809523809529	2.6017857142857141	30	2	105	-3.1058285412302502	5.9958718202307253	1	5.8941714587697493	4.9958718202307253	0.0	-5.5952380952380949	1	1
1.7542099952697754	4	-4.163267349079287	6.2735332354258961	-9.5398809523809529	2.6017857142857141	30	2	105	-3.1058285412302502	5.9958718202307253	1	5.8941714587697493	4.9958718202307253	0.0	-5.5952380952380949	1	1
1.7707741260528564	4	-4.163267349079287	6.2735332354258961	-9.5398809523809529	2.6017857142857141	30	2	105	-3.1058285412302502	5.9958718202307253	1	5.8941714587697493	4.9958718202307253	0.0	-5.5952380952380949	1	1
1.7874081134796143	4	-4.163267349079287	6.2735332354258961	-9.5398809523809529	2.6017857142857141	30	2	105	-3.1058285412302502	5.9958718202307253	1	5.8941714587697493	4.9958718202307253	0.0	-5.5952380952380949	1	1
1.8040411472320557	4	-4.163267349079287	6.2735332354258961	-9.5398809523809529	2.6017857142857141	30	2	105	-3.1058285412302502	5.9958718202307253	1	5.8941714587697493	4.9958718202307253	0.0	-5.5952380952380949	1	1
1.8205461502075195	4	-4.163267349079287	6.2735332354258961	-9.5398809523809529	2.6017857142857141	30	2	105	-3.1058285412302502	5.9958718202307253	1	5.8941714587697493	4.9958718202307253	0.0	-5.5952380952380949	1	1
1.837151050567627	4	-4.163267349079287	6.2735332354258961	-9.5398809523809529	2.6017857142857141	30	2	105	-3.1058285412302502	5.9958718202307253	1	5.8941714587697493	4.9958718202307253	0.0	-5.5952380952380949	1	1
1.853762149810791	4	-4.163267349079287	6.2735332354258961	-9.5398809523809529	2.6017857142857141	30	2	105	-3.1058285412302502	5.9958718202307253	1	5.8941714587697493	4.9958718202307253	0.0	-5.5952380952380949	1	1
1.8703570365905762	4	-4.163267349079287	6.2735332354258961	-9.5398809523809529	2.6017857142857141	30	2	105	-3.1058285412302502	5.9958718202307253	1	5.8941714587697493	4.9958718202307253	0.0	-5.5952380952380949	1	1
1.8869380950927734	4	-4.163267349079287	6.2735332354258961	-9.5398809523809529	2.6017857142857141	30	2	105	-3.1058285412302502	5.9958718202307253	1	5.8941714587697493	4.9958718202307253	0.0	-5.5952380952380949	1	1
1.9035990238189697	4	-4.163267349079287	6.2735332354258961	-9.5398809523809529	2.6017857142857141	30	2	105	-3.1058285412302502	5.9958718202307253	1	5.8941714587697493	4.9958718202307253	0.0	-5.5952380952380949	1	1
1.919969081878662	4	-4.163267349079287	6.2735332354258961	-9.5398809523809529	2.6017857142857141	30	2	105	-3.1058285412302502	5.9958718202307253	1	5.8941714587697493	4.9958718202307253	0.0	-5.5952380952380949	1	1
1.9365761280059814	4	-4.163267349079287	6.2735332354258961	-9.5398809523809529	2.6017857142857141	30	2	105	-3.1058285412302502	5.9958718202307253	1	5.8941714587697493	4.9958718202307253	0.0	-5.5952380952380949	1	1
1.9532830715179443	4	-4.139039257425794	6.2595451401878002	-9.5119047619047628	2.6017857142857141	30	2	105	-3.1058285412302502	5.9958718202307253	1	5.8941714587697493	4.9958718202307253	0.0	-5.5952380952380949	1	1
1.9699351787567139	4	-4.114811165772299	6.245557044949706	-9.4839285714285708	2.6017857142857141	30	2	105	-3.1058285412302502	5.9958718202307253	1	5.8941714587697493	4.9958718202307253	0.0	-5.5952380952380949	1	1
1.9866130352020264	4	-4.090583074118807	6.23156894971161	-9.4559523809523807	2.6017857142857141	30	2	105	-3.1058285412302502	5.9958718202307253	1	5.8941714587697493	4.9958718202307253	0.0	-5.5952380952380949	1	1
2.003277063369751	4	-4.0421268908118195	6.2035927592354199	-9.4000000000000004	2.6017857142857141	30	2	105	-3.1058285412302502	5.9958718202307253	1	5.8941714587697493	4.9958718202307253	0.0	-5.5952380952380949	1	1
2.019792079925537	4	-4.007658802742927	6.1513884771057352	-9.3440476190476183	2.573809523809524	30	2	105	-3.1058285412302502	5.9958718202307253	1	5.8941714587697493	4.9958718202307253	0.0	-5.5952380952380949	1	1
2.036379098892212	4	-3.959202619435942	6.1234122866295451	-9.288095238095238	2.573809523809524	30	2	105	-3.1058285412302502	5.9958718202307253	1	5.8941714587697493	4.9958718202307253	0.0	-5.5952380952380949	1	1
2.05304217338562	4	-3.9107464361289566	6.0954360961533549	-9.2321428571428577	2.573809523809524	30	2	105	-3.1058285412302502	5.9958718202307253	1	5.8941714587697493	4.9958718202307253	0.0	-5.5952380952380949	1	1
2.0695512294769287	4	-3.900506439713558	6.057219909261768	-9.2041666666666675	2.5458333333333334	30	2	105	-3.1058285412302502	5.9958718202307253	1	5.8941714587697493	4.9958718202307253	0.0	-5.5952380952380949	1	1
2.0861551761627197	4	-3.852050256406571	6.0292437187855761	-9.1482142857142854	2.5458333333333334	30	2	105	-3.1058285412302502	5.9958718202307253	1	5.8941714587697493	4.9958718202307253	0.0	-5.5952380952380949	1	1
2.102811098098755	4	-3.8035940730995845	6.0012675283093859	-9.0922619047619051	2.5458333333333334	30	2	105	-3.1058285412302502	5.9958718202307253	1	5.8941714587697493	4.9958718202307253	0.0	-5.5952380952380949	1	1
2.119180202484131	4	-3.7448978933772006	5.9350751509416053	-9.0083333333333329	2.5178571428571428	30	2	105	-3.1058285412302502	5.9958718202307253	1	5.8941714587697493	4.9958718202307253	0.0	-5.5952380952380949	1	1
2.135756015777588	4	-3.6964417100702143	5.9070989604654152	-8.9523809523809526	2.5178571428571428	30	2	105	-3.1058285412302502	5.9958718202307253	1	5.8941714587697493	4.9958718202307253	0.0	-5.5952380952380949	1	1
2.1524250507354736	4	-3.647985526763229	5.879122769989225	-8.8964285714285722	2.5178571428571428	30	2	105	-3.1058285412302502	5.9958718202307253	1	5.8941714587697493	4.9958718202307253	0.0	-5.5952380952380949	1	1
2.168990135192871	4	-3.6237574351097344	5.865134674751129	-8.8684523809523803	2.5178571428571428	30	2	105	-3.1058285412302502	5.9958718202307253	1	5.8941714587697493	4.9958718202307253	0.0	-5.5952380952380949	1	1
2.1856110095977783	4	-3.575301251802748	5.8371584842749389	-8.8125	2.5178571428571428	30	2	105	-3.1058285412302502	5.9958718202307253	1	5.8941714587697493	4.9958718202307253	0.0	-5.5952380952380949	1	1
2.2022311687469482	4	-3.5268450684957626	5.8091822937987487	-8.7565476190476197	2.5178571428571428	30	2	105	-3.1058285412302502	5.9958718202307253	1	5.8941714587697493	4.9958718202307253	0.0	-5.5952380952380949	1	1
2.2188661098480225	4	-3.5268450684957626	5.8091822937987487	-8.7565476190476197	2.5178571428571428	30	2	105	-3.1058285412302502	5.9958718202307253	1	5.8941714587697493	4.9958718202307253	0.0	-5.5952380952380949	1	1
2.235441207885742	4	-3.502616976842268	5.7951941985606528	-8.7285714285714278	2.5178571428571428	30	2	105	-3.1058285412302502	5.9958718202307253	1	5.8941714587697493	4.9958718202307253	0.0	-5.5952380952380949	1	1
2.2520740032196045	4	-3.502616976842268	5.7951941985606528	-8.7285714285714278	2.5178571428571428	30	2	105	-3.1058285412302502	5.9958718202307253	1	5.8941714587697493	4.9958718202307253	0.0	-5.5952380952380949	1	1
2.268625020980835	4	-3.502616976842268	5.7951941985606528	-8.7285714285714278	2.5178571428571428	30	2	105	-3.1058285412302502	5.9958718202307253	1	5.8941714587697493	4.9958718202307253	0.0	-5.5952380952380949	1	1
2.285208225250244	4	-3.502616976842268	5.7951941985606528	-8.7285714285714278	2.5178571428571428	30	2	105	-3.1058285412302502	5.9958718202307253	1	5.8941714587697493	4.9958718202307253	0.0	-5.5952380952380949	1	1
2.3017802238464355	4	-3.4783888851887754	5.7812061033225568	-8.7005952380952376	2.5178571428571428	30	2	105	-3.1058285412302502	5.9958718202307253	1	5.8941714587697493	4.9958718202307253	0.0	-5.5952380952380949	1	1
2.3184421062469482	4	-3.4783888851887754	5.7812061033225568	-8.7005952380952376	2.5178571428571428	30	2	105	-3.1058285412302502	5.9958718202307253	1	5.8941714587697493	4.9958718202307253	0.0	-5.5952380952380949	1	1
2.335022211074829	4	-3.4783888851887754	5.7812061033225568	-8.7005952380952376	2.5178571428571428	30	2	105	-3.1058285412302502	5.9958718202307253	1	5.8941714587697493	4.9958718202307253	0.0	-5.5952380952380949	1	1
2.3516130447387695	4	-3.4783888851887754	5.7812061033225568	-8.7005952380952376	2.5178571428571428	30	2	105	-3.1058285412302502	5.9958718202307253	1	5.8941714587697493	4.9958718202307253	0.0	-5.5952380952380949	1	1
2.368176221847534	4	-3.4783888851887754	5.7812061033225568	-8.7005952380952376	2.5178571428571428	30	2	105	-3.1058285412302502	5.9958718202307253	1	5.8941714587697493	4.9958718202307253	0.0	-5.5952380952380949	1	1
2.3848161697387695	4	-3.4783888851887754	5.7812061033225568	-8.7005952380952376	2.5178571428571428	30	2	105	-3.1058285412302502	5.9958718202307253	1	5.8941714587697493	4.9958718202307253	0.0	-5.5952380952380949	1	1
2.401362180709839	4	-3.4783888851887754	5.7812061033225568	-8.7005952380952376	2.5178571428571428	30	2	105	-3.1058285412302502	5.9958718202307253	1	5.8941714587697493	4.9958718202307253	0.0	-5.5952380952380949	1	1
2.4179751873016357	4	-3.4783888851887754	5.7812061033225568	-8.7005952380952376	2.5178571428571428	30	2	105	-3.1058285412302502	5.9958718202307253	1	5.8941714587697493	4.9958718202307253	0.0	-5.5952380952380949	1	1
2.434568166732788	4	-3.4783888851887754	5.7812061033225568	-8.7005952380952376	2.5178571428571428	30	2	105	-3.1058285412302502	5.9958718202307253	1	5.8941714587697493	4.9958718202307253	0.0	-5.5952380952380949	1	1
2.451425075531006	4	-3.4783888851887754	5.7812061033225568	-8.7005952380952376	2.5178571428571428	30	3	105	-3.1058285412302502	5.9958718202307253	1	5.8941714587697493	4.9958718202307253	0.0	-5.5952380952380949	1	1
2.46802020072937	4	-3.4783888851887754	5.7812061033225568	-8.7005952380952376	2.5178571428571428	30	4	105	-3.1058285412302502	5.9958718202307253	1	5.8941714587697493	4.9958718202307253	0.0	-5.5952380952380949	1	1
2.484607219696045	4	-3.4783888851887754	5.7812061033225568	-8.7005952380952376	2.5178571428571428	30	4	105	-3.1058285412302502	5.9958718202307253	1	5.8941714587697493	4.9958718202307253	0.0	-5.5952380952380949	1	1
2.501204013824463	4	-3.4783888851887754	5.7812061033225568	-8.7005952380952376	2.5178571428571428	30	4	105	-3.1058285412302502	5.9958718202307253	1	5.8941714587697493	4.9958718202307253	0.0	-5.5952380952380949	1	1
2.5178351402282715	4	-3.4783888851887754	5.7812061033225568	-8.7005952380952376	2.5178571428571428	30	4	105	-3.1058285412302502	5.9958718202307253	1	5.8941714587697493	4.9958718202307253	0.0	-5.5952380952380949	1	1
2.534358024597168	4	-3.4783888851887754	5.7812061033225568	-8.7005952380952376	2.5178571428571428	30	4	105	-3.1058285412302502	5.9958718202307253	1	5.8941714587697493	4.9958718202307253	0.0	-5.5952380952380949	1	1
2.550969123840332	4	-3.4783888851887754	5.7812061033225568	-8.7005952380952376	2.5178571428571428	30	4	105	-3.1058285412302502	5.9958718202307253	1	5.8941714587697493	4.9958718202307253	0.0	-5.5952380952380949	1	1
2.5675671100616455	4	-3.4783888851887754	5.7812061033225568	-8.7005952380952376	2.5178571428571428	30	4	105	-3.1058285412302502	5.9958718202307253	1	5.8941714587697493	4.9958718202307253	0.0	-5.5952380952380949	1	1
2.584207057952881	4	-3.4783888851887754	5.7812061033225568	-8.7005952380952376	2.5178571428571428	30	4	105	-3.1058285412302502	5.9958718202307253	1	5.8941714587697493	4.9958718202307253	0.0	-5.5952380952380949	1	1
2.6006991863250732	4	-3.4783888851887754	5.7812061033225568	-8.7005952380952376	2.5178571428571428	30	4	105	-3.1058285412302502	5.9958718202307253	1	5.8941714587697493	4.9958718202307253	0.0	-5.5952380952380949	1	1
2.6174240112304688	4	-3.4783888851887754	5.7812061033225568	-8.7005952380952376	2.5178571428571428	30	4	105	-3.1058285412302502	5.9958718202307253	1	5.8941714587697493	4.9958718202307253	0.0	-5.5952380952380949	1	1
2.633932113647461	4	-3.4783888851887754	5.7812061033225568	-8.7005952380952376	2.5178571428571428	30	4	105	-3.1058285412302502	5.9958718202307253	1	5.8941714587697493	4.9958718202307253	0.0	-5.5952380952380949	1	1
2.6505751609802246	4	-3.4783888851887754	5.7812061033225568	-8.7005952380952376	2.5178571428571428	30	4	105	-3.1058285412302502	5.9958718202307253	1	5.8941714587697493	4.9958718202307253	0.0	-5.5952380952380949	1	1
2.66713809967041	4	-3.4783888851887754	5.7812061033225568	-8.7005952380952376	2.5178571428571428	30	4	105	-3.1058285412302502	5.9958718202307253	1	5.8941714587697493	4.9958718202307253	0.0	-5.5952380952380949	1	1
2.6837210655212402	4	-3.4783888851887754	5.7812061033225568	-8.7005952380952376	2.5178571428571428	30	4	105	-3.1058285412302502	5.9958718202307253	1	5.8941714587697493	4.9958718202307253	0.0	-5.5952380952380949	1	1
2.7003121376037598	4	-3.4783888851887754	5.7812061033225568	-8.7005952380952376	2.5178571428571428	30	4	105	-3.1058285412302502	5.9958718202307253	1	5.8941714587697493	4.9958718202307253	0.0	-5.5952380952380949	1	1
2.7169671058654785	4	-3.4783888851887754	5.7812061033225568	-8.7005952380952376	2.5178571428571428	30	4	105	-3.1058285412302502	5.9958718202307253	1	5.8941714587697493	4.9958718202307253	0.0	-5.5952380952380949	1	1
2.7335140705108643	4	-3.4783888851887754	5.7812061033225568	-8.7005952380952376	2.5178571428571428	30	4	105	-3.1058285412302502	5.9958718202307253	1	5.8941714587697493	4.9958718202307253	0.0	-5.5952380952380949	1	1
2.75007700920105	4	-3.4783888851887754	5.7812061033225568	-8.7005952380952376	2.5178571428571428	30	4	105	-3.1058285412302502	5.9958718202307253	1	5.8941714587697493	4.9958718202307253	0.0	-5.5952380952380949	1	1
2.766702175140381	4	-3.4783888851887754	5.7812061033225568	-8.7005952380952376	2.5178571428571428	30	4	105	-3.1058285412302502	5.9958718202307253	1	5.8941714587697493	4.9958718202307253	0.0	-5.5952380952380949	1	1
2.7830700874328613	4	-3.4783888851887754	5.7812061033225568	-8.7005952380952376	2.5178571428571428	30	4	105	-3.1058285412302502	5.9958718202307253	1	5.8941714587697493	4.9958718202307253	0.0	-5.5952380952380949	1	1
2.7996392250061035	4	-3.4783888851887754	5.7812061033225568	-8.7005952380952376	2.5178571428571428	30	4	105	-3.1058285412302502	5.9958718202307253	1	5.8941714587697493	4.9958718202307253	0.0	-5.5952380952380949	1	1
2.816394090652466	4	-3.4783888851887754	5.7812061033225568	-8.7005952380952376	2.5178571428571428	30	4	105	-3.1058285412302502	5.9958718202307253	1	5.8941714587697493	4.9958718202307253	0.0	-5.5952380952380949	1	1
2.832827091217041	4	-3.4783888851887754	5.7812061033225568	-8.7005952380952376	2.5178571428571428	30	4	105	-3.1058285412302502	5.9958718202307253	1	5.8941714587697493	4.9958718202307253	0.0	-5.5952380952380949	1	1
2.849447011947632	4	-3.4783888851887754	5.7812061033225568	-8.7005952380952376	2.5178571428571428	30	4	105	-3.1058285412302502	5.9958718202307253	1	5.8941714587697493	4.9958718202307253	0.0	-5.5952380952380949	1	1
2.8659660816192627	4	-3.394460313760205	5.7812061033225568	-8.6166666666666671	2.5458333333333334	30	4	105	-3.1058285412302502	5.9958718202307253	1	5.8941714587697493	4.9958718202307253	0.0	-5.5952380952380949	1	1
2.8825809955596924	4	-3.2545793613792524	5.7812061033225568	-8.4767857142857146	2.6017857142857141	30	4	105	-3.1058285412302502	5.9958718202307253	1	5.8941714587697493	4.9958718202307253	0.0	-5.5952380952380949	1	1
2.899149179458618	4	-3.1706507899506802	5.7812061033225568	-8.3928571428571423	2.6297619047619047	30	4	105	-3.1058285412302502	5.9958718202307253	1	5.8941714587697493	4.9958718202307253	0.0	-5.5952380952380949	1	1
2.9158620834350586	4	-2.918865075664967	5.7812061033225568	-8.1410714285714292	2.6857142857142855	30	4	105	-3.1058285412302502	5.9958718202307253	1	5.8941714587697493	4.9958718202307253	0.0	-5.5952380952380949	1	1
2.932699203491211	4	-2.6111269804268709	5.7812061033225568	-7.833333333333333	2.7696428571428573	30	4	105	-3.1058285412302502	5.9958718202307253	1	5.8941714587697493	4.9958718202307253	0.0	-5.5952380952380949	1	1
2.9492340087890625	4	-2.415293647093538	5.7812061033225568	-7.6375000000000002	2.7976190476190474	30	4	105	-3.1058285412302502	5.9958718202307253	1	5.8941714587697493	4.9958718202307253	0.0	-5.5952380952380949	1	1
2.9658050537109375	4	-1.9956507899506803	5.7812061033225568	-7.2178571428571425	2.8535714285714286	30	4	105	-3.1058285412302502	5.9958718202307253	1	5.8941714587697493	4.9958718202307253	0.0	-5.5952380952380949	1	1
2.9824161529541016	4	-1.4641031709030612	5.7812061033225568	-6.6863095238095234	2.8815476190476192	30	4	105	-3.1058285412302502	5.9958718202307253	1	5.8941714587697493	4.9958718202307253	0.0	-5.5952380952380949	1	1
2.998967170715332	4	-1.1563650756649668	5.7812061033225568	-6.378571428571429	2.9095238095238094	30	4	105	-3.1058285412302502	5.9958718202307253	1	5.8941714587697493	4.9958718202307253	0.0	-5.5952380952380949	1	1
3.0156171321868896	4	-0.51291269471258527	5.7812061033225568	-5.7351190476190474	2.9654761904761906	30	4	105	-3.1058285412302502	5.9958718202307253	1	5.8941714587697493	4.9958718202307253	0.0	-5.5952380952380949	1	1
3.0322461128234863	4	0.21446825766836675	5.7812061033225568	-5.0077380952380954	2.9934523809523808	30	4	105	-3.1058285412302502	5.9958718202307253	1	5.8941714587697493	4.9958718202307253	0.0	-5.5952380952380949	1	1
3.048800230026245	4	0.60613492433503335	5.7812061033225568	-4.6160714285714288	2.9934523809523808	30	4	105	-3.1058285412302502	5.9958718202307253	1	5.8941714587697493	4.9958718202307253	0.0	-5.5952380952380949	1	1
3.065401077270508	4	1.4174444481445576	5.7812061033225568	-3.8047619047619046	3.0214285714285714	30	4	105	-3.1058285412302502	5.9958718202307253	1	5.8941714587697493	4.9958718202307253	0.0	-5.5952380952380949	1	1
3.0819571018218994	4	2.2567301624302716	5.7812061033225568	-2.9654761904761906	3.049404761904762	30	4	105	-3.1058285412302502	5.9958718202307253	1	5.8941714587697493	4.9958718202307253	0.0	-5.5952380952380949	1	1
3.0983102321624756	4	2.7043492100493194	5.7812061033225568	-2.5178571428571428	3.049404761904762	30	4	105	-3.1058285412302502	5.9958718202307253	1	5.8941714587697493	4.9958718202307253	0.0	-5.5952380952380949	1	1
3.1149392127990723	4	3.5716111148112244	5.7812061033225568	-1.650595238095238	3.0773809523809526	30	4	105	-3.1058285412302502	5.9958718202307253	1	5.8941714587697493	4.9958718202307253	0.0	-5.5952380952380949	1	1
3.1315500736236572	4	4.4108968290969388	5.7812061033225568	-0.81130952380952381	3.049404761904762	30	4	105	-3.1058285412302502	5.9958718202307253	1	5.8941714587697493	4.9958718202307253	0.0	-5.5952380952380949	1	1
3.1481192111968994	4	3.9831281454225227	2.0870755590246457	-0.39166666666666666	3.049404761904762	30	4	105	-3.1058285412302502	5.9958718202307253	1	5.8941714587697493	4.9958718202307253	0.0	-5.5952380952380949	1	1
3.164689064025879	4	4.633538521244142	1.646952709050991	0.39166666666666666	2.9934523809523808	30	4	105	-3.1058285412302502	5.9958718202307253	1	5.8941714587697493	4.9958718202307253	0.0	-5.5952380952380949	1	1
3.181318998336792	4	5.173048435213694	1.2385541483762266	1.0630952380952381	2.9095238095238094	30	4	105	-3.1058285412302502	5.9958718202307253	1	5.8941714587697493	4.9958718202307253	0.0	-5.5952380952380949	1	1
3.197838068008423	4	5.3873531612724355	1.0502170126882877	1.3428571428571427	2.8535714285714286	30	4	105	-3.1058285412302502	5.9958718202307253	1	5.8941714587697493	4.9958718202307253	0.0	-5.5952380952380949	1	1
3.2145140171051025	4	5.729290243191343	0.69127893537320162	1.8184523809523809	2.7136904761904761	30	5	105	-3.1058285412302502	5.9958718202307253	1	5.8941714587697493	4.9958718202307253	0.0	-5.5952380952380949	1	1
3.231114149093628	4	5.897882584713103	0.36781324617970235	2.1261904761904762	2.5178571428571428	30	5	105	-3.1058285412302502	5.9958718202307253	1	5.8941714587697493	4.9958718202307253	0.0	-5.5952380952380949	1	1
3.247732162475586	4	5.9248544751366	0.19072040695985581	2.2380952380952381	2.3779761904761907	30	5	105	-3.1058285412302502	5.9958718202307253	1	5.8941714587697493	4.9958718202307253	0.0	-5.5952380952380949	1	1
3.2644541263580322	4	5.895873984607716	-0.083284798873964228	2.3500000000000001	2.1261904761904762	30	5	105	-3.1058285412302502	5.9958718202307253	1	5.8941714587697493	4.9958718202307253	0.0	-5.5952380952380949	1	1
3.281135082244873	4	5.811945413179144	-0.22865334879492405	2.3500000000000001	1.9583333333333333	30	5	105	-3.1058285412302502	5.9958718202307253	1	5.8941714587697493	4.9958718202307253	0.0	-5.5952380952380949	1	1
3.297713041305542	4	5.508959716816441	-0.47367806409985924	2.2101190476190475	1.5946428571428573	30	5	105	-3.1058285412302502	5.9958718202307253	1	5.8941714587697493	4.9958718202307253	0.0	-5.5952380952380949	1	1
3.314343214035034	4	4.9561969062734095	-0.70371038411400733	1.8464285714285715	1.1190476190476191	30	5	105	-3.1058285412302502	5.9958718202307253	1	5.8941714587697493	4.9958718202307253	0.0	-5.5952380952380949	1	1
3.3309781551361084	4	4.598263129011018	-0.82009844350608141	1.5946428571428573	0.8392857142857143	30	5	105	-3.1058285412302502	5.9958718202307253	1	5.8941714587697493	4.9958718202307253	0.0	-5.5952380952380949	1	1
3.3475379943847656	4	3.7192908305044834	-1.055618361060235	0.95119047619047614	0.19583333333333333	30	5	105	-3.1058285412302502	5.9958718202307253	1	5.8941714587697493	4.9958718202307253	0.0	-5.5952380952380949	1	1
3.364084005355835	4	2.7154299749077855	-1.2836420809689946	0.19583333333333333	-0.50357142857142856	30	5	105	-3.1058285412302502	5.9958718202307253	1	5.8941714587697493	4.9958718202307253	0.0	-5.5952380952380949	1	1
3.3807220458984375	4	2.2083795489017373	-1.3785458474775805	-0.19583333333333333	-0.8392857142857143	30	5	105	-3.1058285412302502	5.9958718202307253	1	5.8941714587697493	4.9958718202307253	0.0	-5.5952380952380949	1	1
3.397285223007202	4	1.2045186933050394	-1.6065695673863396	-0.95119047619047614	-1.5386904761904763	30	5	105	-3.1058285412302502	5.9958718202307253	1	5.8941714587697493	4.9958718202307253	0.0	-5.5952380952380949	1	1
3.413851022720337	4	0.18666974247024615	-1.8588213789485919	-1.706547619047619	-2.2660714285714287	30	5	105	-3.1058285412302502	5.9958718202307253	1	5.8941714587697493	4.9958718202307253	0.0	-5.5952380952380949	1	1
3.4305460453033447	4	-0.310140687120404	-1.991941332348766	-2.0702380952380954	-2.6297619047619047	30	5	105	-3.1058285412302502	5.9958718202307253	1	5.8941714587697493	4.9958718202307253	0.0	-5.5952380952380949	1	1
3.4471051692962646	4	-1.2795334546482109	-2.2721693343872085	-2.7696428571428573	-3.3571428571428572	30	5	105	-3.1058285412302502	5.9958718202307253	1	5.8941714587697493	4.9958718202307253	0.0	-5.5952380952380949	1	1
3.4636471271514893	4	-2.148265756739347	-2.5459054388329507	-3.3851190476190478	-4.0285714285714285	30	5	105	-3.1058285412302502	5.9958718202307253	1	5.8941714587697493	4.9958718202307253	0.0	-5.5952380952380949	1	1
3.480208158493042	4	-2.558403816131422	-2.6967615862939169	-3.6648809523809525	-4.3642857142857139	30	5	105	-3.1058285412302502	5.9958718202307253	1	5.8941714587697493	4.9958718202307253	0.0	-5.5952380952380949	1	1
3.4968490600585938	4	-3.1074185278517557	-2.8643496277629827	-4.0565476190476186	-4.7839285714285715	30	5	105	-3.1058285412302502	5.9958718202307253	1	5.8941714587697493	4.9958718202307253	0.0	-5.5952380952380949	1	1
3.5134670734405518	4	-3.26028327541811	-2.9053096134245742	-4.168452380952381	-4.895833333333333	30	5	105	-3.1058285412302502	5.9958718202307253	1	5.8941714587697493	4.9958718202307253	0.0	-5.5952380952380949	1	1
3.5300891399383545	4	-3.2360551837646168	-2.9192977086626692	-4.1404761904761909	-4.895833333333333	30	5	105	-3.1058285412302502	5.9958718202307253	1	5.8941714587697493	4.9958718202307253	0.0	-5.5952380952380949	1	1
3.546617031097412	4	-3.2220670885265217	-2.8950696170091765	-4.1404761904761909	-4.8678571428571429	30	5	105	-3.1058285412302502	5.9958718202307253	1	5.8941714587697493	4.9958718202307253	0.0	-5.5952380952380949	1	1
3.563192129135132	4	-3.2220670885265217	-2.8950696170091765	-4.1404761904761909	-4.8678571428571429	30	5	105	-3.1058285412302502	5.9958718202307253	1	5.8941714587697493	4.9958718202307253	0.0	-5.5952380952380949	1	1
3.5798540115356445	4	-3.2220670885265217	-2.8950696170091765	-4.1404761904761909	-4.8678571428571429	30	5	105	-3.1058285412302502	5.9958718202307253	1	5.8941714587697493	4.9958718202307253	0.0	-5.5952380952380949	1	1
3.596292018890381	4	-3.2220670885265217	-2.8950696170091765	-4.1404761904761909	-4.8678571428571429	30	5	105	-3.1058285412302502	5.9958718202307253	1	5.8941714587697493	4.9958718202307253	0.0	-5.5952380952380949	1	1
3.613004207611084	4	-3.2220670885265217	-2.8950696170091765	-4.1404761904761909	-4.8678571428571429	30	5	105	-3.1058285412302502	5.9958718202307253	1	5.8941714587697493	4.9958718202307253	0.0	-5.5952380952380949	1	1
3.629676103591919	4	-3.2220670885265217	-2.8950696170091765	-4.1404761904761909	-4.8678571428571429	30	5	105	-3.1058285412302502	5.9958718202307253	1	5.8941714587697493	4.9958718202307253	0.0	-5.5952380952380949	1	1
3.64619517326355	4	-3.2220670885265217	-2.8950696170091765	-4.1404761904761909	-4.8678571428571429	30	5	105	-3.1058285412302502	5.9958718202307253	1	5.8941714587697493	4.9958718202307253	0.0	-5.5952380952380949	1	1
3.6627681255340576	4	-3.2220670885265217	-2.8950696170091765	-4.1404761904761909	-4.8678571428571429	30	5	105	-3.1058285412302502	5.9958718202307253	1	5.8941714587697493	4.9958718202307253	0.0	-5.5952380952380949	1	1
3.679375171661377	4	-3.197838996873028	-2.9090577122472716	-4.1124999999999998	-4.8678571428571429	30	5	105	-3.1058285412302502	5.9958718202307253	1	5.8941714587697493	4.9958718202307253	0.0	-5.5952380952380949	1	1
3.695965051651001	4	-3.1251547219125486	-2.9510219979615577	-4.0285714285714285	-4.8678571428571429	30	5	105	-3.1058285412302502	5.9958718202307253	1	5.8941714587697493	4.9958718202307253	0.0	-5.5952380952380949	1	1
3.712599039077759	4	-3.0524704469520687	-2.992986283675843	-3.9446428571428571	-4.8678571428571429	30	5	105	-3.1058285412302502	5.9958718202307253	1	5.8941714587697493	4.9958718202307253	0.0	-5.5952380952380949	1	1
3.729173183441162	4	-2.8968619006157112	-3.1151310419960025	-3.7488095238095238	-4.895833333333333	30	5	105	-3.1058285412302502	5.9958718202307253	1	5.8941714587697493	4.9958718202307253	0.0	-5.5952380952380949	1	1
3.7457900047302246	4	-2.7272652590412587	-3.2130477086626694	-3.5529761904761905	-4.895833333333333	30	5	105	-3.1058285412302502	5.9958718202307253	1	5.8941714587697493	4.9958718202307253	0.0	-5.5952380952380949	1	1
3.762356996536255	4	-2.5818967091202993	-3.2969762800912408	-3.3851190476190478	-4.895833333333333	30	5	105	-3.1058285412302502	5.9958718202307253	1	5.8941714587697493	4.9958718202307253	0.0	-5.5952380952380949	1	1
3.779013156890869	4	-2.4849843425063267	-3.3529286610436215	-3.2732142857142859	-4.895833333333333	30	5	105	-3.1058285412302502	5.9958718202307253	1	5.8941714587697493	4.9958718202307253	0.0	-5.5952380952380949	1	1
3.795530080795288	4	-2.218475334317901	-3.5067977086626692	-2.9654761904761906	-4.895833333333333	30	5	105	-3.1058285412302502	5.9958718202307253	1	5.8941714587697493	4.9958718202307253	0.0	-5.5952380952380949	1	1
3.812129020690918	4	-2.1355510629420236	-3.586978181268544	-2.8535714285714286	-4.9238095238095241	30	5	105	-3.1058285412302502	5.9958718202307253	1	5.8941714587697493	4.9958718202307253	0.0	-5.5952380952380949	1	1
3.8287010192871094	4	-2.038638696328051	-3.6429305622209247	-2.7416666666666667	-4.9238095238095241	30	5	105	-3.1058285412302502	5.9958718202307253	1	5.8941714587697493	4.9958718202307253	0.0	-5.5952380952380949	1	1
3.845320224761963	4	-2.038638696328051	-3.6429305622209247	-2.7416666666666667	-4.9238095238095241	30	5	105	-3.1058285412302502	5.9958718202307253	1	5.8941714587697493	4.9958718202307253	0.0	-5.5952380952380949	1	1
3.8618831634521484	4	-2.0144106046745573	-3.6569186574590202	-2.7136904761904761	-4.9238095238095241	30	5	105	-3.1058285412302502	5.9958718202307253	1	5.8941714587697493	4.9958718202307253	0.0	-5.5952380952380949	1	1
3.878505229949951	4	-2.0144106046745573	-3.6569186574590202	-2.7136904761904761	-4.9238095238095241	30	5	105	-3.1058285412302502	5.9958718202307253	1	5.8941714587697493	4.9958718202307253	0.0	-5.5952380952380949	1	1
3.89509916305542	4	-2.0144106046745573	-3.6569186574590202	-2.7136904761904761	-4.9238095238095241	30	5	105	-3.1058285412302502	5.9958718202307253	1	5.8941714587697493	4.9958718202307253	0.0	-5.5952380952380949	1	1
3.911708116531372	4	-1.9901825130210642	-3.6709067526971157	-2.6857142857142855	-4.9238095238095241	30	5	105	-3.1058285412302502	5.9958718202307253	1	5.8941714587697493	4.9958718202307253	0.0	-5.5952380952380949	1	1
3.9282710552215576	4	-1.9277382344759824	-3.6746548515198123	-2.6297619047619047	-4.895833333333333	30	5	105	-3.1058285412302502	5.9958718202307253	1	5.8941714587697493	4.9958718202307253	0.0	-5.5952380952380949	1	1
3.944949150085449	4	-1.792609680970421	-3.7203672360567954	-2.4898809523809522	-4.8678571428571429	30	5	105	-3.1058285412302502	5.9958718202307253	1	5.8941714587697493	4.9958718202307253	0.0	-5.5952380952380949	1	1
3.961503028869629	4	-1.6434930322267642	-3.7418515289402849	-2.3500000000000001	-4.8119047619047617	30	5	105	-3.1058285412302502	5.9958718202307253	1	5.8941714587697493	4.9958718202307253	0.0	-5.5952380952380949	1	1
3.9781060218811035	4	-1.5810487536816826	-3.7455996277629824	-2.2940476190476189	-4.7839285714285715	30	5	105	-3.1058285412302502	5.9958718202307253	1	5.8941714587697493	4.9958718202307253	0.0	-5.5952380952380949	1	1
3.9946720600128174	4	-1.5568206620281897	-3.7595877230010775	-2.2660714285714287	-4.7839285714285715	30	5	105	-3.1058285412302502	5.9958718202307253	1	5.8941714587697493	4.9958718202307253	0.0	-5.5952380952380949	1	1
4.011264085769653	4	-1.5186044751366012	-3.7493477265856798	-2.2380952380952381	-4.7559523809523814	30	5	105	-3.1058285412302502	5.9958718202307253	1	5.8941714587697493	4.9958718202307253	0.0	-5.5952380952380949	1	1
4.027839183807373	4	-1.5186044751366012	-3.7493477265856798	-2.2380952380952381	-4.7559523809523814	30	5	105	-3.1058285412302502	5.9958718202307253	1	5.8941714587697493	4.9958718202307253	0.0	-5.5952380952380949	1	1
4.044507026672363	4	-1.5186044751366012	-3.7493477265856798	-2.2380952380952381	-4.7559523809523814	30	5	105	-3.1058285412302502	5.9958718202307253	1	5.8941714587697493	4.9958718202307253	0.0	-5.5952380952380949	1	1
4.0609941482543945	4	-1.5186044751366012	-3.7493477265856798	-2.2380952380952381	-4.7559523809523814	30	5	105	-3.1058285412302502	5.9958718202307253	1	5.8941714587697493	4.9958718202307253	0.0	-5.5952380952380949	1	1
4.077608108520508	4	-1.5428325667900946	-3.7353596313475848	-2.2660714285714287	-4.7559523809523814	30	5	105	-3.1058285412302502	5.9958718202307253	1	5.8941714587697493	4.9958718202307253	0.0	-5.5952380952380949	1	1
4.094202995300293	4	-1.5633125596208903	-3.6589272575644074	-2.3220238095238095	-4.7000000000000002	30	5	105	-3.1058285412302502	5.9958718202307253	1	5.8941714587697493	4.9958718202307253	0.0	-5.5952380952380949	1	1
4.110872030258179	4	-1.5837925524516865	-3.5824948837812305	-2.3779761904761907	-4.644047619047619	30	5	105	-3.1058285412302502	5.9958718202307253	1	5.8941714587697493	4.9958718202307253	0.0	-5.5952380952380949	1	1
4.127468109130859	4	-1.666716823827564	-3.5023144111753566	-2.4898809523809522	-4.6160714285714288	30	5	105	-3.1058285412302502	5.9958718202307253	1	5.8941714587697493	4.9958718202307253	0.0	-5.5952380952380949	1	1
4.144032001495361	4	-1.7636291904415367	-3.4463620302229758	-2.6017857142857141	-4.6160714285714288	30	5	105	-3.1058285412302502	5.9958718202307253	1	5.8941714587697493	4.9958718202307253	0.0	-5.5952380952380949	1	1
4.1605260372161865	4	-1.8745296522936048	-3.4146377409240878	-2.7136904761904761	-4.644047619047619	30	5	105	-3.1058285412302502	5.9958718202307253	1	5.8941714587697493	4.9958718202307253	0.0	-5.5952380952380949	1	1
4.17724609375	4	-2.1000786748204385	-3.4136334408713944	-2.9095238095238094	-4.7559523809523814	30	5	105	-3.1058285412302502	5.9958718202307253	1	5.8941714587697493	4.9958718202307253	0.0	-5.5952380952380949	1	1
4.193792104721069	4	-2.325627697347272	-3.4126291408187002	-3.1053571428571427	-4.8678571428571429	30	5	105	-3.1058285412302502	5.9958718202307253	1	5.8941714587697493	4.9958718202307253	0.0	-5.5952380952380949	1	1
4.210390090942383	4	-2.3638438842388605	-3.4228691372340978	-3.1333333333333333	-4.895833333333333	30	5	105	-3.1058285412302502	5.9958718202307253	1	5.8941714587697493	4.9958718202307253	0.0	-5.5952380952380949	1	1
4.226993083953857	4	-2.3638438842388605	-3.4228691372340978	-3.1333333333333333	-4.895833333333333	30	5	105	-3.1058285412302502	5.9958718202307253	1	5.8941714587697493	4.9958718202307253	0.0	-5.5952380952380949	1	1
4.243638038635254	4	-2.377831979476956	-3.4470972288875918	-3.1333333333333333	-4.9238095238095241	30	5	105	-3.1058285412302502	5.9958718202307253	1	5.8941714587697493	4.9958718202307253	0.0	-5.5952380952380949	1	1
4.260000228881836	4	-2.377831979476956	-3.4470972288875918	-3.1333333333333333	-4.9238095238095241	30	5	105	-3.1058285412302502	5.9958718202307253	1	5.8941714587697493	4.9958718202307253	0.0	-5.5952380952380949	1	1
4.276766061782837	4	-2.3536038878234624	-3.4610853241256869	-3.1053571428571427	-4.9238095238095241	30	5	105	-3.1058285412302502	5.9958718202307253	1	5.8941714587697493	4.9958718202307253	0.0	-5.5952380952380949	1	1
4.293359041213989	4	-2.2324634295559966	-3.5310258003161632	-2.9654761904761906	-4.9238095238095241	30	5	105	-3.1058285412302502	5.9958718202307253	1	5.8941714587697493	4.9958718202307253	0.0	-5.5952380952380949	1	1
4.309976100921631	4	-2.1355510629420236	-3.586978181268544	-2.8535714285714286	-4.9238095238095241	30	5	105	-3.1058285412302502	5.9958718202307253	1	5.8941714587697493	4.9958718202307253	0.0	-5.5952380952380949	1	1
4.326566219329834	4	-1.9901825130210642	-3.6709067526971157	-2.6857142857142855	-4.9238095238095241	30	5	105	-3.1058285412302502	5.9958718202307253	1	5.8941714587697493	4.9958718202307253	0.0	-5.5952380952380949	1	1
4.343280076980591	4	-1.9174982380605843	-3.712871038411401	-2.6017857142857141	-4.9238095238095241	30	5	105	-3.1058285412302502	5.9958718202307253	1	5.8941714587697493	4.9958718202307253	0.0	-5.5952380952380949	1	1
4.359750032424927	4	-1.8932701464070916	-3.7268591336494961	-2.573809523809524	-4.9238095238095241	30	5	105	-3.1058285412302502	5.9958718202307253	1	5.8941714587697493	4.9958718202307253	0.0	-5.5952380952380949	1	1
4.376371145248413	4	-1.782369684555023	-3.7585834229483837	-2.461904761904762	-4.895833333333333	30	5	105	-3.1058285412302502	5.9958718202307253	1	5.8941714587697493	4.9958718202307253	0.0	-5.5952380952380949	1	1
4.392884016036987	4	-1.7199254060099411	-3.7623315217710811	-2.4059523809523808	-4.8678571428571429	30	5	105	-3.1058285412302502	5.9958718202307253	1	5.8941714587697493	4.9958718202307253	0.0	-5.5952380952380949	1	1
4.409524202346802	4	-1.560568760850887	-3.8220320015461597	-2.2380952380952381	-4.8398809523809527	30	5	105	-3.1058285412302502	5.9958718202307253	1	5.8941714587697493	4.9958718202307253	0.0	-5.5952380952380949	1	1
4.426061153411865	4	-1.1626792979795972	-4.0840577122472714	-1.7625	-4.8678571428571429	30	5	105	-3.1058285412302502	5.9958718202307253	1	5.8941714587697493	4.9958718202307253	0.0	-5.5952380952380949	1	1
4.442694187164307	4	-0.8999183886138691	-4.3003710384114004	-1.4267857142857143	-4.9238095238095241	30	5	105	-3.1058285412302502	5.9958718202307253	1	5.8941714587697493	4.9958718202307253	0.0	-5.5952380952380949	1	1
4.459335088729858	4	-0.5579813066949606	-4.6593091157264865	-0.95119047619047614	-5.0636904761904766	30	5	105	-3.1058285412302502	5.9958718202307253	1	5.8941714587697493	4.9958718202307253	0.0	-5.5952380952380949	1	1
4.475881099700928	4	-0.4163608555966981	-4.8056819657001384	-0.75535714285714284	-5.1196428571428569	30	5	105	-3.1058285412302502	5.9958718202307253	1	5.8941714587697493	4.9958718202307253	0.0	-5.5952380952380949	1	1
4.4924821853637695	4	-0.3334365842208208	-4.8858624383060132	-0.643452380952381	-5.147619047619048	30	5	105	-3.1058285412302502	5.9958718202307253	1	5.8941714587697493	4.9958718202307253	0.0	-5.5952380952380949	1	1
4.50913405418396	4	-0.1433599498155719	-5.060211478755857	-0.39166666666666666	-5.2035714285714283	30	5	105	-3.1058285412302502	5.9958718202307253	1	5.8941714587697493	4.9958718202307253	0.0	-5.5952380952380949	1	1
