time	trial	cursorx	cursory	hand_x	hand_Y	rotation	step	targetangle	targetposx	targetposy	garagelocation	garageposx	garageposy	homex	homey	group	trial_type
0.0	1	0.41964285714285715	-5.4553571428571432	0.41964285714285715	-5.4553571428571432	0	5	105	-3.1058285412302502	5.9958718202307253	-1	-12.105828541230251	4.9958718202307253	0.0	-5.5952380952380949	1	1
0.02954387664794922	1	-0.11190476190476191	-5.6232142857142859	-0.11190476190476191	-5.6232142857142859	0	1	105	-3.1058285412302502	5.9958718202307253	-1	-12.105828541230251	4.9958718202307253	0.0	-5.5952380952380949	1	1
0.046182870864868164	1	-0.22380952380952382	-5.6511904761904761	-0.22380952380952382	-5.6511904761904761	0	1	105	-3.1058285412302502	5.9958718202307253	-1	-12.105828541230251	4.9958718202307253	0.0	-5.5952380952380949	1	1
0.06264090538024902	1	-0.2517857142857143	-5.6511904761904761	-0.25178571428571428	-5.6511904761904761	0	1	105	-3.1058285412302502	5.9958718202307253	-1	-12.105828541230251	4.9958718202307253	0.0	-5.5952380952380949	1	1
0.07931709289550781	1	-0.2517857142857143	-5.6511904761904761	-0.25178571428571428	-5.6511904761904761	0	1	105	-3.1058285412302502	5.9958718202307253	-1	-12.105828541230251	4.9958718202307253	0.0	-5.5952380952380949	1	1
0.09589505195617676	1	-0.2517857142857143	-5.6511904761904761	-0.25178571428571428	-5.6511904761904761	0	1	105	-3.1058285412302502	5.9958718202307253	-1	-12.105828541230251	4.9958718202307253	0.0	-5.5952380952380949	1	1
0.11262893676757812	1	-0.2517857142857143	-5.6511904761904761	-0.25178571428571428	-5.6511904761904761	0	1	105	-3.1058285412302502	5.9958718202307253	-1	-12.105828541230251	4.9958718202307253	0.0	-5.5952380952380949	1	1
0.1291210651397705	1	-0.27976190476190477	-5.6232142857142859	-0.27976190476190477	-5.6232142857142859	0	1	105	-3.1058285412302502	5.9958718202307253	-1	-12.105828541230251	4.9958718202307253	0.0	-5.5952380952380949	1	1
0.1457080841064453	1	-0.27976190476190477	-5.6232142857142859	-0.27976190476190477	-5.6232142857142859	0	1	105	-3.1058285412302502	5.9958718202307253	-1	-12.105828541230251	4.9958718202307253	0.0	-5.5952380952380949	1	1
0.16228508949279785	1	-0.27976190476190477	-5.6232142857142859	-0.27976190476190477	-5.6232142857142859	0	1	105	-3.1058285412302502	5.9958718202307253	-1	-12.105828541230251	4.9958718202307253	0.0	-5.5952380952380949	1	1
0.1788949966430664	1	-0.27976190476190477	-5.6232142857142859	-0.27976190476190477	-5.6232142857142859	0	1	105	-3.1058285412302502	5.9958718202307253	-1	-12.105828541230251	4.9958718202307253	0.0	-5.5952380952380949	1	1
0.19544291496276855	1	-0.27976190476190477	-5.6232142857142859	-0.27976190476190477	-5.6232142857142859	0	1	105	-3.1058285412302502	5.9958718202307253	-1	-12.105828541230251	4.9958718202307253	0.0	-5.5952380952380949	1	1
0.21210098266601562	1	-0.27976190476190477	-5.6232142857142859	-0.27976190476190477	-5.6232142857142859	0	1	105	-3.1058285412302502	5.9958718202307253	-1	-12.105828541230251	4.9958718202307253	0.0	-5.5952380952380949	1	1
0.22839689254760742	1	-0.30773809523809526	-5.6232142857142859	-0.30773809523809526	-5.6232142857142859	0	1	105	-3.1058285412302502	5.9958718202307253	-1	-12.105828541230251	4.9958718202307253	0.0	-5.5952380952380949	1	1
0.24505400657653809	1	-0.30773809523809526	-5.6232142857142859	-0.30773809523809526	-5.6232142857142859	0	1	105	-3.1058285412302502	5.9958718202307253	-1	-12.105828541230251	4.9958718202307253	0.0	-5.5952380952380949	1	1
0.2616140842437744	1	-0.30773809523809526	-5.6232142857142859	-0.30773809523809526	-5.6232142857142859	0	1	105	-3.1058285412302502	5.9958718202307253	-1	-12.105828541230251	4.9958718202307253	0.0	-5.5952380952380949	1	1
0.2781698703765869	1	-0.30773809523809526	-5.6232142857142859	-0.30773809523809526	-5.6232142857142859	0	1	105	-3.1058285412302502	5.9958718202307253	-1	-12.105828541230251	4.9958718202307253	0.0	-5.5952380952380949	1	1
0.29475998878479004	1	-0.30773809523809526	-5.6232142857142859	-0.30773809523809526	-5.6232142857142859	0	1	105	-3.1058285412302502	5.9958718202307253	-1	-12.105828541230251	4.9958718202307253	0.0	-5.5952380952380949	1	1
0.3112058639526367	1	-0.30773809523809526	-5.6232142857142859	-0.30773809523809526	-5.6232142857142859	0	1	105	-3.1058285412302502	5.9958718202307253	-1	-12.105828541230251	4.9958718202307253	0.0	-5.5952380952380949	1	1
0.3277778625488281	1	-0.30773809523809526	-5.6232142857142859	-0.30773809523809526	-5.6232142857142859	0	1	105	-3.1058285412302502	5.9958718202307253	-1	-12.105828541230251	4.9958718202307253	0.0	-5.5952380952380949	1	1
0.3443129062652588	1	-0.30773809523809526	-5.6232142857142859	-0.30773809523809526	-5.6232142857142859	0	1	105	-3.1058285412302502	5.9958718202307253	-1	-12.105828541230251	4.9958718202307253	0.0	-5.5952380952380949	1	1
0.3609640598297119	1	-0.30773809523809526	-5.6232142857142859	-0.30773809523809526	-5.6232142857142859	0	1	105	-3.1058285412302502	5.9958718202307253	-1	-12.105828541230251	4.9958718202307253	0.0	-5.5952380952380949	1	1
0.3775920867919922	1	-0.30773809523809526	-5.6232142857142859	-0.30773809523809526	-5.6232142857142859	0	1	105	-3.1058285412302502	5.9958718202307253	-1	-12.105828541230251	4.9958718202307253	0.0	-5.5952380952380949	1	1
0.39418697357177734	1	-0.30773809523809526	-5.6232142857142859	-0.30773809523809526	-5.6232142857142859	0	1	105	-3.1058285412302502	5.9958718202307253	-1	-12.105828541230251	4.9958718202307253	0.0	-5.5952380952380949	1	1
0.4107379913330078	1	-0.3357142857142857	-5.5672619047619047	-0.33571428571428569	-5.5672619047619047	0	1	105	-3.1058285412302502	5.9958718202307253	-1	-12.105828541230251	4.9958718202307253	0.0	-5.5952380952380949	1	1
0.427401065826416	1	-0.3636904761904762	-5.4273809523809522	-0.36369047619047618	-5.4273809523809522	0	1	105	-3.1058285412302502	5.9958718202307253	-1	-12.105828541230251	4.9958718202307253	0.0	-5.5952380952380949	1	1
0.4439680576324463	1	-0.39166666666666666	-5.3434523809523808	-0.39166666666666666	-5.3434523809523808	0	1	105	-3.1058285412302502	5.9958718202307253	-1	-12.105828541230251	4.9958718202307253	0.0	-5.5952380952380949	1	1
0.4605369567871094	1	-0.41964285714285715	-5.1196428571428569	-0.41964285714285715	-5.1196428571428569	0	1	105	-3.1058285412302502	5.9958718202307253	-1	-12.105828541230251	4.9958718202307253	0.0	-5.5952380952380949	1	1
0.47711992263793945	1	-0.5035714285714286	-4.8678571428571429	-0.50357142857142856	-4.8678571428571429	0	1	105	-3.1058285412302502	5.9958718202307253	-1	-12.105828541230251	4.9958718202307253	0.0	-5.5952380952380949	1	1
0.49370408058166504	1	-0.531547619047619	-4.7000000000000002	-0.53154761904761905	-4.7000000000000002	0	1	105	-3.1058285412302502	5.9958718202307253	-1	-12.105828541230251	4.9958718202307253	0.0	-5.5952380952380949	1	1
0.5103509426116943	1	-0.643452380952381	-4.3642857142857139	-0.643452380952381	-4.3642857142857139	0	1	105	-3.1058285412302502	5.9958718202307253	-1	-12.105828541230251	4.9958718202307253	0.0	-5.5952380952380949	1	1
0.5269870758056641	1	-0.7273809523809524	-4.168452380952381	-0.72738095238095235	-4.168452380952381	0	1	105	-3.1058285412302502	5.9958718202307253	-1	-12.105828541230251	4.9958718202307253	0.0	-5.5952380952380949	1	1
0.5435159206390381	1	-0.8392857142857143	-3.7767857142857144	-0.8392857142857143	-3.7767857142857144	0	1	105	-3.1058285412302502	5.9958718202307253	-1	-12.105828541230251	4.9958718202307253	0.0	-5.5952380952380949	1	1
0.5604209899902344	1	-1.0071428571428571	-3.3291666666666666	-1.0071428571428571	-3.3291666666666666	0	1	105	-3.1058285412302502	5.9958718202307253	-1	-12.105828541230251	4.9958718202307253	0.0	-5.5952380952380949	1	1
0.5770659446716309	1	-1.1470238095238094	-2.8535714285714286	-1.1470238095238094	-2.8535714285714286	0	2	105	-3.1058285412302502	5.9958718202307253	-1	-12.105828541230251	4.9958718202307253	0.0	-5.5952380952380949	1	1
0.5937290191650391	1	-1.230952380952381	-2.6297619047619047	-1.230952380952381	-2.6297619047619047	0	2	105	-3.1058285412302502	5.9958718202307253	-1	-12.105828541230251	4.9958718202307253	0.0	-5.5952380952380949	1	1
0.6102900505065918	1	-1.3988095238095237	-2.1541666666666668	-1.3988095238095237	-2.1541666666666668	0	2	105	-3.1058285412302502	5.9958718202307253	-1	-12.105828541230251	4.9958718202307253	0.0	-5.5952380952380949	1	1
0.6269950866699219	1	-1.4827380952380953	-1.9023809523809523	-1.4827380952380953	-1.9023809523809523	0	2	105	-3.1058285412302502	5.9958718202307253	-1	-12.105828541230251	4.9958718202307253	0.0	-5.5952380952380949	1	1
0.6435220241546631	1	-1.650595238095238	-1.4267857142857139	-1.650595238095238	-1.4267857142857143	0	2	105	-3.1058285412302502	5.9958718202307253	-1	-12.105828541230251	4.9958718202307253	0.0	-5.5952380952380949	1	1
0.6601169109344482	1	-1.7904761904761906	-0.92321428571428577	-1.7904761904761906	-0.92321428571428577	0	2	105	-3.1058285412302502	5.9958718202307253	-1	-12.105828541230251	4.9958718202307253	0.0	-5.5952380952380949	1	1
0.6767160892486572	1	-1.874404761904762	-0.67142857142857171	-1.8744047619047619	-0.67142857142857137	0	2	105	-3.1058285412302502	5.9958718202307253	-1	-12.105828541230251	4.9958718202307253	0.0	-5.5952380952380949	1	1
0.6933000087738037	1	-2.042261904761905	-0.19583333333333375	-2.0422619047619048	-0.19583333333333333	0	2	105	-3.1058285412302502	5.9958718202307253	-1	-12.105828541230251	4.9958718202307253	0.0	-5.5952380952380949	1	1
0.7099108695983887	1	-2.2101190476190475	0.25178571428571406	-2.2101190476190475	0.25178571428571428	0	2	105	-3.1058285412302502	5.9958718202307253	-1	-12.105828541230251	4.9958718202307253	0.0	-5.5952380952380949	1	1
0.7262940406799316	1	-2.3220238095238095	0.47559523809523796	-2.3220238095238095	0.47559523809523807	0	2	105	-3.1058285412302502	5.9958718202307253	-1	-12.105828541230251	4.9958718202307253	0.0	-5.5952380952380949	1	1
0.7428500652313232	1	-2.461904761904762	0.92321428571428577	-2.461904761904762	0.92321428571428577	0	2	105	-3.1058285412302502	5.9958718202307253	-1	-12.105828541230251	4.9958718202307253	0.0	-5.5952380952380949	1	1
0.7594060897827148	1	-2.573809523809524	1.3708333333333336	-2.573809523809524	1.3708333333333333	0	2	105	-3.1058285412302502	5.9958718202307253	-1	-12.105828541230251	4.9958718202307253	0.0	-5.5952380952380949	1	1
0.7760238647460938	1	-2.6297619047619047	1.5946428571428575	-2.6297619047619047	1.5946428571428573	0	2	105	-3.1058285412302502	5.9958718202307253	-1	-12.105828541230251	4.9958718202307253	0.0	-5.5952380952380949	1	1
0.7925839424133301	1	-2.6857142857142855	2.0422619047619044	-2.6857142857142855	2.0422619047619048	0	2	105	-3.1058285412302502	5.9958718202307253	-1	-12.105828541230251	4.9958718202307253	0.0	-5.5952380952380949	1	1
0.8091728687286377	1	-2.7696428571428573	2.461904761904762	-2.7696428571428573	2.461904761904762	0	2	105	-3.1058285412302502	5.9958718202307253	-1	-12.105828541230251	4.9958718202307253	0.0	-5.5952380952380949	1	1
0.8258299827575684	1	-2.7976190476190474	2.6857142857142851	-2.7976190476190474	2.6857142857142855	0	2	105	-3.1058285412302502	5.9958718202307253	-1	-12.105828541230251	4.9958718202307253	0.0	-5.5952380952380949	1	1
0.8424429893493652	1	-2.8535714285714286	3.1053571428571427	-2.8535714285714286	3.1053571428571427	0	2	105	-3.1058285412302502	5.9958718202307253	-1	-12.105828541230251	4.9958718202307253	0.0	-5.5952380952380949	1	1
0.8589770793914795	1	-2.9095238095238094	3.4970238095238102	-2.9095238095238094	3.4970238095238093	0	2	105	-3.1058285412302502	5.9958718202307253	-1	-12.105828541230251	4.9958718202307253	0.0	-5.5952380952380949	1	1
0.8758220672607422	1	-2.9375	3.6928571428571431	-2.9375	3.6928571428571431	0	2	105	-3.1058285412302502	5.9958718202307253	-1	-12.105828541230251	4.9958718202307253	0.0	-5.5952380952380949	1	1
0.8924109935760498	1	-2.9375	4.0845238095238088	-2.9375	4.0845238095238097	0	2	105	-3.1058285412302502	5.9958718202307253	-1	-12.105828541230251	4.9958718202307253	0.0	-5.5952380952380949	1	1
0.9090268611907959	1	-2.9375	4.4482142857142861	-2.9375	4.4482142857142861	0	2	105	-3.1058285412302502	5.9958718202307253	-1	-12.105828541230251	4.9958718202307253	0.0	-5.5952380952380949	1	1
0.925713062286377	1	-2.9095238095238094	4.5880952380952387	-2.9095238095238094	4.5880952380952378	0	2	105	-3.1058285412302502	5.9958718202307253	-1	-12.105828541230251	4.9958718202307253	0.0	-5.5952380952380949	1	1
0.942241907119751	1	-2.9095238095238094	4.8958333333333321	-2.9095238095238094	4.895833333333333	0	2	105	-3.1058285412302502	5.9958718202307253	-1	-12.105828541230251	4.9958718202307253	0.0	-5.5952380952380949	1	1
0.9587969779968262	1	-2.9095238095238094	5.1196428571428569	-2.9095238095238094	5.1196428571428569	0	2	105	-3.1058285412302502	5.9958718202307253	-1	-12.105828541230251	4.9958718202307253	0.0	-5.5952380952380949	1	1
0.9754228591918945	1	-2.9095238095238094	5.2315476190476193	-2.9095238095238094	5.2315476190476193	0	2	105	-3.1058285412302502	5.9958718202307253	-1	-12.105828541230251	4.9958718202307253	0.0	-5.5952380952380949	1	1
0.9919850826263428	1	-2.9375	5.399404761904762	-2.9375	5.399404761904762	0	2	105	-3.1058285412302502	5.9958718202307253	-1	-12.105828541230251	4.9958718202307253	0.0	-5.5952380952380949	1	1
1.0085899829864502	1	-2.9654761904761906	5.5113095238095227	-2.9654761904761906	5.5113095238095235	0	2	105	-3.1058285412302502	5.9958718202307253	-1	-12.105828541230251	4.9958718202307253	0.0	-5.5952380952380949	1	1
1.0252509117126465	1	-2.9934523809523808	5.6511904761904752	-2.9934523809523808	5.6511904761904761	0	2	105	-3.1058285412302502	5.9958718202307253	-1	-12.105828541230251	4.9958718202307253	0.0	-5.5952380952380949	1	1
1.0415570735931396	1	-2.9934523809523808	5.7910714285714278	-2.9934523809523808	5.7910714285714286	0	2	105	-3.1058285412302502	5.9958718202307253	-1	-12.105828541230251	4.9958718202307253	0.0	-5.5952380952380949	1	1
1.0581059455871582	1	-2.9934523809523808	5.875	-2.9934523809523808	5.875	0	2	105	-3.1058285412302502	5.9958718202307253	-1	-12.105828541230251	4.9958718202307253	0.0	-5.5952380952380949	1	1
1.0746960639953613	1	-3.0214285714285714	5.9029761904761902	-3.0214285714285714	5.9029761904761902	0	2	105	-3.1058285412302502	5.9958718202307253	-1	-12.105828541230251	4.9958718202307253	0.0	-5.5952380952380949	1	1
1.0912818908691406	1	-3.0214285714285714	5.9589285714285722	-3.0214285714285714	5.9589285714285714	0	2	105	-3.1058285412302502	5.9958718202307253	-1	-12.105828541230251	4.9958718202307253	0.0	-5.5952380952380949	1	1
1.1078860759735107	1	-3.0214285714285714	5.9869047619047606	-3.0214285714285714	5.9869047619047615	0	2	105	-3.1058285412302502	5.9958718202307253	-1	-12.105828541230251	4.9958718202307253	0.0	-5.5952380952380949	1	1
1.124527931213379	1	-3.049404761904762	6.0148809523809526	-3.049404761904762	6.0148809523809526	0	2	105	-3.1058285412302502	5.9958718202307253	-1	-12.105828541230251	4.9958718202307253	0.0	-5.5952380952380949	1	1
1.1410980224609375	1	-3.049404761904762	6.0148809523809526	-3.049404761904762	6.0148809523809526	0	2	105	-3.1058285412302502	5.9958718202307253	-1	-12.105828541230251	4.9958718202307253	0.0	-5.5952380952380949	1	1
1.1576380729675293	1	-3.049404761904762	6.0148809523809526	-3.049404761904762	6.0148809523809526	0	2	105	-3.1058285412302502	5.9958718202307253	-1	-12.105828541230251	4.9958718202307253	0.0	-5.5952380952380949	1	1
1.1743359565734863	1	-3.049404761904762	6.0148809523809526	-3.049404761904762	6.0148809523809526	0	2	105	-3.1058285412302502	5.9958718202307253	-1	-12.105828541230251	4.9958718202307253	0.0	-5.5952380952380949	1	1
1.1908559799194336	1	-3.049404761904762	6.0148809523809526	-3.049404761904762	6.0148809523809526	0	2	105	-3.1058285412302502	5.9958718202307253	-1	-12.105828541230251	4.9958718202307253	0.0	-5.5952380952380949	1	1
1.2077090740203857	1	-3.049404761904762	6.0148809523809526	-3.049404761904762	6.0148809523809526	0	2	105	-3.1058285412302502	5.9958718202307253	-1	-12.105828541230251	4.9958718202307253	0.0	-5.5952380952380949	1	1
1.224297046661377	1	-3.049404761904762	6.0148809523809526	-3.049404761904762	6.0148809523809526	0	2	105	-3.1058285412302502	5.9958718202307253	-1	-12.105828541230251	4.9958718202307253	0.0	-5.5952380952380949	1	1
1.240980863571167	1	-3.049404761904762	6.0148809523809526	-3.049404761904762	6.0148809523809526	0	2	105	-3.1058285412302502	5.9958718202307253	-1	-12.105828541230251	4.9958718202307253	0.0	-5.5952380952380949	1	1
1.2575159072875977	1	-3.049404761904762	6.0148809523809526	-3.049404761904762	6.0148809523809526	0	2	105	-3.1058285412302502	5.9958718202307253	-1	-12.105828541230251	4.9958718202307253	0.0	-5.5952380952380949	1	1
1.2741169929504395	1	-3.049404761904762	6.0148809523809526	-3.049404761904762	6.0148809523809526	0	3	105	-3.1058285412302502	5.9958718202307253	-1	-12.105828541230251	4.9958718202307253	0.0	-5.5952380952380949	1	1
1.2906839847564697	1	-3.049404761904762	6.0148809523809526	-3.049404761904762	6.0148809523809526	0	4	105	-3.1058285412302502	5.9958718202307253	-1	-12.105828541230251	4.9958718202307253	0.0	-5.5952380952380949	1	1
1.3072829246520996	1	-3.049404761904762	6.0148809523809526	-3.049404761904762	6.0148809523809526	0	4	105	-3.1058285412302502	5.9958718202307253	-1	-12.105828541230251	4.9958718202307253	0.0	-5.5952380952380949	1	1
1.3238520622253418	1	-3.049404761904762	6.0148809523809526	-3.049404761904762	6.0148809523809526	0	4	105	-3.1058285412302502	5.9958718202307253	-1	-12.105828541230251	4.9958718202307253	0.0	-5.5952380952380949	1	1
1.3405170440673828	1	-3.049404761904762	6.0148809523809526	-3.049404761904762	6.0148809523809526	0	4	105	-3.1058285412302502	5.9958718202307253	-1	-12.105828541230251	4.9958718202307253	0.0	-5.5952380952380949	1	1
1.3567779064178467	1	-3.049404761904762	6.0148809523809526	-3.049404761904762	6.0148809523809526	0	4	105	-3.1058285412302502	5.9958718202307253	-1	-12.105828541230251	4.9958718202307253	0.0	-5.5952380952380949	1	1
1.3734030723571777	1	-3.049404761904762	6.0148809523809526	-3.049404761904762	6.0148809523809526	0	4	105	-3.1058285412302502	5.9958718202307253	-1	-12.105828541230251	4.9958718202307253	0.0	-5.5952380952380949	1	1
1.3899729251861572	1	-3.049404761904762	6.0148809523809526	-3.049404761904762	6.0148809523809526	0	4	105	-3.1058285412302502	5.9958718202307253	-1	-12.105828541230251	4.9958718202307253	0.0	-5.5952380952380949	1	1
1.4065868854522705	1	-3.049404761904762	6.0148809523809526	-3.049404761904762	6.0148809523809526	0	4	105	-3.1058285412302502	5.9958718202307253	-1	-12.105828541230251	4.9958718202307253	0.0	-5.5952380952380949	1	1
1.4231750965118408	1	-3.049404761904762	6.0148809523809526	-3.049404761904762	6.0148809523809526	0	4	105	-3.1058285412302502	5.9958718202307253	-1	-12.105828541230251	4.9958718202307253	0.0	-5.5952380952380949	1	1
1.4398250579833984	1	-3.049404761904762	6.0148809523809526	-3.049404761904762	6.0148809523809526	0	4	105	-3.1058285412302502	5.9958718202307253	-1	-12.105828541230251	4.9958718202307253	0.0	-5.5952380952380949	1	1
1.456326961517334	1	-3.049404761904762	6.0148809523809526	-3.049404761904762	6.0148809523809526	0	4	105	-3.1058285412302502	5.9958718202307253	-1	-12.105828541230251	4.9958718202307253	0.0	-5.5952380952380949	1	1
1.472898006439209	1	-3.1053571428571427	6.0148809523809526	-3.1053571428571427	6.0148809523809526	0	4	105	-3.1058285412302502	5.9958718202307253	-1	-12.105828541230251	4.9958718202307253	0.0	-5.5952380952380949	1	1
1.4894840717315674	1	-3.2452380952380953	6.0148809523809526	-3.2452380952380953	6.0148809523809526	0	4	105	-3.1058285412302502	5.9958718202307253	-1	-12.105828541230251	4.9958718202307253	0.0	-5.5952380952380949	1	1
1.5061759948730469	1	-3.3571428571428572	6.0148809523809526	-3.3571428571428572	6.0148809523809526	0	4	105	-3.1058285412302502	5.9958718202307253	-1	-12.105828541230251	4.9958718202307253	0.0	-5.5952380952380949	1	1
1.5227739810943604	1	-3.6369047619047619	6.0148809523809526	-3.6369047619047619	6.0148809523809526	0	4	105	-3.1058285412302502	5.9958718202307253	-1	-12.105828541230251	4.9958718202307253	0.0	-5.5952380952380949	1	1
1.5393939018249512	1	-4.0845238095238097	6.0148809523809526	-4.0845238095238097	6.0148809523809526	0	4	105	-3.1058285412302502	5.9958718202307253	-1	-12.105828541230251	4.9958718202307253	0.0	-5.5952380952380949	1	1
1.5559189319610596	1	-4.3922619047619049	6.0148809523809526	-4.3922619047619049	5.9869047619047615	0	4	105	-3.1058285412302502	5.9958718202307253	-1	-12.105828541230251	4.9958718202307253	0.0	-5.5952380952380949	1	1
1.572540044784546	1	-5.0636904761904766	6.0148809523809526	-5.0636904761904766	6.0148809523809526	0	4	105	-3.1058285412302502	5.9958718202307253	-1	-12.105828541230251	4.9958718202307253	0.0	-5.5952380952380949	1	1
1.5891039371490479	1	-5.9029761904761902	6.0148809523809526	-5.9029761904761902	6.0148809523809526	0	4	105	-3.1058285412302502	5.9958718202307253	-1	-12.105828541230251	4.9958718202307253	0.0	-5.5952380952380949	1	1
1.6057040691375732	1	-6.350595238095238	6.0148809523809526	-6.350595238095238	6.0148809523809526	0	4	105	-3.1058285412302502	5.9958718202307253	-1	-12.105828541230251	4.9958718202307253	0.0	-5.5952380952380949	1	1
1.6222939491271973	1	-7.3577380952380951	6.0148809523809526	-7.3577380952380951	5.9589285714285714	0	4	105	-3.1058285412302502	5.9958718202307253	-1	-12.105828541230251	4.9958718202307253	0.0	-5.5952380952380949	1	1
1.6389439105987549	1	-7.8892857142857142	6.0148809523809526	-7.8892857142857142	5.9029761904761902	0	4	105	-3.1058285412302502	5.9958718202307253	-1	-12.105828541230251	4.9958718202307253	0.0	-5.5952380952380949	1	1
1.6554889678955078	1	-8.9523809523809526	6.0148809523809526	-8.9523809523809526	5.7630952380952385	0	4	105	-3.1058285412302502	5.9958718202307253	-1	-12.105828541230251	4.9958718202307253	0.0	-5.5952380952380949	1	1
1.6720540523529053	1	-9.9315476190476186	6.0148809523809526	-9.9315476190476186	5.5672619047619047	0	4	105	-3.1058285412302502	5.9958718202307253	-1	-12.105828541230251	4.9958718202307253	0.0	-5.5952380952380949	1	1
1.6886470317840576	1	-10.407142857142857	6.0148809523809526	-10.407142857142857	5.4553571428571432	0	4	105	-3.1058285412302502	5.9958718202307253	-1	-12.105828541230251	4.9958718202307253	0.0	-5.5952380952380949	1	1
1.7053048610687256	1	-11.1625	5.2874999999999996	-11.1625	5.2874999999999996	0	4	105	-3.1058285412302502	5.9958718202307253	-1	-12.105828541230251	4.9958718202307253	0.0	-5.5952380952380949	1	1
1.7218608856201172	1	-11.72202380952381	5.1196428571428569	-11.72202380952381	5.1196428571428569	0	4	105	-3.1058285412302502	5.9958718202307253	-1	-12.105828541230251	4.9958718202307253	0.0	-5.5952380952380949	1	1
1.7385039329528809	1	-11.945833333333333	5.0636904761904766	-11.945833333333333	5.0636904761904766	0	4	105	-3.1058285412302502	5.9958718202307253	-1	-12.105828541230251	4.9958718202307253	0.0	-5.5952380952380949	1	1
1.7550649642944336	1	-12.225595238095238	4.9797619047619044	-12.225595238095238	4.9797619047619044	0	4	105	-3.1058285412302502	5.9958718202307253	-1	-12.105828541230251	4.9958718202307253	0.0	-5.5952380952380949	1	1
1.7716679573059082	1	-12.30952380952381	4.9238095238095241	-12.30952380952381	4.9238095238095241	0	5	105	-3.1058285412302502	5.9958718202307253	-1	-12.105828541230251	4.9958718202307253	0.0	-5.5952380952380949	1	1
1.7881929874420166	1	-12.30952380952381	4.9238095238095241	-12.30952380952381	4.9238095238095241	0	5	105	-3.1058285412302502	5.9958718202307253	-1	-12.105828541230251	4.9958718202307253	0.0	-5.5952380952380949	1	1
1.8048250675201416	1	-12.197619047619048	4.8958333333333321	-12.197619047619048	4.895833333333333	0	5	105	-3.1058285412302502	5.9958718202307253	-1	-12.105828541230251	4.9958718202307253	0.0	-5.5952380952380949	1	1
1.8213980197906494	1	-11.833928571428572	4.7839285714285715	-11.833928571428572	4.7839285714285715	0	5	105	-3.1058285412302502	5.9958718202307253	-1	-12.105828541230251	4.9958718202307253	0.0	-5.5952380952380949	1	1
1.8381500244140625	1	-11.526190476190477	4.6999999999999993	-11.526190476190477	4.7000000000000002	0	5	105	-3.1058285412302502	5.9958718202307253	-1	-12.105828541230251	4.9958718202307253	0.0	-5.5952380952380949	1	1
1.8548929691314697	1	-10.770833333333334	4.5041666666666664	-10.770833333333334	4.5041666666666664	0	5	105	-3.1058285412302502	5.9958718202307253	-1	-12.105828541230251	4.9958718202307253	0.0	-5.5952380952380949	1	1
1.871471881866455	1	-9.819642857142858	4.3083333333333336	-9.819642857142858	4.3083333333333336	0	5	105	-3.1058285412302502	5.9958718202307253	-1	-12.105828541230251	4.9958718202307253	0.0	-5.5952380952380949	1	1
1.8880500793457031	1	-9.288095238095238	4.168452380952381	-9.288095238095238	4.168452380952381	0	5	105	-3.1058285412302502	5.9958718202307253	-1	-12.105828541230251	4.9958718202307253	0.0	-5.5952380952380949	1	1
1.9047350883483887	1	-8.19702380952381	3.7767857142857153	-8.1970238095238095	3.7767857142857144	0	5	105	-3.1058285412302502	5.9958718202307253	-1	-12.105828541230251	4.9958718202307253	0.0	-5.5952380952380949	1	1
1.9212260246276855	1	-7.077976190476191	3.2452380952380953	-7.0779761904761909	3.2452380952380953	0	5	105	-3.1058285412302502	5.9958718202307253	-1	-12.105828541230251	4.9958718202307253	0.0	-5.5952380952380949	1	1
1.937885046005249	1	-6.518452380952381	2.9095238095238098	-6.5184523809523807	2.9095238095238094	0	5	105	-3.1058285412302502	5.9958718202307253	-1	-12.105828541230251	4.9958718202307253	0.0	-5.5952380952380949	1	1
1.954521894454956	1	-5.371428571428571	2.2380952380952381	-5.371428571428571	2.2380952380952381	0	5	105	-3.1058285412302502	5.9958718202307253	-1	-12.105828541230251	4.9958718202307253	0.0	-5.5952380952380949	1	1
1.9710118770599365	1	-4.224404761904762	1.5386904761904763	-4.2244047619047622	1.5386904761904763	0	5	105	-3.1058285412302502	5.9958718202307253	-1	-12.105828541230251	4.9958718202307253	0.0	-5.5952380952380949	1	1
1.9876160621643066	1	-3.636904761904762	1.2029761904761909	-3.6369047619047619	1.2029761904761904	0	5	105	-3.1058285412302502	5.9958718202307253	-1	-12.105828541230251	4.9958718202307253	0.0	-5.5952380952380949	1	1
2.004225015640259	1	-2.517857142857143	0.50357142857142811	-2.5178571428571428	0.50357142857142856	0	5	105	-3.1058285412302502	5.9958718202307253	-1	-12.105828541230251	4.9958718202307253	0.0	-5.5952380952380949	1	1
2.0205299854278564	1	-1.9863095238095239	0.13988095238095255	-1.9863095238095239	0.13988095238095238	0	5	105	-3.1058285412302502	5.9958718202307253	-1	-12.105828541230251	4.9958718202307253	0.0	-5.5952380952380949	1	1
2.037168025970459	1	-1.0071428571428571	-0.55952380952380931	-1.0071428571428571	-0.55952380952380953	0	5	105	-3.1058285412302502	5.9958718202307253	-1	-12.105828541230251	4.9958718202307253	0.0	-5.5952380952380949	1	1
2.053813934326172	1	-0.13988095238095238	-1.2029761904761909	-0.13988095238095238	-1.2029761904761904	0	5	105	-3.1058285412302502	5.9958718202307253	-1	-12.105828541230251	4.9958718202307253	0.0	-5.5952380952380949	1	1
2.070344924926758	1	0.5595238095238095	-1.7625000000000002	0.55952380952380953	-1.7625	0	5	105	-3.1058285412302502	5.9958718202307253	-1	-12.105828541230251	4.9958718202307253	0.0	-5.5952380952380949	1	1
2.0869340896606445	1	0.8392857142857143	-2.0422619047619048	0.8392857142857143	-2.0422619047619048	0	5	105	-3.1058285412302502	5.9958718202307253	-1	-12.105828541230251	4.9958718202307253	0.0	-5.5952380952380949	1	1
2.1035609245300293	1	1.3148809523809524	-2.5178571428571428	1.3148809523809524	-2.5178571428571428	0	5	105	-3.1058285412302502	5.9958718202307253	-1	-12.105828541230251	4.9958718202307253	0.0	-5.5952380952380949	1	1
2.1201040744781494	1	1.5107142857142857	-2.7416666666666667	1.5107142857142857	-2.7416666666666667	0	5	105	-3.1058285412302502	5.9958718202307253	-1	-12.105828541230251	4.9958718202307253	0.0	-5.5952380952380949	1	1
2.136691093444824	1	1.7904761904761906	-3.1053571428571427	1.7904761904761906	-3.1053571428571427	0	5	105	-3.1058285412302502	5.9958718202307253	-1	-12.105828541230251	4.9958718202307253	0.0	-5.5952380952380949	1	1
2.1533620357513428	1	1.9303571428571429	-3.413095238095238	1.9303571428571429	-3.413095238095238	0	5	105	-3.1058285412302502	5.9958718202307253	-1	-12.105828541230251	4.9958718202307253	0.0	-5.5952380952380949	1	1
2.170232057571411	1	1.9863095238095239	-3.6648809523809525	1.9863095238095239	-3.6648809523809525	0	5	105	-3.1058285412302502	5.9958718202307253	-1	-12.105828541230251	4.9958718202307253	0.0	-5.5952380952380949	1	1
2.186655044555664	1	1.9863095238095239	-3.7488095238095238	1.9863095238095239	-3.7488095238095238	0	5	105	-3.1058285412302502	5.9958718202307253	-1	-12.105828541230251	4.9958718202307253	0.0	-5.5952380952380949	1	1
2.203352928161621	1	1.9303571428571429	-3.8886904761904764	1.9303571428571429	-3.8886904761904764	0	5	105	-3.1058285412302502	5.9958718202307253	-1	-12.105828541230251	4.9958718202307253	0.0	-5.5952380952380949	1	1
2.219938039779663	1	1.874404761904762	-3.9166666666666665	1.8744047619047619	-3.9166666666666665	0	5	105	-3.1058285412302502	5.9958718202307253	-1	-12.105828541230251	4.9958718202307253	0.0	-5.5952380952380949	1	1
2.236567974090576	1	1.6785714285714286	-4.0005952380952383	1.6785714285714286	-4.0005952380952383	0	5	105	-3.1058285412302502	5.9958718202307253	-1	-12.105828541230251	4.9958718202307253	0.0	-5.5952380952380949	1	1
2.2531399726867676	1	1.4267857142857143	-4.0845238095238097	1.4267857142857143	-4.0845238095238097	0	5	105	-3.1058285412302502	5.9958718202307253	-1	-12.105828541230251	4.9958718202307253	0.0	-5.5952380952380949	1	1
2.269723892211914	1	1.063095238095238	-4.1124999999999998	1.0630952380952381	-4.1124999999999998	0	5	105	-3.1058285412302502	5.9958718202307253	-1	-12.105828541230251	4.9958718202307253	0.0	-5.5952380952380949	1	1
2.286341905593872	1	0.8672619047619048	-4.1124999999999998	0.86726190476190479	-4.1124999999999998	0	5	105	-3.1058285412302502	5.9958718202307253	-1	-12.105828541230251	4.9958718202307253	0.0	-5.5952380952380949	1	1
2.3029608726501465	1	0.47559523809523807	-4.1404761904761909	0.47559523809523807	-4.1404761904761909	0	5	105	-3.1058285412302502	5.9958718202307253	-1	-12.105828541230251	4.9958718202307253	0.0	-5.5952380952380949	1	1
2.319516897201538	1	0.3357142857142857	-4.168452380952381	0.33571428571428569	-4.168452380952381	0	5	105	-3.1058285412302502	5.9958718202307253	-1	-12.105828541230251	4.9958718202307253	0.0	-5.5952380952380949	1	1
2.3358380794525146	1	0.08392857142857142	-4.2244047619047622	0.083928571428571422	-4.2244047619047622	0	5	105	-3.1058285412302502	5.9958718202307253	-1	-12.105828541230251	4.9958718202307253	0.0	-5.5952380952380949	1	1
2.3524720668792725	1	-0.11190476190476191	-4.3363095238095237	-0.11190476190476191	-4.3363095238095237	0	5	105	-3.1058285412302502	5.9958718202307253	-1	-12.105828541230251	4.9958718202307253	0.0	-5.5952380952380949	1	1
2.3690478801727295	1	-0.27976190476190477	-4.4482142857142861	-0.27976190476190477	-4.4482142857142861	0	5	105	-3.1058285412302502	5.9958718202307253	-1	-12.105828541230251	4.9958718202307253	0.0	-5.5952380952380949	1	1
2.3856000900268555	1	-0.3636904761904762	-4.5321428571428575	-0.36369047619047618	-4.5321428571428575	0	5	105	-3.1058285412302502	5.9958718202307253	-1	-12.105828541230251	4.9958718202307253	0.0	-5.5952380952380949	1	1
2.4022090435028076	1	-0.5035714285714286	-4.7279761904761903	-0.50357142857142856	-4.7279761904761903	0	5	105	-3.1058285412302502	5.9958718202307253	-1	-12.105828541230251	4.9958718202307253	0.0	-5.5952380952380949	1	1
2.418808937072754	1	-0.531547619047619	-4.8678571428571429	-0.53154761904761905	-4.8678571428571429	0	5	105	-3.1058285412302502	5.9958718202307253	-1	-12.105828541230251	4.9958718202307253	0.0	-5.5952380952380949	1	1
2.435415029525757	1	-0.531547619047619	-5.1196428571428569	-0.53154761904761905	-5.1196428571428569	0	5	105	-3.1058285412302502	5.9958718202307253	-1	-12.105828541230251	4.9958718202307253	0.0	-5.5952380952380949	1	1
2.452049970626831	1	-0.41964285714285715	-5.3154761904761907	-0.41964285714285715	-5.3154761904761907	0	5	105	-3.1058285412302502	5.9958718202307253	-1	-12.105828541230251	4.9958718202307253	0.0	-5.5952380952380949	1	1
