time	trial	cursorx	cursory	hand_x	hand_Y	rotation	step	targetangle	targetposx	targetposy	garagelocation	garageposx	garageposy	homex	homey	group	trial_type
9.5367431640625e-07	0	0.48931423194525536	-5.5870066989280849	0.41964285714285715	-5.3434523809523808	30	5	90	7.3478807948841188e-16	6.4047619047619051	1	9.0	5.4047619047619051	0.0	-5.5952380952380949	1	1
0.028161048889160156	0	0.22554902252683334	-5.5962423952907887	0.19583333333333333	-5.4833333333333334	30	1	90	7.3478807948841188e-16	6.4047619047619051	1	9.0	5.4047619047619051	0.0	-5.5952380952380949	1	1
0.04479193687438965	0	0.2013209308733401	-5.5822543000526936	0.16785714285714284	-5.4833333333333334	30	1	90	7.3478807948841188e-16	6.4047619047619051	1	9.0	5.4047619047619051	0.0	-5.5952380952380949	1	1
0.06161212921142578	0	0.18733283563524503	-5.6064823917061863	0.16785714285714284	-5.5113095238095235	30	1	90	7.3478807948841188e-16	6.4047619047619051	1	9.0	5.4047619047619051	0.0	-5.5952380952380949	1	1
0.07824492454528809	0	0.17709283921984686	-5.5682662048145986	0.13988095238095238	-5.4833333333333334	30	1	90	7.3478807948841188e-16	6.4047619047619051	1	9.0	5.4047619047619051	0.0	-5.5952380952380949	1	1
0.09485602378845215	0	0.12863665591286041	-5.5402900143384084	0.083928571428571422	-5.4833333333333334	30	1	90	7.3478807948841188e-16	6.4047619047619051	1	9.0	5.4047619047619051	0.0	-5.5952380952380949	1	1
0.1114199161529541	0	-0.002743798770003858	-5.4321333512563434	-0.083928571428571422	-5.4553571428571432	30	1	90	7.3478807948841188e-16	6.4047619047619051	1	9.0	5.4047619047619051	0.0	-5.5952380952380949	1	1
0.12799811363220215	0	-0.09965616538397677	-5.3761809703039631	-0.19583333333333333	-5.4553571428571432	30	1	90	7.3478807948841188e-16	6.4047619047619051	1	9.0	5.4047619047619051	0.0	-5.5952380952380949	1	1
0.1446380615234375	0	-0.13412425345286771	-5.3239766881742785	-0.25178571428571428	-5.4273809523809522	30	1	90	7.3478807948841188e-16	6.4047619047619051	1	9.0	5.4047619047619051	0.0	-5.5952380952380949	1	1
0.1611790657043457	0	-0.15835234510636093	-5.3099885929361834	-0.27976190476190477	-5.4273809523809522	30	1	90	7.3478807948841188e-16	6.4047619047619051	1	9.0	5.4047619047619051	0.0	-5.5952380952380949	1	1
0.17777013778686523	0	-0.15835234510636093	-5.3099885929361834	-0.27976190476190477	-5.4273809523809522	30	1	90	7.3478807948841188e-16	6.4047619047619051	1	9.0	5.4047619047619051	0.0	-5.5952380952380949	1	1
0.19443798065185547	0	-0.13412425345286771	-5.3239766881742785	-0.25178571428571428	-5.4273809523809522	30	1	90	7.3478807948841188e-16	6.4047619047619051	1	9.0	5.4047619047619051	0.0	-5.5952380952380949	1	1
0.2110309600830078	0	-0.13412425345286771	-5.3239766881742785	-0.25178571428571428	-5.4273809523809522	30	1	90	7.3478807948841188e-16	6.4047619047619051	1	9.0	5.4047619047619051	0.0	-5.5952380952380949	1	1
0.2275400161743164	0	-0.13412425345286771	-5.3239766881742785	-0.25178571428571428	-5.4273809523809522	30	1	90	7.3478807948841188e-16	6.4047619047619051	1	9.0	5.4047619047619051	0.0	-5.5952380952380949	1	1
0.24417710304260254	0	-0.13412425345286771	-5.3239766881742785	-0.25178571428571428	-5.4273809523809522	30	1	90	7.3478807948841188e-16	6.4047619047619051	1	9.0	5.4047619047619051	0.0	-5.5952380952380949	1	1
0.2607710361480713	0	-0.13412425345286771	-5.3239766881742785	-0.25178571428571428	-5.4273809523809522	30	1	90	7.3478807948841188e-16	6.4047619047619051	1	9.0	5.4047619047619051	0.0	-5.5952380952380949	1	1
0.2773780822753906	0	-0.13412425345286771	-5.3239766881742785	-0.25178571428571428	-5.4273809523809522	30	1	90	7.3478807948841188e-16	6.4047619047619051	1	9.0	5.4047619047619051	0.0	-5.5952380952380949	1	1
0.294003963470459	0	-0.13412425345286771	-5.3239766881742785	-0.25178571428571428	-5.4273809523809522	30	1	90	7.3478807948841188e-16	6.4047619047619051	1	9.0	5.4047619047619051	0.0	-5.5952380952380949	1	1
0.31053900718688965	0	-0.13412425345286771	-5.3239766881742785	-0.25178571428571428	-5.4273809523809522	30	1	90	7.3478807948841188e-16	6.4047619047619051	1	9.0	5.4047619047619051	0.0	-5.5952380952380949	1	1
0.3271310329437256	0	-0.13412425345286771	-5.3239766881742785	-0.25178571428571428	-5.4273809523809522	30	1	90	7.3478807948841188e-16	6.4047619047619051	1	9.0	5.4047619047619051	0.0	-5.5952380952380949	1	1
0.3437919616699219	0	-0.12013615821477262	-5.2997485965207858	-0.25178571428571428	-5.399404761904762	30	1	90	7.3478807948841188e-16	6.4047619047619051	1	9.0	5.4047619047619051	0.0	-5.5952380952380949	1	1
0.36017298698425293	0	-0.07817187250048696	-5.2270643215603059	-0.25178571428571428	-5.3154761904761907	30	1	90	7.3478807948841188e-16	6.4047619047619051	1	9.0	5.4047619047619051	0.0	-5.5952380952380949	1	1
0.37664103507995605	0	-0.022219491548105763	-5.1301519549463324	-0.25178571428571428	-5.2035714285714283	30	1	90	7.3478807948841188e-16	6.4047619047619051	1	9.0	5.4047619047619051	0.0	-5.5952380952380949	1	1
0.39340806007385254	0	0.14188955248633953	-4.9018591336494959	-0.22380952380952382	-4.9238095238095241	30	1	90	7.3478807948841188e-16	6.4047619047619051	1	9.0	5.4047619047619051	0.0	-5.5952380952380949	1	1
0.4098379611968994	0	0.4346352524336457	-4.618618231452972	-0.11190476190476191	-4.5321428571428575	30	1	90	7.3478807948841188e-16	6.4047619047619051	1	9.0	5.4047619047619051	0.0	-5.5952380952380949	1	1
0.42638492584228516	0	0.581008102407299	-4.4769977803547096	-0.055952380952380955	-4.3363095238095237	30	1	90	7.3478807948841188e-16	6.4047619047619051	1	9.0	5.4047619047619051	0.0	-5.5952380952380949	1	1
0.4429800510406494	0	0.8635138059392073	-4.1555406912665971	0.027976190476190477	-3.9166666666666665	30	1	90	7.3478807948841188e-16	6.4047619047619051	1	9.0	5.4047619047619051	0.0	-5.5952380952380949	1	1
0.45960402488708496	0	1.1739956999473058	-3.7856274188714978	0.11190476190476191	-3.4410714285714286	30	1	90	7.3478807948841188e-16	6.4047619047619051	1	9.0	5.4047619047619051	0.0	-5.5952380952380949	1	1
0.47621893882751465	0	1.3101285535055611	-3.6057907808816472	0.13988095238095238	-3.2172619047619047	30	1	90	7.3478807948841188e-16	6.4047619047619051	1	9.0	5.4047619047619051	0.0	-5.5952380952380949	1	1
0.4929039478302002	0	1.634598542751755	-3.2116494168330547	0.22380952380952382	-2.7136904761904761	30	2	90	7.3478807948841188e-16	6.4047619047619051	1	9.0	5.4047619047619051	0.0	-5.5952380952380949	1	1
0.5094020366668701	0	1.9972847188895375	-2.8072680563690642	0.33571428571428569	-2.1821428571428569	30	2	90	7.3478807948841188e-16	6.4047619047619051	1	9.0	5.4047619047619051	0.0	-5.5952380952380949	1	1
0.5259380340576172	0	2.1958618509928742	-2.631179517201911	0.41964285714285715	-1.9303571428571429	30	2	90	7.3478807948841188e-16	6.4047619047619051	1	9.0	5.4047619047619051	0.0	-5.5952380952380949	1	1
0.5425751209259033	0	2.620992305675738	-2.2305462555606184	0.58750000000000002	-1.3708333333333333	30	2	90	7.3478807948841188e-16	6.4047619047619051	1	9.0	5.4047619047619051	0.0	-5.5952380952380949	1	1
0.5591320991516113	0	3.070350852012096	-1.8439010891574199	0.78333333333333333	-0.81130952380952381	30	2	90	7.3478807948841188e-16	6.4047619047619051	1	9.0	5.4047619047619051	0.0	-5.5952380952380949	1	1
0.575767993927002	0	3.2829160793535275	-1.643584458336774	0.86726190476190479	-0.53154761904761905	30	2	90	7.3478807948841188e-16	6.4047619047619051	1	9.0	5.4047619047619051	0.0	-5.5952380952380949	1	1
0.592353105545044	0	3.6838184423828984	-1.228963101457385	1.0071428571428571	0.027976190476190477	30	2	90	7.3478807948841188e-16	6.4047619047619051	1	9.0	5.4047619047619051	0.0	-5.5952380952380949	1	1
0.6090290546417236	0	3.858167482832742	-1.0388864670521363	1.0630952380952381	0.27976190476190477	30	2	90	7.3478807948841188e-16	6.4047619047619051	1	9.0	5.4047619047619051	0.0	-5.5952380952380949	1	1
0.6255481243133545	0	4.158409380425443	-0.63075700776544874	1.1190476190476191	0.78333333333333333	30	2	90	7.3478807948841188e-16	6.4047619047619051	1	9.0	5.4047619047619051	0.0	-5.5952380952380949	1	1
0.6421151161193848	0	4.410195094711157	-0.19465135800257105	1.1190476190476191	1.286904761904762	30	2	90	7.3478807948841188e-16	6.4047619047619051	1	9.0	5.4047619047619051	0.0	-5.5952380952380949	1	1
0.6587181091308594	0	4.609776526867187	0.2069862036914154	1.0910714285714285	1.7345238095238096	30	2	90	7.3478807948841188e-16	6.4047619047619051	1	9.0	5.4047619047619051	0.0	-5.5952380952380949	1	1
0.6753370761871338	0	4.697453197118456	0.41479903215745662	1.0630952380952381	1.9583333333333333	30	2	90	7.3478807948841188e-16	6.4047619047619051	1	9.0	5.4047619047619051	0.0	-5.5952380952380949	1	1
0.6919240951538086	0	4.834590350729405	0.8201846926741414	0.97916666666666663	2.3779761904761907	30	2	90	7.3478807948841188e-16	6.4047619047619051	1	9.0	5.4047619047619051	0.0	-5.5952380952380949	1	1
0.7088179588317871	0	4.859822742435592	1.0317456199628792	0.89523809523809528	2.573809523809524	30	2	90	7.3478807948841188e-16	6.4047619047619051	1	9.0	5.4047619047619051	0.0	-5.5952380952380949	1	1
0.7253921031951904	0	4.886059434194472	1.4688555697784516	0.69940476190476186	2.9654761904761906	30	2	90	7.3478807948841188e-16	6.4047619047619051	1	9.0	5.4047619047619051	0.0	-5.5952380952380949	1	1
0.7420539855957031	0	4.797647565278588	1.8752455303478284	0.41964285714285715	3.2732142857142859	30	2	90	7.3478807948841188e-16	6.4047619047619051	1	9.0	5.4047619047619051	0.0	-5.5952380952380949	1	1
0.7585680484771729	0	4.6850076047092095	2.2956235861553012	0.11190476190476191	3.5809523809523811	30	2	90	7.3478807948841188e-16	6.4047619047619051	1	9.0	5.4047619047619051	0.0	-5.5952380952380949	1	1
0.7751541137695312	0	4.63380762263222	2.4867045206132445	-0.027976190476190477	3.7208333333333332	30	2	90	7.3478807948841188e-16	6.4047619047619051	1	9.0	5.4047619047619051	0.0	-5.5952380952380949	1	1
0.791754961013794	0	4.468963379933159	2.872614488351827	-0.36369047619047618	3.9726190476190477	30	2	90	7.3478807948841188e-16	6.4047619047619051	1	9.0	5.4047619047619051	0.0	-5.5952380952380949	1	1
0.8083860874176025	0	4.355319119311086	3.067443521632466	-0.55952380952380953	4.0845238095238097	30	2	90	7.3478807948841188e-16	6.4047619047619051	1	9.0	5.4047619047619051	0.0	-5.5952380952380949	1	1
0.8248260021209717	0	4.138270594482341	3.4188854013021537	-0.92321428571428577	4.2803571428571425	30	2	90	7.3478807948841188e-16	6.4047619047619051	1	9.0	5.4047619047619051	0.0	-5.5952380952380949	1	1
0.8415300846099854	0	3.8587777911085146	3.7740753797945441	-1.3428571428571427	4.4482142857142861	30	2	90	7.3478807948841188e-16	6.4047619047619051	1	9.0	5.4047619047619051	0.0	-5.5952380952380949	1	1
0.8581299781799316	0	3.706917343594855	3.9586644166597864	-1.5666666666666667	4.5321428571428575	30	2	90	7.3478807948841188e-16	6.4047619047619051	1	9.0	5.4047619047619051	0.0	-5.5952380952380949	1	1
0.8744919300079346	0	3.350992166437851	4.293374402321378	-2.0422619047619048	4.644047619047619	30	2	90	7.3478807948841188e-16	6.4047619047619051	1	9.0	5.4047619047619051	0.0	-5.5952380952380949	1	1
0.891045093536377	0	3.01929508093434	4.6140962927448737	-2.4898809523809522	4.7559523809523814	30	2	90	7.3478807948841188e-16	6.4047619047619051	1	9.0	5.4047619047619051	0.0	-5.5952380952380949	1	1
0.9077169895172119	0	2.8534465381825846	4.7744572379566215	-2.7136904761904761	4.8119047619047617	30	2	90	7.3478807948841188e-16	6.4047619047619051	1	9.0	5.4047619047619051	0.0	-5.5952380952380949	1	1
0.9242329597473145	0	2.507761357440978	5.0709510367266262	-3.1613095238095239	4.895833333333333	30	2	90	7.3478807948841188e-16	6.4047619047619051	1	9.0	5.4047619047619051	0.0	-5.5952380952380949	1	1
0.9408299922943115	0	2.1863042683528655	5.3534567402585331	-3.5809523809523811	4.9797619047619044	30	2	90	7.3478807948841188e-16	6.4047619047619051	1	9.0	5.4047619047619051	0.0	-5.5952380952380949	1	1
0.9574160575866699	0	2.016707626778413	5.4513734069252013	-3.7767857142857144	4.9797619047619044	30	2	90	7.3478807948841188e-16	6.4047619047619051	1	9.0	5.4047619047619051	0.0	-5.5952380952380949	1	1
0.9740171432495117	0	1.6812624424522054	5.7096510188036138	-4.1964285714285712	5.0357142857142856	30	2	90	7.3478807948841188e-16	6.4047619047619051	1	9.0	5.4047619047619051	0.0	-5.5952380952380949	1	1
0.990602970123291	0	1.366297250956793	5.8914962568988525	-4.5601190476190476	5.0357142857142856	30	2	90	7.3478807948841188e-16	6.4047619047619051	1	9.0	5.4047619047619051	0.0	-5.5952380952380949	1	1
1.0072669982910156	0	1.2349167962739296	5.9996529199809174	-4.7279761904761903	5.0636904761904766	30	2	90	7.3478807948841188e-16	6.4047619047619051	1	9.0	5.4047619047619051	0.0	-5.5952380952380949	1	1
1.0241219997406006	0	0.9581677916701059	6.1917381544915546	-5.0636904761904766	5.0916666666666668	30	2	90	7.3478807948841188e-16	6.4047619047619051	1	9.0	5.4047619047619051	0.0	-5.5952380952380949	1	1
1.040619134902954	0	0.7298749703732694	6.3558471985259999	-5.3434523809523808	5.1196428571428569	30	2	90	7.3478807948841188e-16	6.4047619047619051	1	9.0	5.4047619047619051	0.0	-5.5952380952380949	1	1
1.057253122329712	0	0.6469506989973919	6.4360276711318765	-5.4553571428571432	5.147619047619048	30	2	90	7.3478807948841188e-16	6.4047619047619051	1	9.0	5.4047619047619051	0.0	-5.5952380952380949	1	1
1.0738959312438965	0	0.4671140610075408	6.5721605246901298	-5.6791666666666663	5.1755952380952381	30	2	90	7.3478807948841188e-16	6.4047619047619051	1	9.0	5.4047619047619051	0.0	-5.5952380952380949	1	1
1.090446949005127	0	0.28727742301769066	6.7082933782483849	-5.9029761904761902	5.2035714285714283	30	2	90	7.3478807948841188e-16	6.4047619047619051	1	9.0	5.4047619047619051	0.0	-5.5952380952380949	1	1
1.1071140766143799	0	0.22858124329530582	6.7744857556161637	-5.9869047619047615	5.2315476190476193	30	2	90	7.3478807948841188e-16	6.4047619047619051	1	9.0	5.4047619047619051	0.0	-5.5952380952380949	1	1
1.12363600730896	0	0.09720078861244108	6.8826424186982287	-6.1547619047619051	5.2595238095238095	30	2	90	7.3478807948841188e-16	6.4047619047619051	1	9.0	5.4047619047619051	0.0	-5.5952380952380949	1	1
1.1402499675750732	0	-0.034179666070422776	6.9907990817802919	-6.3226190476190478	5.2874999999999996	30	2	90	7.3478807948841188e-16	6.4047619047619051	1	9.0	5.4047619047619051	0.0	-5.5952380952380949	1	1
1.1567530632019043	0	-0.08263584937740909	7.0187752722564838	-6.378571428571429	5.2874999999999996	30	2	90	7.3478807948841188e-16	6.4047619047619051	1	9.0	5.4047619047619051	0.0	-5.5952380952380949	1	1
1.1734089851379395	0	-0.155320124337889	7.0607395579707681	-6.4625000000000004	5.2874999999999996	30	2	90	7.3478807948841188e-16	6.4047619047619051	1	9.0	5.4047619047619051	0.0	-5.5952380952380949	1	1
1.1897001266479492	0	-0.1795482159913817	7.0747276532088641	-6.4904761904761905	5.2874999999999996	30	2	90	7.3478807948841188e-16	6.4047619047619051	1	9.0	5.4047619047619051	0.0	-5.5952380952380949	1	1
1.2064199447631836	0	-0.2280043992983689	7.1027038436850543	-6.5464285714285717	5.2874999999999996	30	2	90	7.3478807948841188e-16	6.4047619047619051	1	9.0	5.4047619047619051	0.0	-5.5952380952380949	1	1
1.2229549884796143	0	-0.2522324909518616	7.1166919389231502	-6.5744047619047619	5.2874999999999996	30	2	90	7.3478807948841188e-16	6.4047619047619051	1	9.0	5.4047619047619051	0.0	-5.5952380952380949	1	1
1.2395200729370117	0	-0.29419677666614685	7.0440076639626703	-6.5744047619047619	5.2035714285714283	30	2	90	7.3478807948841188e-16	6.4047619047619051	1	9.0	5.4047619047619051	0.0	-5.5952380952380949	1	1
1.256119966506958	0	-0.322172967142337	6.9955514806556849	-6.5744047619047619	5.147619047619048	30	2	90	7.3478807948841188e-16	6.4047619047619051	1	9.0	5.4047619047619051	0.0	-5.5952380952380949	1	1
1.2728099822998047	0	-0.3781253480947191	6.8986391140417105	-6.5744047619047619	5.0357142857142856	30	2	90	7.3478807948841188e-16	6.4047619047619051	1	9.0	5.4047619047619051	0.0	-5.5952380952380949	1	1
1.289330005645752	0	-0.40610153857090925	6.8501829307347251	-6.5744047619047619	4.9797619047619044	30	2	90	7.3478807948841188e-16	6.4047619047619051	1	9.0	5.4047619047619051	0.0	-5.5952380952380949	1	1
1.3060579299926758	0	-0.44806582428519537	6.7774986557742452	-6.5744047619047619	4.895833333333333	30	2	90	7.3478807948841188e-16	6.4047619047619051	1	9.0	5.4047619047619051	0.0	-5.5952380952380949	1	1
1.3224990367889404	0	-0.43782582786979685	6.7392824688826583	-6.5464285714285717	4.8678571428571429	30	2	90	7.3478807948841188e-16	6.4047619047619051	1	9.0	5.4047619047619051	0.0	-5.5952380952380949	1	1
1.3391330242156982	0	-0.43782582786979685	6.7392824688826583	-6.5464285714285717	4.8678571428571429	30	2	90	7.3478807948841188e-16	6.4047619047619051	1	9.0	5.4047619047619051	0.0	-5.5952380952380949	1	1
1.3559861183166504	0	-0.41359773621630325	6.7252943736445623	-6.5184523809523807	4.8678571428571429	30	2	90	7.3478807948841188e-16	6.4047619047619051	1	9.0	5.4047619047619051	0.0	-5.5952380952380949	1	1
1.372525930404663	0	-0.41359773621630325	6.7252943736445623	-6.5184523809523807	4.8678571428571429	30	2	90	7.3478807948841188e-16	6.4047619047619051	1	9.0	5.4047619047619051	0.0	-5.5952380952380949	1	1
1.389111042022705	0	-0.41359773621630325	6.7252943736445623	-6.5184523809523807	4.8678571428571429	30	2	90	7.3478807948841188e-16	6.4047619047619051	1	9.0	5.4047619047619051	0.0	-5.5952380952380949	1	1
1.4057719707489014	0	-0.41359773621630325	6.7252943736445623	-6.5184523809523807	4.8678571428571429	30	2	90	7.3478807948841188e-16	6.4047619047619051	1	9.0	5.4047619047619051	0.0	-5.5952380952380949	1	1
1.4223921298980713	0	-0.36514155290931694	6.6973181831683721	-6.4625000000000004	4.8678571428571429	30	2	90	7.3478807948841188e-16	6.4047619047619051	1	9.0	5.4047619047619051	0.0	-5.5952380952380949	1	1
1.4389479160308838	0	-0.3166853696023306	6.669341992692182	-6.4065476190476192	4.8678571428571429	30	2	90	7.3478807948841188e-16	6.4047619047619051	1	9.0	5.4047619047619051	0.0	-5.5952380952380949	1	1
1.4555480480194092	0	-0.3166853696023306	6.669341992692182	-6.4065476190476192	4.8678571428571429	30	2	90	7.3478807948841188e-16	6.4047619047619051	1	9.0	5.4047619047619051	0.0	-5.5952380952380949	1	1
1.4721639156341553	0	-0.2440010946418507	6.6273777069778959	-6.3226190476190478	4.8678571428571429	30	2	90	7.3478807948841188e-16	6.4047619047619051	1	9.0	5.4047619047619051	0.0	-5.5952380952380949	1	1
1.4886090755462646	0	-0.2440010946418507	6.6273777069778959	-6.3226190476190478	4.8678571428571429	30	2	90	7.3478807948841188e-16	6.4047619047619051	1	9.0	5.4047619047619051	0.0	-5.5952380952380949	1	1
1.505289077758789	0	-0.1955449113348644	6.5994015165017057	-6.2666666666666666	4.8678571428571429	30	2	90	7.3478807948841188e-16	6.4047619047619051	1	9.0	5.4047619047619051	0.0	-5.5952380952380949	1	1
1.5216729640960693	0	-0.1470887280278772	6.5714253260255155	-6.2107142857142854	4.8678571428571429	30	2	90	7.3478807948841188e-16	6.4047619047619051	1	9.0	5.4047619047619051	0.0	-5.5952380952380949	1	1
1.5382380485534668	0	-0.07440445306739818	6.5294610403112294	-6.1267857142857141	4.8678571428571429	30	2	90	7.3478807948841188e-16	6.4047619047619051	1	9.0	5.4047619047619051	0.0	-5.5952380952380949	1	1
1.5547881126403809	0	-0.05017636141390458	6.5154729450731352	-6.0988095238095239	4.8678571428571429	30	2	90	7.3478807948841188e-16	6.4047619047619051	1	9.0	5.4047619047619051	0.0	-5.5952380952380949	1	1
1.5713579654693604	0	0.03274790996197208	6.4352924724672587	-5.9869047619047615	4.8398809523809527	30	2	90	7.3478807948841188e-16	6.4047619047619051	1	9.0	5.4047619047619051	0.0	-5.5952380952380949	1	1
1.5880000591278076	0	0.08120409326895839	6.4073162819910685	-5.9309523809523812	4.8398809523809527	30	2	90	7.3478807948841188e-16	6.4047619047619051	1	9.0	5.4047619047619051	0.0	-5.5952380952380949	1	1
1.604599952697754	0	0.1538883682294383	6.3653519962767824	-5.8470238095238098	4.8398809523809527	30	2	90	7.3478807948841188e-16	6.4047619047619051	1	9.0	5.4047619047619051	0.0	-5.5952380952380949	1	1
1.6212639808654785	0	0.18835645629832953	6.3131477141470977	-5.7910714285714286	4.8119047619047617	30	2	90	7.3478807948841188e-16	6.4047619047619051	1	9.0	5.4047619047619051	0.0	-5.5952380952380949	1	1
1.6377859115600586	0	0.18835645629832953	6.3131477141470977	-5.7910714285714286	4.8119047619047617	30	2	90	7.3478807948841188e-16	6.4047619047619051	1	9.0	5.4047619047619051	0.0	-5.5952380952380949	1	1
1.6543629169464111	0	0.26104073125880944	6.2711834284328116	-5.7071428571428573	4.8119047619047617	30	2	90	7.3478807948841188e-16	6.4047619047619051	1	9.0	5.4047619047619051	0.0	-5.5952380952380949	1	1
1.6712920665740967	0	0.30949691456579576	6.2432072379566215	-5.6511904761904761	4.8119047619047617	30	2	90	7.3478807948841188e-16	6.4047619047619051	1	9.0	5.4047619047619051	0.0	-5.5952380952380949	1	1
1.687859058380127	0	0.33372500621928847	6.2292191427185273	-5.6232142857142859	4.8119047619047617	30	2	90	7.3478807948841188e-16	6.4047619047619051	1	9.0	5.4047619047619051	0.0	-5.5952380952380949	1	1
1.7044339179992676	0	0.4064092811797684	6.1872548570042412	-5.5392857142857146	4.8119047619047617	30	2	90	7.3478807948841188e-16	6.4047619047619051	1	9.0	5.4047619047619051	0.0	-5.5952380952380949	1	1
1.721066951751709	0	0.4548654644867547	6.1592786665280492	-5.4833333333333334	4.8119047619047617	30	2	90	7.3478807948841188e-16	6.4047619047619051	1	9.0	5.4047619047619051	0.0	-5.5952380952380949	1	1
1.7376689910888672	0	0.4790935561402483	6.145290571289955	-5.4553571428571432	4.8119047619047617	30	2	90	7.3478807948841188e-16	6.4047619047619051	1	9.0	5.4047619047619051	0.0	-5.5952380952380949	1	1
1.7542619705200195	0	0.5415378346853297	6.1415424724672594	-5.399404761904762	4.8398809523809527	30	2	90	7.3478807948841188e-16	6.4047619047619051	1	9.0	5.4047619047619051	0.0	-5.5952380952380949	1	1
1.770806074142456	0	0.5899940179923169	6.1135662819910692	-5.3434523809523808	4.8398809523809527	30	2	90	7.3478807948841188e-16	6.4047619047619051	1	9.0	5.4047619047619051	0.0	-5.5952380952380949	1	1
1.7874491214752197	0	0.6282102048839056	6.1238062784064677	-5.3154761904761907	4.8678571428571429	30	2	90	7.3478807948841188e-16	6.4047619047619051	1	9.0	5.4047619047619051	0.0	-5.5952380952380949	1	1
1.8040270805358887	0	0.6766663881908919	6.0958300879302776	-5.2595238095238095	4.8678571428571429	30	2	90	7.3478807948841188e-16	6.4047619047619051	1	9.0	5.4047619047619051	0.0	-5.5952380952380949	1	1
1.8206491470336914	0	0.7008944798443846	6.0818419926921816	-5.2315476190476193	4.8678571428571429	30	2	90	7.3478807948841188e-16	6.4047619047619051	1	9.0	5.4047619047619051	0.0	-5.5952380952380949	1	1
1.8369059562683105	0	0.763338758389466	6.0780938938694824	-5.1755952380952381	4.895833333333333	30	2	90	7.3478807948841188e-16	6.4047619047619051	1	9.0	5.4047619047619051	0.0	-5.5952380952380949	1	1
1.8534979820251465	0	0.8117949416964523	6.0501177033932922	-5.1196428571428569	4.895833333333333	30	2	90	7.3478807948841188e-16	6.4047619047619051	1	9.0	5.4047619047619051	0.0	-5.5952380952380949	1	1
1.8701329231262207	0	0.8500111285880418	6.0603576998086908	-5.0916666666666668	4.9238095238095241	30	2	90	7.3478807948841188e-16	6.4047619047619051	1	9.0	5.4047619047619051	0.0	-5.5952380952380949	1	1
1.886699914932251	0	0.8742392202415346	6.0463696045705966	-5.0636904761904766	4.9238095238095241	30	2	90	7.3478807948841188e-16	6.4047619047619051	1	9.0	5.4047619047619051	0.0	-5.5952380952380949	1	1
1.9032700061798096	0	0.9124554071331232	6.0566096009859933	-5.0357142857142856	4.9517857142857142	30	2	90	7.3478807948841188e-16	6.4047619047619051	1	9.0	5.4047619047619051	0.0	-5.5952380952380949	1	1
1.9199390411376953	0	0.9124554071331232	6.0566096009859933	-5.0357142857142856	4.9517857142857142	30	2	90	7.3478807948841188e-16	6.4047619047619051	1	9.0	5.4047619047619051	0.0	-5.5952380952380949	1	1
1.9365379810333252	0	0.9124554071331232	6.0566096009859933	-5.0357142857142856	4.9517857142857142	30	2	90	7.3478807948841188e-16	6.4047619047619051	1	9.0	5.4047619047619051	0.0	-5.5952380952380949	1	1
1.9530820846557617	0	0.9124554071331232	6.0566096009859933	-5.0357142857142856	4.9517857142857142	30	2	90	7.3478807948841188e-16	6.4047619047619051	1	9.0	5.4047619047619051	0.0	-5.5952380952380949	1	1
1.969655990600586	0	0.9124554071331232	6.0566096009859933	-5.0357142857142856	4.9517857142857142	30	2	90	7.3478807948841188e-16	6.4047619047619051	1	9.0	5.4047619047619051	0.0	-5.5952380952380949	1	1
1.9862430095672607	0	0.8882273154796296	6.0705976962240893	-5.0636904761904766	4.9517857142857142	30	2	90	7.3478807948841188e-16	6.4047619047619051	1	9.0	5.4047619047619051	0.0	-5.5952380952380949	1	1
2.0031261444091797	0	0.8639992238261369	6.0845857914621835	-5.0916666666666668	4.9517857142857142	30	2	90	7.3478807948841188e-16	6.4047619047619051	1	9.0	5.4047619047619051	0.0	-5.5952380952380949	1	1
2.019829034805298	0	0.8155430405191497	6.1125619819383736	-5.147619047619048	4.9517857142857142	30	2	90	7.3478807948841188e-16	6.4047619047619051	1	9.0	5.4047619047619051	0.0	-5.5952380952380949	1	1
2.0363399982452393	0	0.7288706703205747	6.130298175999167	-5.2315476190476193	4.9238095238095241	30	2	90	7.3478807948841188e-16	6.4047619047619051	1	9.0	5.4047619047619051	0.0	-5.5952380952380949	1	1
2.052894115447998	0	0.631958303706603	6.1862505569515491	-5.3434523809523808	4.9238095238095241	30	2	90	7.3478807948841188e-16	6.4047619047619051	1	9.0	5.4047619047619051	0.0	-5.5952380952380949	1	1
2.0695300102233887	0	0.6077302120531094	6.2002386521896433	-5.371428571428571	4.9238095238095241	30	2	90	7.3478807948841188e-16	6.4047619047619051	1	9.0	5.4047619047619051	0.0	-5.5952380952380949	1	1
2.0860729217529297	0	0.5350459370926295	6.2422029379039294	-5.4553571428571432	4.9238095238095241	30	2	90	7.3478807948841188e-16	6.4047619047619051	1	9.0	5.4047619047619051	0.0	-5.5952380952380949	1	1
2.1026790142059326	0	0.4623616621321496	6.2841672236182156	-5.5392857142857146	4.9238095238095241	30	2	90	7.3478807948841188e-16	6.4047619047619051	1	9.0	5.4047619047619051	0.0	-5.5952380952380949	1	1
2.119328022003174	0	0.43813357047865686	6.2981553188563097	-5.5672619047619047	4.9238095238095241	30	2	90	7.3478807948841188e-16	6.4047619047619051	1	9.0	5.4047619047619051	0.0	-5.5952380952380949	1	1
2.1359310150146484	0	0.34122120386468424	6.3541076998086901	-5.6791666666666663	4.9238095238095241	30	2	90	7.3478807948841188e-16	6.4047619047619051	1	9.0	5.4047619047619051	0.0	-5.5952380952380949	1	1
2.1523609161376953	0	0.2545488336661075	6.3718438938694817	-5.7630952380952385	4.895833333333333	30	2	90	7.3478807948841188e-16	6.4047619047619051	1	9.0	5.4047619047619051	0.0	-5.5952380952380949	1	1
2.169071912765503	0	0.20609265035912205	6.3998200843456736	-5.8190476190476188	4.895833333333333	30	2	90	7.3478807948841188e-16	6.4047619047619051	1	9.0	5.4047619047619051	0.0	-5.5952380952380949	1	1
2.185652017593384	0	0.13340837539864214	6.441784370059958	-5.9029761904761902	4.895833333333333	30	2	90	7.3478807948841188e-16	6.4047619047619051	1	9.0	5.4047619047619051	0.0	-5.5952380952380949	1	1
2.20222806930542	0	0.10918028374514854	6.4557724652980539	-5.9309523809523812	4.895833333333333	30	2	90	7.3478807948841188e-16	6.4047619047619051	1	9.0	5.4047619047619051	0.0	-5.5952380952380949	1	1
2.218816041946411	0	0.03649600878466863	6.4977367510123401	-6.0148809523809526	4.895833333333333	30	2	90	7.3478807948841188e-16	6.4047619047619051	1	9.0	5.4047619047619051	0.0	-5.5952380952380949	1	1
2.2354390621185303	0	-0.01196017452231768	6.5257129414885302	-6.0708333333333337	4.895833333333333	30	2	90	7.3478807948841188e-16	6.4047619047619051	1	9.0	5.4047619047619051	0.0	-5.5952380952380949	1	1
2.2520830631256104	0	-0.03618826617581039	6.5397010367266262	-6.0988095238095239	4.895833333333333	30	2	90	7.3478807948841188e-16	6.4047619047619051	1	9.0	5.4047619047619051	0.0	-5.5952380952380949	1	1
2.2686879634857178	0	-0.03618826617581039	6.5397010367266262	-6.0988095238095239	4.895833333333333	30	2	90	7.3478807948841188e-16	6.4047619047619051	1	9.0	5.4047619047619051	0.0	-5.5952380952380949	1	1
2.285212993621826	0	-0.03618826617581039	6.5397010367266262	-6.0988095238095239	4.895833333333333	30	2	90	7.3478807948841188e-16	6.4047619047619051	1	9.0	5.4047619047619051	0.0	-5.5952380952380949	1	1
2.3018341064453125	0	-0.022200170937714425	6.5639291283801207	-6.0988095238095239	4.9238095238095241	30	2	90	7.3478807948841188e-16	6.4047619047619051	1	9.0	5.4047619047619051	0.0	-5.5952380952380949	1	1
2.3183839321136475	0	0.026256012369271886	6.5359529379039287	-6.0428571428571427	4.9238095238095241	30	2	90	7.3478807948841188e-16	6.4047619047619051	1	9.0	5.4047619047619051	0.0	-5.5952380952380949	1	1
2.3350069522857666	0	0.17537266111292826	6.5144686450204379	-5.9029761904761902	4.9797619047619044	30	2	90	7.3478807948841188e-16	6.4047619047619051	1	9.0	5.4047619047619051	0.0	-5.5952380952380949	1	1
2.3516180515289307	0	0.4111616800551605	6.4752481580761554	-5.6791666666666663	5.0636904761904766	30	2	90	7.3478807948841188e-16	6.4047619047619051	1	9.0	5.4047619047619051	0.0	-5.5952380952380949	1	1
2.36820912361145	0	0.4978340502537355	6.4575119640153638	-5.5952380952380949	5.0916666666666668	30	2	90	7.3478807948841188e-16	6.4047619047619051	1	9.0	5.4047619047619051	0.0	-5.5952380952380949	1	1
2.3847439289093018	0	0.6954068823043782	6.4080514806556863	-5.399404761904762	5.147619047619048	30	2	90	7.3478807948841188e-16	6.4047619047619051	1	9.0	5.4047619047619051	0.0	-5.5952380952380949	1	1
2.401431083679199	0	0.7438630656113654	6.3800752901794944	-5.3434523809523808	5.147619047619048	30	2	90	7.3478807948841188e-16	6.4047619047619051	1	9.0	5.4047619047619051	0.0	-5.5952380952380949	1	1
2.4179799556732178	0	0.8547635274634313	6.348351000880605	-5.2315476190476193	5.1755952380952381	30	2	90	7.3478807948841188e-16	6.4047619047619051	1	9.0	5.4047619047619051	0.0	-5.5952380952380949	1	1
2.4346001148223877	0	0.9032197107704185	6.3203748104044148	-5.1755952380952381	5.1755952380952381	30	2	90	7.3478807948841188e-16	6.4047619047619051	1	9.0	5.4047619047619051	0.0	-5.5952380952380949	1	1
2.451141119003296	0	0.9274478024239112	6.3063867151663189	-5.147619047619048	5.1755952380952381	30	2	90	7.3478807948841188e-16	6.4047619047619051	1	9.0	5.4047619047619051	0.0	-5.5952380952380949	1	1
2.4677951335906982	0	0.9032197107704185	6.3203748104044148	-5.1755952380952381	5.1755952380952381	30	2	90	7.3478807948841188e-16	6.4047619047619051	1	9.0	5.4047619047619051	0.0	-5.5952380952380949	1	1
2.4840829372406006	0	0.9032197107704185	6.3203748104044148	-5.1755952380952381	5.1755952380952381	30	2	90	7.3478807948841188e-16	6.4047619047619051	1	9.0	5.4047619047619051	0.0	-5.5952380952380949	1	1
2.5006840229034424	0	0.8789916191169258	6.3343629056425108	-5.2035714285714283	5.1755952380952381	30	2	90	7.3478807948841188e-16	6.4047619047619051	1	9.0	5.4047619047619051	0.0	-5.5952380952380949	1	1
2.5172741413116455	0	0.7783311536802557	6.3278710080498097	-5.2874999999999996	5.1196428571428569	30	2	90	7.3478807948841188e-16	6.4047619047619051	1	9.0	5.4047619047619051	0.0	-5.5952380952380949	1	1
2.533869981765747	0	0.5909983180450098	6.3391153045179003	-5.4553571428571432	5.0357142857142856	30	2	90	7.3478807948841188e-16	6.4047619047619051	1	9.0	5.4047619047619051	0.0	-5.5952380952380949	1	1
2.5504419803619385	0	0.37943739075627203	6.3643476962240886	-5.6511904761904761	4.9517857142857142	30	2	90	7.3478807948841188e-16	6.4047619047619051	1	9.0	5.4047619047619051	0.0	-5.5952380952380949	1	1
2.5669901371002197	0	0.26853692890420344	6.3960719855229762	-5.7630952380952385	4.9238095238095241	30	2	90	7.3478807948841188e-16	6.4047619047619051	1	9.0	5.4047619047619051	0.0	-5.5952380952380949	1	1
2.583651065826416	0	0.05697600161546568	6.4213043772291627	-5.9589285714285714	4.8398809523809527	30	2	90	7.3478807948841188e-16	6.4047619047619051	1	9.0	5.4047619047619051	0.0	-5.5952380952380949	1	1
2.6002860069274902	0	-0.05392446023660291	6.4530286665280503	-6.0708333333333337	4.8119047619047617	30	2	90	7.3478807948841188e-16	6.4047619047619051	1	9.0	5.4047619047619051	0.0	-5.5952380952380949	1	1
2.6168501377105713	0	-0.18905301374216332	6.4987410510650339	-6.2107142857142854	4.7839285714285715	30	2	90	7.3478807948841188e-16	6.4047619047619051	1	9.0	5.4047619047619051	0.0	-5.5952380952380949	1	1
2.6334900856018066	0	-0.2999534755942319	6.5304653403639215	-6.3226190476190478	4.7559523809523814	30	2	90	7.3478807948841188e-16	6.4047619047619051	1	9.0	5.4047619047619051	0.0	-5.5952380952380949	1	1
2.650243043899536	0	-0.3381696624858197	6.5202253439485247	-6.350595238095238	4.7279761904761903	30	2	90	7.3478807948841188e-16	6.4047619047619051	1	9.0	5.4047619047619051	0.0	-5.5952380952380949	1	1
2.6669859886169434	0	-0.4108539374462996	6.5621896296628108	-6.4345238095238093	4.7279761904761903	30	2	90	7.3478807948841188e-16	6.4047619047619051	1	9.0	5.4047619047619051	0.0	-5.5952380952380949	1	1
2.683556079864502	0	-0.4350820290997932	6.576177724900905	-6.4625000000000004	4.7279761904761903	30	2	90	7.3478807948841188e-16	6.4047619047619051	1	9.0	5.4047619047619051	0.0	-5.5952380952380949	1	1
2.7001519203186035	0	-0.4350820290997932	6.576177724900905	-6.4625000000000004	4.7279761904761903	30	2	90	7.3478807948841188e-16	6.4047619047619051	1	9.0	5.4047619047619051	0.0	-5.5952380952380949	1	1
2.7166991233825684	0	-0.4350820290997932	6.576177724900905	-6.4625000000000004	4.7279761904761903	30	2	90	7.3478807948841188e-16	6.4047619047619051	1	9.0	5.4047619047619051	0.0	-5.5952380952380949	1	1
2.73340106010437	0	-0.4350820290997932	6.576177724900905	-6.4625000000000004	4.7279761904761903	30	2	90	7.3478807948841188e-16	6.4047619047619051	1	9.0	5.4047619047619051	0.0	-5.5952380952380949	1	1
2.7498691082000732	0	-0.4350820290997932	6.576177724900905	-6.4625000000000004	4.7279761904761903	30	2	90	7.3478807948841188e-16	6.4047619047619051	1	9.0	5.4047619047619051	0.0	-5.5952380952380949	1	1
2.766453981399536	0	-0.4350820290997932	6.576177724900905	-6.4625000000000004	4.7279761904761903	30	2	90	7.3478807948841188e-16	6.4047619047619051	1	9.0	5.4047619047619051	0.0	-5.5952380952380949	1	1
2.7830071449279785	0	-0.4350820290997932	6.576177724900905	-6.4625000000000004	4.7279761904761903	30	2	90	7.3478807948841188e-16	6.4047619047619051	1	9.0	5.4047619047619051	0.0	-5.5952380952380949	1	1
2.7993710041046143	0	-0.43508202909979321	6.576177724900905	-6.4625000000000004	4.7279761904761903	30	2	90	7.3478807948841188e-16	6.4047619047619051	1	9.0	5.4047619047619051	0.0	-5.5952380952380949	1	1
2.8159871101379395	0	-0.40710583862360217	6.576177724900905	-6.4345238095238093	4.7559523809523814	30	2	90	7.3478807948841188e-16	6.4047619047619051	1	9.0	5.4047619047619051	0.0	-5.5952380952380949	1	1
2.832659959793091	0	-0.40710583862360217	6.576177724900905	-6.4345238095238093	4.7559523809523814	30	3	90	7.3478807948841188e-16	6.4047619047619051	1	9.0	5.4047619047619051	0.0	-5.5952380952380949	1	1
2.8491649627685547	0	-0.37912964814741201	6.576177724900905	-6.4065476190476192	4.7559523809523814	30	4	90	7.3478807948841188e-16	6.4047619047619051	1	9.0	5.4047619047619051	0.0	-5.5952380952380949	1	1
2.865767002105713	0	-0.37912964814741201	6.576177724900905	-6.4065476190476192	4.7559523809523814	30	4	90	7.3478807948841188e-16	6.4047619047619051	1	9.0	5.4047619047619051	0.0	-5.5952380952380949	1	1
2.882296085357666	0	-0.37912964814741201	6.576177724900905	-6.4065476190476192	4.7559523809523814	30	4	90	7.3478807948841188e-16	6.4047619047619051	1	9.0	5.4047619047619051	0.0	-5.5952380952380949	1	1
2.8989241123199463	0	-0.37912964814741201	6.576177724900905	-6.4065476190476192	4.7559523809523814	30	4	90	7.3478807948841188e-16	6.4047619047619051	1	9.0	5.4047619047619051	0.0	-5.5952380952380949	1	1
2.915519952774048	0	-0.37912964814741201	6.576177724900905	-6.4065476190476192	4.7559523809523814	30	4	90	7.3478807948841188e-16	6.4047619047619051	1	9.0	5.4047619047619051	0.0	-5.5952380952380949	1	1
2.932168960571289	0	-0.37912964814741201	6.576177724900905	-6.4065476190476192	4.7559523809523814	30	4	90	7.3478807948841188e-16	6.4047619047619051	1	9.0	5.4047619047619051	0.0	-5.5952380952380949	1	1
2.948754072189331	0	-0.37912964814741201	6.576177724900905	-6.4065476190476192	4.7559523809523814	30	4	90	7.3478807948841188e-16	6.4047619047619051	1	9.0	5.4047619047619051	0.0	-5.5952380952380949	1	1
2.9653069972991943	0	-0.37912964814741201	6.576177724900905	-6.4065476190476192	4.7559523809523814	30	4	90	7.3478807948841188e-16	6.4047619047619051	1	9.0	5.4047619047619051	0.0	-5.5952380952380949	1	1
2.9818451404571533	0	-0.37912964814741201	6.576177724900905	-6.4065476190476192	4.7559523809523814	30	4	90	7.3478807948841188e-16	6.4047619047619051	1	9.0	5.4047619047619051	0.0	-5.5952380952380949	1	1
2.9985339641571045	0	-0.37912964814741201	6.576177724900905	-6.4065476190476192	4.7559523809523814	30	4	90	7.3478807948841188e-16	6.4047619047619051	1	9.0	5.4047619047619051	0.0	-5.5952380952380949	1	1
3.015087127685547	0	-0.37912964814741201	6.576177724900905	-6.4065476190476192	4.7559523809523814	30	4	90	7.3478807948841188e-16	6.4047619047619051	1	9.0	5.4047619047619051	0.0	-5.5952380952380949	1	1
3.0316929817199707	0	-0.37912964814741201	6.576177724900905	-6.4065476190476192	4.7559523809523814	30	4	90	7.3478807948841188e-16	6.4047619047619051	1	9.0	5.4047619047619051	0.0	-5.5952380952380949	1	1
3.0483360290527344	0	-0.37912964814741201	6.576177724900905	-6.4065476190476192	4.7559523809523814	30	4	90	7.3478807948841188e-16	6.4047619047619051	1	9.0	5.4047619047619051	0.0	-5.5952380952380949	1	1
3.064919948577881	0	-0.37912964814741201	6.576177724900905	-6.4065476190476192	4.7559523809523814	30	4	90	7.3478807948841188e-16	6.4047619047619051	1	9.0	5.4047619047619051	0.0	-5.5952380952380949	1	1
3.0814571380615234	0	-0.35115345767122186	6.576177724900905	-6.378571428571429	4.7559523809523814	30	4	90	7.3478807948841188e-16	6.4047619047619051	1	9.0	5.4047619047619051	0.0	-5.5952380952380949	1	1
3.0980069637298584	0	-0.26722488624264962	6.576177724900905	-6.2946428571428568	4.7839285714285715	30	4	90	7.3478807948841188e-16	6.4047619047619051	1	9.0	5.4047619047619051	0.0	-5.5952380952380949	1	1
3.1146399974823	0	-0.071391552909316758	6.576177724900905	-6.0988095238095239	4.8398809523809527	30	4	90	7.3478807948841188e-16	6.4047619047619051	1	9.0	5.4047619047619051	0.0	-5.5952380952380949	1	1
3.1312460899353027	0	0.068489399471635792	6.576177724900905	-5.9589285714285714	4.895833333333333	30	4	90	7.3478807948841188e-16	6.4047619047619051	1	9.0	5.4047619047619051	0.0	-5.5952380952380949	1	1
3.1479101181030273	0	0.48813225661449255	6.576177724900905	-5.5392857142857146	4.9797619047619044	30	4	90	7.3478807948841188e-16	6.4047619047619051	1	9.0	5.4047619047619051	0.0	-5.5952380952380949	1	1
3.1644630432128906	0	1.1036084470906831	6.576177724900905	-4.9238095238095241	5.1196428571428569	30	4	90	7.3478807948841188e-16	6.4047619047619051	1	9.0	5.4047619047619051	0.0	-5.5952380952380949	1	1
3.181025981903076	0	1.4672989232811595	6.576177724900905	-4.5601190476190476	5.2035714285714283	30	4	90	7.3478807948841188e-16	6.4047619047619051	1	9.0	5.4047619047619051	0.0	-5.5952380952380949	1	1
3.197654962539673	0	2.3345608280430641	6.576177724900905	-3.6928571428571431	5.371428571428571	30	4	90	7.3478807948841188e-16	6.4047619047619051	1	9.0	5.4047619047619051	0.0	-5.5952380952380949	1	1
3.2141830921173096	0	2.8381322566144926	6.576177724900905	-3.1892857142857145	5.4553571428571432	30	4	90	7.3478807948841188e-16	6.4047619047619051	1	9.0	5.4047619047619051	0.0	-5.5952380952380949	1	1
3.2307839393615723	0	3.9292036851859216	6.576177724900905	-2.0982142857142856	5.6232142857142859	30	4	90	7.3478807948841188e-16	6.4047619047619051	1	9.0	5.4047619047619051	0.0	-5.5952380952380949	1	1
3.247483015060425	0	5.1042036851859214	6.576177724900905	-0.92321428571428577	5.7630952380952385	30	4	90	7.3478807948841188e-16	6.4047619047619051	1	9.0	5.4047619047619051	0.0	-5.5952380952380949	1	1
3.264050006866455	0	6.2232513042335409	6.576177724900905	0.19583333333333333	5.8470238095238098	30	4	90	7.3478807948841188e-16	6.4047619047619051	1	9.0	5.4047619047619051	0.0	-5.5952380952380949	1	1
3.280625104904175	0	6.7547989232811601	6.576177724900905	0.72738095238095235	5.8470238095238098	30	4	90	7.3478807948841188e-16	6.4047619047619051	1	9.0	5.4047619047619051	0.0	-5.5952380952380949	1	1
3.297455072402954	0	7.733965589947827	6.576177724900905	1.706547619047619	5.8470238095238098	30	4	90	7.3478807948841188e-16	6.4047619047619051	1	9.0	5.4047619047619051	0.0	-5.5952380952380949	1	1
3.3140361309051514	0	7.922139194026137	2.9786904458288852	2.573809523809524	5.7910714285714286	30	4	90	7.3478807948841188e-16	6.4047619047619051	1	9.0	5.4047619047619051	0.0	-5.5952380952380949	1	1
3.3306429386138916	0	8.233356286698852	2.7344009291885669	2.9654761904761906	5.7351190476190474	30	4	90	7.3478807948841188e-16	6.4047619047619051	1	9.0	5.4047619047619051	0.0	-5.5952380952380949	1	1
3.347243070602417	0	8.769118101845706	2.2635580899687184	3.6648809523809525	5.5952380952380949	30	4	90	7.3478807948841188e-16	6.4047619047619051	1	9.0	5.4047619047619051	0.0	-5.5952380952380949	1	1
3.3638670444488525	0	9.09706708852652	1.8803919210001414	4.1404761904761909	5.4273809523809522	30	4	90	7.3478807948841188e-16	6.4047619047619051	1	9.0	5.4047619047619051	0.0	-5.5952380952380949	1	1
3.3804290294647217	0	9.224699444386687	1.7097909793729951	4.3363095238095237	5.3434523809523808	30	5	90	7.3478807948841188e-16	6.4047619047619051	1	9.0	5.4047619047619051	0.0	-5.5952380952380949	1	1
3.397033929824829	0	9.306619415709871	1.4040614842402874	4.5601190476190476	5.1196428571428569	30	5	90	7.3478807948841188e-16	6.4047619047619051	1	9.0	5.4047619047619051	0.0	-5.5952380952380949	1	1
3.4136130809783936	0	9.260907031172888	1.2689329307347252	4.5880952380952378	4.9797619047619044	30	5	90	7.3478807948841188e-16	6.4047619047619051	1	9.0	5.4047619047619051	0.0	-5.5952380952380949	1	1
3.4301891326904297	0	9.058581800246854	1.0304001130224902	4.5321428571428575	4.6720238095238091	30	5	90	7.3478807948841188e-16	6.4047619047619051	1	9.0	5.4047619047619051	0.0	-5.5952380952380949	1	1
3.446824073791504	0	8.544035176595411	0.81060778942374156	4.1964285714285712	4.2244047619047622	30	5	90	7.3478807948841188e-16	6.4047619047619051	1	9.0	5.4047619047619051	0.0	-5.5952380952380949	1	1
3.463413953781128	0	7.7694714423482445	0.64402404800737045	3.6089285714285713	3.6928571428571431	30	5	90	7.3478807948841188e-16	6.4047619047619051	1	9.0	5.4047619047619051	0.0	-5.5952380952380949	1	1
3.4798240661621094	0	7.286649107995689	0.53513218626068948	3.2452380952380953	3.3571428571428572	30	5	90	7.3478807948841188e-16	6.4047619047619051	1	9.0	5.4047619047619051	0.0	-5.5952380952380949	1	1
3.4965810775756836	0	6.161647794131525	0.37704894254240617	2.3500000000000001	2.6577380952380953	30	5	90	7.3478807948841188e-16	6.4047619047619051	1	9.0	5.4047619047619051	0.0	-5.5952380952380949	1	1
3.5131800174713135	0	5.529708811035315	0.28964137367921605	1.8464285714285715	2.2660714285714287	30	5	90	7.3478807948841188e-16	6.4047619047619051	1	9.0	5.4047619047619051	0.0	-5.5952380952380949	1	1
3.529787063598633	0	4.1754103758216194	0.070118151468544276	0.78333333333333333	1.3988095238095237	30	5	90	7.3478807948841188e-16	6.4047619047619051	1	9.0	5.4047619047619051	0.0	-5.5952380952380949	1	1
3.546416997909546	0	2.8658200250922135	-0.23982553976339904	-0.19583333333333333	0.47559523809523807	30	5	90	7.3478807948841188e-16	6.4047619047619051	1	9.0	5.4047619047619051	0.0	-5.5952380952380949	1	1
3.5629351139068604	0	1.7053463231064643	-0.57125352387883144	-1.0351190476190477	-0.39166666666666666	30	5	90	7.3478807948841188e-16	6.4047619047619051	1	9.0	5.4047619047619051	0.0	-5.5952380952380949	1	1
3.5795559883117676	0	1.2187758899312122	-0.7425896641705938	-1.3708333333333333	-0.78333333333333333	30	5	90	7.3478807948841188e-16	6.4047619047619051	1	9.0	5.4047619047619051	0.0	-5.5952380952380949	1	1
3.5961999893188477	0	0.3323073937792831	-1.102998138814911	-1.9583333333333333	-1.5386904761904763	30	5	90	7.3478807948841188e-16	6.4047619047619051	1	9.0	5.4047619047619051	0.0	-5.5952380952380949	1	1
3.6126770973205566	0	-0.05360257395929846	-1.2678423815139723	-2.2101190476190475	-1.8744047619047619	30	5	90	7.3478807948841188e-16	6.4047619047619051	1	9.0	5.4047619047619051	0.0	-5.5952380952380949	1	1
3.629328966140747	0	-0.7424982380605845	-1.6777113395179701	-2.6017857142857141	-2.573809523809524	30	5	90	7.3478807948841188e-16	6.4047619047619051	1	9.0	5.4047619047619051	0.0	-5.5952380952380949	1	1
3.646022081375122	0	-1.340973433140599	-2.0428722130376782	-2.9375	-3.1892857142857145	30	5	90	7.3478807948841188e-16	6.4047619047619051	1	9.0	5.4047619047619051	0.0	-5.5952380952380949	1	1
3.6625759601593018	0	-1.8005719758923537	-2.3913011925492871	-3.1613095238095239	-3.7208333333333332	30	5	90	7.3478807948841188e-16	6.4047619047619051	1	9.0	5.4047619047619051	0.0	-5.5952380952380949	1	1
3.679147958755493	0	-2.0093891044110888	-2.529173544824852	-3.2732142857142859	-3.9446428571428571	30	5	90	7.3478807948841188e-16	6.4047619047619051	1	9.0	5.4047619047619051	0.0	-5.5952380952380949	1	1
3.695719003677368	0	-2.340350991249983	-2.8226544434367744	-3.413095238095238	-4.3642857142857139	30	5	90	7.3478807948841188e-16	6.4047619047619051	1	9.0	5.4047619047619051	0.0	-5.5952380952380949	1	1
3.712301015853882	0	-2.462495749570143	-2.9782629897731319	-3.4410714285714286	-4.5601190476190476	30	5	90	7.3478807948841188e-16	6.4047619047619051	1	9.0	5.4047619047619051	0.0	-5.5952380952380949	1	1
3.728863000869751	0	-2.664820980496177	-3.2167958074853669	-3.4970238095238093	-4.8678571428571429	30	5	90	7.3478807948841188e-16	6.4047619047619051	1	9.0	5.4047619047619051	0.0	-5.5952380952380949	1	1
3.745516061782837	0	-2.7207733614485576	-3.3137081740993395	-3.4970238095238093	-4.9797619047619044	30	5	90	7.3478807948841188e-16	6.4047619047619051	1	9.0	5.4047619047619051	0.0	-5.5952380952380949	1	1
3.7621231079101562	0	-2.6723171781415713	-3.3416843645755296	-3.4410714285714286	-4.9797619047619044	30	5	90	7.3478807948841188e-16	6.4047619047619051	1	9.0	5.4047619047619051	0.0	-5.5952380952380949	1	1
3.778710126876831	0	-2.623860994834585	-3.3696605550517202	-3.3851190476190478	-4.9797619047619044	30	5	90	7.3478807948841188e-16	6.4047619047619051	1	9.0	5.4047619047619051	0.0	-5.5952380952380949	1	1
3.795290946960449	0	-2.5269486282206124	-3.425612936004101	-3.2732142857142859	-4.9797619047619044	30	5	90	7.3478807948841188e-16	6.4047619047619051	1	9.0	5.4047619047619051	0.0	-5.5952380952380949	1	1
3.8116159439086914	0	-2.502720536567119	-3.4396010312421965	-3.2452380952380953	-4.9797619047619044	30	5	90	7.3478807948841188e-16	6.4047619047619051	1	9.0	5.4047619047619051	0.0	-5.5952380952380949	1	1
3.8284621238708496	0	-2.4300362616066393	-3.4815653169564822	-3.1613095238095239	-4.9797619047619044	30	5	90	7.3478807948841188e-16	6.4047619047619051	1	9.0	5.4047619047619051	0.0	-5.5952380952380949	1	1
3.84505295753479	0	-2.35735198664616	-3.5235296026707679	-3.0773809523809526	-4.9797619047619044	30	5	90	7.3478807948841188e-16	6.4047619047619051	1	9.0	5.4047619047619051	0.0	-5.5952380952380949	1	1
3.8617160320281982	0	-2.3331238949926663	-3.5375176979088634	-3.049404761904762	-4.9797619047619044	30	5	90	7.3478807948841188e-16	6.4047619047619051	1	9.0	5.4047619047619051	0.0	-5.5952380952380949	1	1
3.87825608253479	0	-2.3331238949926663	-3.5375176979088634	-3.049404761904762	-4.9797619047619044	30	5	90	7.3478807948841188e-16	6.4047619047619051	1	9.0	5.4047619047619051	0.0	-5.5952380952380949	1	1
3.8947789669036865	0	-2.3331238949926663	-3.5375176979088634	-3.049404761904762	-4.9797619047619044	30	5	90	7.3478807948841188e-16	6.4047619047619051	1	9.0	5.4047619047619051	0.0	-5.5952380952380949	1	1
3.911406993865967	0	-2.3331238949926663	-3.5375176979088634	-3.049404761904762	-4.9797619047619044	30	5	90	7.3478807948841188e-16	6.4047619047619051	1	9.0	5.4047619047619051	0.0	-5.5952380952380949	1	1
3.9280829429626465	0	-2.3331238949926663	-3.5375176979088634	-3.049404761904762	-4.9797619047619044	30	5	90	7.3478807948841188e-16	6.4047619047619051	1	9.0	5.4047619047619051	0.0	-5.5952380952380949	1	1
3.94451904296875	0	-2.308895803339173	-3.5515057931469585	-3.0214285714285714	-4.9797619047619044	30	5	90	7.3478807948841188e-16	6.4047619047619051	1	9.0	5.4047619047619051	0.0	-5.5952380952380949	1	1
3.9612860679626465	0	-2.2464515247940917	-3.5552538919696559	-2.9654761904761906	-4.9517857142857142	30	5	90	7.3478807948841188e-16	6.4047619047619051	1	9.0	5.4047619047619051	0.0	-5.5952380952380949	1	1
3.977843999862671	0	-2.101082974873132	-3.6391824633982273	-2.7976190476190474	-4.9517857142857142	30	5	90	7.3478807948841188e-16	6.4047619047619051	1	9.0	5.4047619047619051	0.0	-5.5952380952380949	1	1
3.9944379329681396	0	-1.869042054753598	-3.7408472288875916	-2.5458333333333334	-4.9238095238095241	30	5	90	7.3478807948841188e-16	6.4047619047619051	1	9.0	5.4047619047619051	0.0	-5.5952380952380949	1	1
4.011013031005859	0	-1.7339135012480362	-3.7865596134245743	-2.4059523809523808	-4.895833333333333	30	5	90	7.3478807948841188e-16	6.4047619047619051	1	9.0	5.4047619047619051	0.0	-5.5952380952380949	1	1
4.027605056762695	0	-1.3667440276229412	-3.9339367634509212	-2.0142857142857142	-4.8398809523809527	30	5	90	7.3478807948841188e-16	6.4047619047619051	1	9.0	5.4047619047619051	0.0	-5.5952380952380949	1	1
4.044193983078003	0	-1.144943103918805	-3.9973853420486964	-1.7904761904761906	-4.7839285714285715	30	5	90	7.3478807948841188e-16	6.4047619047619051	1	9.0	5.4047619047619051	0.0	-5.5952380952380949	1	1
4.0608439445495605	0	-0.7255693481640253	-4.1102944040061518	-1.3708333333333333	-4.6720238095238091	30	5	90	7.3478807948841188e-16	6.4047619047619051	1	9.0	5.4047619047619051	0.0	-5.5952380952380949	1	1
4.077433109283447	0	-0.46555223756830055	-4.1635029861885293	-1.1190476190476191	-4.5880952380952378	30	5	90	7.3478807948841188e-16	6.4047619047619051	1	9.0	5.4047619047619051	0.0	-5.5952380952380949	1	1
4.0940260887146	0	-0.24000321504146727	-4.1645072862412231	-0.92321428571428577	-4.4761904761904763	30	5	90	7.3478807948841188e-16	6.4047619047619051	1	9.0	5.4047619047619051	0.0	-5.5952380952380949	1	1
4.110300064086914	0	-0.13934274960479698	-4.158015388648522	-0.8392857142857143	-4.4202380952380951	30	5	90	7.3478807948841188e-16	6.4047619047619051	1	9.0	5.4047619047619051	0.0	-5.5952380952380949	1	1
4.126940011978149	0	0.02376199437695492	-4.1552715898785193	-0.69940476190476186	-4.3363095238095237	30	5	90	7.3478807948841188e-16	6.4047619047619051	1	9.0	5.4047619047619051	0.0	-5.5952380952380949	1	1
4.1435089111328125	0	0.08620627292203631	-4.1590196887012167	-0.643452380952381	-4.3083333333333336	30	5	90	7.3478807948841188e-16	6.4047619047619051	1	9.0	5.4047619047619051	0.0	-5.5952380952380949	1	1
4.16016411781311	0	0.14865055146711836	-4.1627677875239133	-0.58750000000000002	-4.2803571428571425	30	5	90	7.3478807948841188e-16	6.4047619047619051	1	9.0	5.4047619047619051	0.0	-5.5952380952380949	1	1
4.176698923110962	0	0.1244224598136251	-4.1487796922858182	-0.61547619047619051	-4.2803571428571425	30	5	90	7.3478807948841188e-16	6.4047619047619051	1	9.0	5.4047619047619051	0.0	-5.5952380952380949	1	1
4.193320989608765	0	0.1244224598136251	-4.1487796922858182	-0.61547619047619051	-4.2803571428571425	30	5	90	7.3478807948841188e-16	6.4047619047619051	1	9.0	5.4047619047619051	0.0	-5.5952380952380949	1	1
4.2098729610443115	0	0.0964462693374345	-4.1972358755928045	-0.61547619047619051	-4.3363095238095237	30	5	90	7.3478807948841188e-16	6.4047619047619051	1	9.0	5.4047619047619051	0.0	-5.5952380952380949	1	1
4.226433992385864	0	-0.0219503901600282	-4.2904001433840806	-0.67142857142857137	-4.4761904761904763	30	5	90	7.3478807948841188e-16	6.4047619047619051	1	9.0	5.4047619047619051	0.0	-5.5952380952380949	1	1
4.2430360317230225	0	-0.08814276752780703	-4.3490963231064654	-0.69940476190476186	-4.5601190476190476	30	5	90	7.3478807948841188e-16	6.4047619047619051	1	9.0	5.4047619047619051	0.0	-5.5952380952380949	1	1
4.260011911392212	0	-0.23451561750146038	-4.4907167742047278	-0.75535714285714284	-4.7559523809523814	30	5	90	7.3478807948841188e-16	6.4047619047619051	1	9.0	5.4047619047619051	0.0	-5.5952380952380949	1	1
4.276401996612549	0	-0.36690037223701816	-4.6081091336494957	-0.81130952380952381	-4.9238095238095241	30	5	90	7.3478807948841188e-16	6.4047619047619051	1	9.0	5.4047619047619051	0.0	-5.5952380952380949	1	1
4.29308009147644	0	-0.3948765627132083	-4.656565316956482	-0.81130952380952381	-4.9797619047619044	30	5	90	7.3478807948841188e-16	6.4047619047619051	1	9.0	5.4047619047619051	0.0	-5.5952380952380949	1	1
4.309690952301025	0	-0.4750570353190828	-4.7394895883323604	-0.8392857142857143	-5.0916666666666668	30	5	90	7.3478807948841188e-16	6.4047619047619051	1	9.0	5.4047619047619051	0.0	-5.5952380952380949	1	1
4.3263609409332275	0	-0.5310094162714635	-4.8364019549463322	-0.8392857142857143	-5.2035714285714283	30	5	90	7.3478807948841188e-16	6.4047619047619051	1	9.0	5.4047619047619051	0.0	-5.5952380952380949	1	1
4.342925071716309	0	-0.5589856067476541	-4.8848581382533194	-0.8392857142857143	-5.2595238095238095	30	5	90	7.3478807948841188e-16	6.4047619047619051	1	9.0	5.4047619047619051	0.0	-5.5952380952380949	1	1
4.359525918960571	0	-0.6391660793535281	-4.9677824096291969	-0.86726190476190479	-5.371428571428571	30	5	90	7.3478807948841188e-16	6.4047619047619051	1	9.0	5.4047619047619051	0.0	-5.5952380952380949	1	1
4.375947952270508	0	-0.7435746436128957	-5.0367185857669794	-0.92321428571428577	-5.4833333333333334	30	5	90	7.3478807948841188e-16	6.4047619047619051	1	9.0	5.4047619047619051	0.0	-5.5952380952380949	1	1
4.392709016799927	0	-0.781790830504484	-5.046958582182377	-0.95119047619047614	-5.5113095238095235	30	5	90	7.3478807948841188e-16	6.4047619047619051	1	9.0	5.4047619047619051	0.0	-5.5952380952380949	1	1
4.4092559814453125	0	-0.8339951126341678	-5.0814266702512683	-0.97916666666666663	-5.5672619047619047	30	5	90	7.3478807948841188e-16	6.4047619047619051	1	9.0	5.4047619047619051	0.0	-5.5952380952380949	1	1
4.425575017929077	0	-0.8339951126341678	-5.0814266702512683	-0.97916666666666663	-5.5672619047619047	30	5	90	7.3478807948841188e-16	6.4047619047619051	1	9.0	5.4047619047619051	0.0	-5.5952380952380949	1	1
4.442137956619263	0	-0.8339951126341678	-5.0814266702512683	-0.97916666666666663	-5.5672619047619047	30	5	90	7.3478807948841188e-16	6.4047619047619051	1	9.0	5.4047619047619051	0.0	-5.5952380952380949	1	1
4.4587719440460205	0	-0.8097670209806745	-5.0954147654893642	-0.95119047619047614	-5.5672619047619047	30	5	90	7.3478807948841188e-16	6.4047619047619051	1	9.0	5.4047619047619051	0.0	-5.5952380952380949	1	1
4.475353956222534	0	-0.8097670209806745	-5.0954147654893642	-0.95119047619047614	-5.5672619047619047	30	5	90	7.3478807948841188e-16	6.4047619047619051	1	9.0	5.4047619047619051	0.0	-5.5952380952380949	1	1
4.491970062255859	0	-0.8097670209806745	-5.0954147654893642	-0.95119047619047614	-5.5672619047619047	30	5	90	7.3478807948841188e-16	6.4047619047619051	1	9.0	5.4047619047619051	0.0	-5.5952380952380949	1	1
4.508554935455322	0	-0.7957789257425795	-5.0711866738358706	-0.95119047619047614	-5.5392857142857146	30	5	90	7.3478807948841188e-16	6.4047619047619051	1	9.0	5.4047619047619051	0.0	-5.5952380952380949	1	1
4.525170087814331	0	-0.7957789257425795	-5.0711866738358706	-0.95119047619047614	-5.5392857142857146	30	5	90	7.3478807948841188e-16	6.4047619047619051	1	9.0	5.4047619047619051	0.0	-5.5952380952380949	1	1
4.541741132736206	0	-0.7575627388509908	-5.0609466774204721	-0.92321428571428577	-5.5113095238095235	30	5	90	7.3478807948841188e-16	6.4047619047619051	1	9.0	5.4047619047619051	0.0	-5.5952380952380949	1	1
4.558320999145508	0	-0.7053584567213075	-5.0264785893515818	-0.89523809523809528	-5.4553571428571432	30	5	90	7.3478807948841188e-16	6.4047619047619051	1	9.0	5.4047619047619051	0.0	-5.5952380952380949	1	1
4.575083017349243	0	-0.6046979912846371	-5.0199866917588807	-0.81130952380952381	-5.399404761904762	30	5	90	7.3478807948841188e-16	6.4047619047619051	1	9.0	5.4047619047619051	0.0	-5.5952380952380949	1	1
4.591875076293945	0	-0.5664818043930484	-5.0097466953434822	-0.78333333333333333	-5.371428571428571	30	5	90	7.3478807948841188e-16	6.4047619047619051	1	9.0	5.4047619047619051	0.0	-5.5952380952380949	1	1
4.608290910720825	0	-0.4798094341944735	-5.0274828894042756	-0.69940476190476186	-5.3434523809523808	30	5	90	7.3478807948841188e-16	6.4047619047619051	1	9.0	5.4047619047619051	0.0	-5.5952380952380949	1	1
4.62497091293335	0	-0.45558134254098037	-5.0414709846423706	-0.67142857142857137	-5.3434523809523808	30	5	90	7.3478807948841188e-16	6.4047619047619051	1	9.0	5.4047619047619051	0.0	-5.5952380952380949	1	1
4.641556024551392	0	-0.3586689759270075	-5.097423365594751	-0.55952380952380953	-5.3434523809523808	30	5	90	7.3478807948841188e-16	6.4047619047619051	1	9.0	5.4047619047619051	0.0	-5.5952380952380949	1	1
4.658174991607666	0	-0.29997279620462286	-5.1636157429625298	-0.47559523809523807	-5.371428571428571	30	5	90	7.3478807948841188e-16	6.4047619047619051	1	9.0	5.4047619047619051	0.0	-5.5952380952380949	1	1
