time	trial	cursorx	cursory	hand_x	hand_Y	rotation	step	targetangle	targetposx	targetposy	garagelocation	garageposx	garageposy	homex	homey	group	trial_type
0.0	2	-0.2517857142857143	-5.2595238095238095	-0.25178571428571428	-5.2595238095238095	0	5	105	-3.1058285412302502	5.9958718202307253	-1	-12.105828541230251	4.9958718202307253	0.0	-5.5952380952380949	1	-1
0.029460906982421875	2	-0.13988095238095238	-5.5672619047619047	-0.13988095238095238	-5.5672619047619047	0	1	105	-3.1058285412302502	5.9958718202307253	-1	-12.105828541230251	4.9958718202307253	0.0	-5.5952380952380949	1	-1
0.04611086845397949	2	-0.13988095238095238	-5.6511904761904761	-0.13988095238095238	-5.6511904761904761	0	1	105	-3.1058285412302502	5.9958718202307253	-1	-12.105828541230251	4.9958718202307253	0.0	-5.5952380952380949	1	-1
0.06263184547424316	2	-0.13988095238095238	-5.6791666666666663	-0.13988095238095238	-5.6791666666666663	0	1	105	-3.1058285412302502	5.9958718202307253	-1	-12.105828541230251	4.9958718202307253	0.0	-5.5952380952380949	1	-1
0.07950782775878906	2	-0.11190476190476191	-5.6791666666666663	-0.11190476190476191	-5.6791666666666663	0	1	105	-3.1058285412302502	5.9958718202307253	-1	-12.105828541230251	4.9958718202307253	0.0	-5.5952380952380949	1	-1
0.0961909294128418	2	-0.13988095238095238	-5.6791666666666663	-0.13988095238095238	-5.6791666666666663	0	1	105	-3.1058285412302502	5.9958718202307253	-1	-12.105828541230251	4.9958718202307253	0.0	-5.5952380952380949	1	-1
0.11268877983093262	2	-0.13988095238095238	-5.6791666666666663	-0.13988095238095238	-5.6791666666666663	0	1	105	-3.1058285412302502	5.9958718202307253	-1	-12.105828541230251	4.9958718202307253	0.0	-5.5952380952380949	1	-1
0.12926077842712402	2	-0.13988095238095238	-5.6791666666666663	-0.13988095238095238	-5.6791666666666663	0	1	105	-3.1058285412302502	5.9958718202307253	-1	-12.105828541230251	4.9958718202307253	0.0	-5.5952380952380949	1	-1
0.14586997032165527	2	-0.13988095238095238	-5.6791666666666663	-0.13988095238095238	-5.6791666666666663	0	1	105	-3.1058285412302502	5.9958718202307253	-1	-12.105828541230251	4.9958718202307253	0.0	-5.5952380952380949	1	-1
0.16245079040527344	2	-0.13988095238095238	-5.6791666666666663	-0.13988095238095238	-5.6791666666666663	0	1	105	-3.1058285412302502	5.9958718202307253	-1	-12.105828541230251	4.9958718202307253	0.0	-5.5952380952380949	1	-1
0.17908477783203125	2	-0.13988095238095238	-5.6791666666666663	-0.13988095238095238	-5.6791666666666663	0	1	105	-3.1058285412302502	5.9958718202307253	-1	-12.105828541230251	4.9958718202307253	0.0	-5.5952380952380949	1	-1
0.19560694694519043	2	-0.13988095238095238	-5.6511904761904761	-0.13988095238095238	-5.6511904761904761	0	1	105	-3.1058285412302502	5.9958718202307253	-1	-12.105828541230251	4.9958718202307253	0.0	-5.5952380952380949	1	-1
0.212324857711792	2	-0.13988095238095238	-5.6511904761904761	-0.13988095238095238	-5.6511904761904761	0	1	105	-3.1058285412302502	5.9958718202307253	-1	-12.105828541230251	4.9958718202307253	0.0	-5.5952380952380949	1	-1
0.22884082794189453	2	-0.13988095238095238	-5.6511904761904761	-0.13988095238095238	-5.6511904761904761	0	1	105	-3.1058285412302502	5.9958718202307253	-1	-12.105828541230251	4.9958718202307253	0.0	-5.5952380952380949	1	-1
0.24519896507263184	2	-0.13988095238095238	-5.6511904761904761	-0.13988095238095238	-5.6511904761904761	0	1	105	-3.1058285412302502	5.9958718202307253	-1	-12.105828541230251	4.9958718202307253	0.0	-5.5952380952380949	1	-1
0.26177191734313965	2	-0.13988095238095238	-5.6511904761904761	-0.13988095238095238	-5.6511904761904761	0	1	105	-3.1058285412302502	5.9958718202307253	-1	-12.105828541230251	4.9958718202307253	0.0	-5.5952380952380949	1	-1
0.2783639430999756	2	-0.13988095238095238	-5.6511904761904761	-0.13988095238095238	-5.6511904761904761	0	1	105	-3.1058285412302502	5.9958718202307253	-1	-12.105828541230251	4.9958718202307253	0.0	-5.5952380952380949	1	-1
0.2949178218841553	2	-0.13988095238095238	-5.6511904761904761	-0.13988095238095238	-5.6511904761904761	0	1	105	-3.1058285412302502	5.9958718202307253	-1	-12.105828541230251	4.9958718202307253	0.0	-5.5952380952380949	1	-1
0.3116109371185303	2	-0.13988095238095238	-5.6511904761904761	-0.13988095238095238	-5.6511904761904761	0	1	105	-3.1058285412302502	5.9958718202307253	-1	-12.105828541230251	4.9958718202307253	0.0	-5.5952380952380949	1	-1
0.3281588554382324	2	-0.13988095238095238	-5.6511904761904761	-0.13988095238095238	-5.6511904761904761	0	1	105	-3.1058285412302502	5.9958718202307253	-1	-12.105828541230251	4.9958718202307253	0.0	-5.5952380952380949	1	-1
0.3447449207305908	2	-0.13988095238095238	-5.6511904761904761	-0.13988095238095238	-5.6511904761904761	0	1	105	-3.1058285412302502	5.9958718202307253	-1	-12.105828541230251	4.9958718202307253	0.0	-5.5952380952380949	1	-1
0.3613247871398926	2	-0.13988095238095238	-5.6511904761904761	-0.13988095238095238	-5.6511904761904761	0	1	105	-3.1058285412302502	5.9958718202307253	-1	-12.105828541230251	4.9958718202307253	0.0	-5.5952380952380949	1	-1
0.37798500061035156	2	-0.13988095238095238	-5.6511904761904761	-0.13988095238095238	-5.6511904761904761	0	1	105	-3.1058285412302502	5.9958718202307253	-1	-12.105828541230251	4.9958718202307253	0.0	-5.5952380952380949	1	-1
0.3945047855377197	2	-0.13988095238095238	-5.6511904761904761	-0.13988095238095238	-5.6511904761904761	0	1	105	-3.1058285412302502	5.9958718202307253	-1	-12.105828541230251	4.9958718202307253	0.0	-5.5952380952380949	1	-1
0.4114358425140381	2	-0.13988095238095238	-5.6511904761904761	-0.13988095238095238	-5.6511904761904761	0	1	105	-3.1058285412302502	5.9958718202307253	-1	-12.105828541230251	4.9958718202307253	0.0	-5.5952380952380949	1	-1
0.42797183990478516	2	-0.13988095238095238	-5.6511904761904761	-0.13988095238095238	-5.6511904761904761	0	1	105	-3.1058285412302502	5.9958718202307253	-1	-12.105828541230251	4.9958718202307253	0.0	-5.5952380952380949	1	-1
0.4446389675140381	2	-0.13988095238095238	-5.6511904761904761	-0.13988095238095238	-5.6511904761904761	0	1	105	-3.1058285412302502	5.9958718202307253	-1	-12.105828541230251	4.9958718202307253	0.0	-5.5952380952380949	1	-1
0.4611787796020508	2	-0.13988095238095238	-5.6232142857142859	-0.13988095238095238	-5.6232142857142859	0	1	105	-3.1058285412302502	5.9958718202307253	-1	-12.105828541230251	4.9958718202307253	0.0	-5.5952380952380949	1	-1
0.4777967929840088	2	-0.16785714285714284	-5.5392857142857146	-0.16785714285714284	-5.5392857142857146	0	1	105	-3.1058285412302502	5.9958718202307253	-1	-12.105828541230251	4.9958718202307253	0.0	-5.5952380952380949	1	-1
0.49436092376708984	2	-0.2517857142857143	-5.399404761904762	-0.25178571428571428	-5.399404761904762	0	1	105	-3.1058285412302502	5.9958718202307253	-1	-12.105828541230251	4.9958718202307253	0.0	-5.5952380952380949	1	-1
0.5109908580780029	2	-0.27976190476190477	-5.3154761904761907	-0.27976190476190477	-5.3154761904761907	0	1	105	-3.1058285412302502	5.9958718202307253	-1	-12.105828541230251	4.9958718202307253	0.0	-5.5952380952380949	1	-1
0.5274767875671387	2	-0.3636904761904762	-5.1755952380952381	-0.36369047619047618	-5.1755952380952381	0	1	105	-3.1058285412302502	5.9958718202307253	-1	-12.105828541230251	4.9958718202307253	0.0	-5.5952380952380949	1	-1
0.5441539287567139	2	-0.41964285714285715	-5.0916666666666668	-0.41964285714285715	-5.0916666666666668	0	1	105	-3.1058285412302502	5.9958718202307253	-1	-12.105828541230251	4.9958718202307253	0.0	-5.5952380952380949	1	-1
0.560715913772583	2	-0.5035714285714286	-4.895833333333333	-0.50357142857142856	-4.895833333333333	0	1	105	-3.1058285412302502	5.9958718202307253	-1	-12.105828541230251	4.9958718202307253	0.0	-5.5952380952380949	1	-1
0.5771358013153076	2	-0.6154761904761905	-4.7000000000000002	-0.61547619047619051	-4.7000000000000002	0	1	105	-3.1058285412302502	5.9958718202307253	-1	-12.105828541230251	4.9958718202307253	0.0	-5.5952380952380949	1	-1
0.5936658382415771	2	-0.6994047619047619	-4.4482142857142861	-0.69940476190476186	-4.4482142857142861	0	1	105	-3.1058285412302502	5.9958718202307253	-1	-12.105828541230251	4.9958718202307253	0.0	-5.5952380952380949	1	-1
0.610346794128418	2	-0.7553571428571428	-4.2803571428571425	-0.75535714285714284	-4.2803571428571425	0	1	105	-3.1058285412302502	5.9958718202307253	-1	-12.105828541230251	4.9958718202307253	0.0	-5.5952380952380949	1	-1
0.6268668174743652	2	-0.8952380952380953	-3.9726190476190477	-0.89523809523809528	-3.9726190476190477	0	1	105	-3.1058285412302502	5.9958718202307253	-1	-12.105828541230251	4.9958718202307253	0.0	-5.5952380952380949	1	-1
0.6434848308563232	2	-0.9511904761904761	-3.8047619047619046	-0.95119047619047614	-3.8047619047619046	0	1	105	-3.1058285412302502	5.9958718202307253	-1	-12.105828541230251	4.9958718202307253	0.0	-5.5952380952380949	1	-1
0.6600298881530762	2	-1.063095238095238	-3.4410714285714286	-1.0630952380952381	-3.4410714285714286	0	1	105	-3.1058285412302502	5.9958718202307253	-1	-12.105828541230251	4.9958718202307253	0.0	-5.5952380952380949	1	-1
0.6766409873962402	2	-1.2029761904761904	-3.049404761904762	-1.2029761904761904	-3.049404761904762	0	2	105	-3.1058285412302502	5.9958718202307253	-1	-12.105828541230251	4.9958718202307253	0.0	-5.5952380952380949	1	-1
0.6931819915771484	2	-1.3148809523809524	-2.6577380952380953	-1.3148809523809524	-2.6577380952380953	0	2	105	-3.1058285412302502	5.9958718202307253	-1	-12.105828541230251	4.9958718202307253	0.0	-5.5952380952380949	1	-1
0.7099018096923828	2	-1.3988095238095237	-2.461904761904762	-1.3988095238095237	-2.461904761904762	0	2	105	-3.1058285412302502	5.9958718202307253	-1	-12.105828541230251	4.9958718202307253	0.0	-5.5952380952380949	1	-1
0.7266948223114014	2	-1.5107142857142857	-2.0422619047619048	-1.5107142857142857	-2.0422619047619048	0	2	105	-3.1058285412302502	5.9958718202307253	-1	-12.105828541230251	4.9958718202307253	0.0	-5.5952380952380949	1	-1
0.743278980255127	2	-1.5666666666666667	-1.8464285714285715	-1.5666666666666667	-1.8464285714285715	0	2	105	-3.1058285412302502	5.9958718202307253	-1	-12.105828541230251	4.9958718202307253	0.0	-5.5952380952380949	1	-1
0.7598729133605957	2	-1.706547619047619	-1.3988095238095237	-1.706547619047619	-1.3988095238095237	0	2	105	-3.1058285412302502	5.9958718202307253	-1	-12.105828541230251	4.9958718202307253	0.0	-5.5952380952380949	1	-1
0.7765238285064697	2	-1.818452380952381	-0.95119047619047592	-1.8184523809523809	-0.95119047619047614	0	2	105	-3.1058285412302502	5.9958718202307253	-1	-12.105828541230251	4.9958718202307253	0.0	-5.5952380952380949	1	-1
0.7930288314819336	2	-1.874404761904762	-0.50357142857142811	-1.8744047619047619	-0.50357142857142856	0	2	105	-3.1058285412302502	5.9958718202307253	-1	-12.105828541230251	4.9958718202307253	0.0	-5.5952380952380949	1	-1
0.8097338676452637	2	-1.9303571428571429	-0.25178571428571406	-1.9303571428571429	-0.25178571428571428	0	2	105	-3.1058285412302502	5.9958718202307253	-1	-12.105828541230251	4.9958718202307253	0.0	-5.5952380952380949	1	-1
0.8262648582458496	2	-1.9863095238095239	0.2238095238095239	-1.9863095238095239	0.22380952380952382	0	2	105	-3.1058285412302502	5.9958718202307253	-1	-12.105828541230251	4.9958718202307253	0.0	-5.5952380952380949	1	-1
0.8428938388824463	2	-2.0142857142857142	0.44761904761904781	-2.0142857142857142	0.44761904761904764	0	2	105	-3.1058285412302502	5.9958718202307253	-1	-12.105828541230251	4.9958718202307253	0.0	-5.5952380952380949	1	-1
0.8593349456787109	2	-2.0702380952380954	0.89523809523809561	-2.0702380952380954	0.89523809523809528	0	2	105	-3.1058285412302502	5.9958718202307253	-1	-12.105828541230251	4.9958718202307253	0.0	-5.5952380952380949	1	-1
0.8760409355163574	2	-2.154166666666667	1.3148809523809524	-2.1541666666666668	1.3148809523809524	0	2	105	-3.1058285412302502	5.9958718202307253	-1	-12.105828541230251	4.9958718202307253	0.0	-5.5952380952380949	1	-1
0.8923189640045166	2	-2.182142857142857	1.5386904761904763	-2.1821428571428569	1.5386904761904763	0	2	105	-3.1058285412302502	5.9958718202307253	-1	-12.105828541230251	4.9958718202307253	0.0	-5.5952380952380949	1	-1
0.9090619087219238	2	-2.2660714285714287	1.9303571428571429	-2.2660714285714287	1.9303571428571429	0	2	105	-3.1058285412302502	5.9958718202307253	-1	-12.105828541230251	4.9958718202307253	0.0	-5.5952380952380949	1	-1
0.9255678653717041	2	-2.3220238095238095	2.2940476190476193	-2.3220238095238095	2.2940476190476189	0	2	105	-3.1058285412302502	5.9958718202307253	-1	-12.105828541230251	4.9958718202307253	0.0	-5.5952380952380949	1	-1
0.942147970199585	2	-2.3220238095238095	2.461904761904762	-2.3220238095238095	2.461904761904762	0	2	105	-3.1058285412302502	5.9958718202307253	-1	-12.105828541230251	4.9958718202307253	0.0	-5.5952380952380949	1	-1
0.9587337970733643	2	-2.405952380952381	2.8255952380952376	-2.4059523809523808	2.825595238095238	0	2	105	-3.1058285412302502	5.9958718202307253	-1	-12.105828541230251	4.9958718202307253	0.0	-5.5952380952380949	1	-1
0.9753689765930176	2	-2.461904761904762	3.1333333333333329	-2.461904761904762	3.1333333333333333	0	2	105	-3.1058285412302502	5.9958718202307253	-1	-12.105828541230251	4.9958718202307253	0.0	-5.5952380952380949	1	-1
0.9919297695159912	2	-2.517857142857143	3.2732142857142854	-2.5178571428571428	3.2732142857142859	0	2	105	-3.1058285412302502	5.9958718202307253	-1	-12.105828541230251	4.9958718202307253	0.0	-5.5952380952380949	1	-1
1.0085549354553223	2	-2.601785714285714	3.5529761904761905	-2.6017857142857141	3.5529761904761905	0	2	105	-3.1058285412302502	5.9958718202307253	-1	-12.105828541230251	4.9958718202307253	0.0	-5.5952380952380949	1	-1
1.0251247882843018	2	-2.713690476190476	3.8047619047619037	-2.7136904761904761	3.8047619047619046	0	2	105	-3.1058285412302502	5.9958718202307253	-1	-12.105828541230251	4.9958718202307253	0.0	-5.5952380952380949	1	-1
1.0417468547821045	2	-2.7696428571428573	3.9166666666666661	-2.7696428571428573	3.9166666666666665	0	2	105	-3.1058285412302502	5.9958718202307253	-1	-12.105828541230251	4.9958718202307253	0.0	-5.5952380952380949	1	-1
1.0585827827453613	2	-2.8815476190476192	4.1125000000000007	-2.8815476190476192	4.1124999999999998	0	2	105	-3.1058285412302502	5.9958718202307253	-1	-12.105828541230251	4.9958718202307253	0.0	-5.5952380952380949	1	-1
1.0751609802246094	2	-2.9654761904761906	4.3083333333333336	-2.9654761904761906	4.3083333333333336	0	2	105	-3.1058285412302502	5.9958718202307253	-1	-12.105828541230251	4.9958718202307253	0.0	-5.5952380952380949	1	-1
1.0917539596557617	2	-3.0214285714285714	4.4202380952380942	-3.0214285714285714	4.4202380952380951	0	2	105	-3.1058285412302502	5.9958718202307253	-1	-12.105828541230251	4.9958718202307253	0.0	-5.5952380952380949	1	-1
1.1083769798278809	2	-3.1053571428571427	4.6160714285714288	-3.1053571428571427	4.6160714285714288	0	2	105	-3.1058285412302502	5.9958718202307253	-1	-12.105828541230251	4.9958718202307253	0.0	-5.5952380952380949	1	-1
1.124952793121338	2	-3.1892857142857145	4.7839285714285715	-3.1892857142857145	4.7839285714285715	0	2	105	-3.1058285412302502	5.9958718202307253	-1	-12.105828541230251	4.9958718202307253	0.0	-5.5952380952380949	1	-1
1.1415579319000244	2	-3.2172619047619047	4.8398809523809518	-3.2172619047619047	4.8398809523809527	0	2	105	-3.1058285412302502	5.9958718202307253	-1	-12.105828541230251	4.9958718202307253	0.0	-5.5952380952380949	1	-1
1.1581737995147705	2	-3.273214285714286	5.0077380952380963	-3.2732142857142859	5.0077380952380954	0	2	105	-3.1058285412302502	5.9958718202307253	-1	-12.105828541230251	4.9958718202307253	0.0	-5.5952380952380949	1	-1
1.1747658252716064	2	-3.3291666666666666	5.1196428571428569	-3.3291666666666666	5.1196428571428569	0	2	105	-3.1058285412302502	5.9958718202307253	-1	-12.105828541230251	4.9958718202307253	0.0	-5.5952380952380949	1	-1
1.1911919116973877	2	-3.357142857142857	5.1476190476190489	-3.3571428571428572	5.147619047619048	0	2	105	-3.1058285412302502	5.9958718202307253	-1	-12.105828541230251	4.9958718202307253	0.0	-5.5952380952380949	1	-1
1.2079248428344727	2	-3.385119047619048	5.2315476190476193	-3.3851190476190478	5.2315476190476193	0	2	105	-3.1058285412302502	5.9958718202307253	-1	-12.105828541230251	4.9958718202307253	0.0	-5.5952380952380949	1	-1
1.2242958545684814	2	-3.385119047619048	5.2595238095238095	-3.3851190476190478	5.2595238095238095	0	2	105	-3.1058285412302502	5.9958718202307253	-1	-12.105828541230251	4.9958718202307253	0.0	-5.5952380952380949	1	-1
1.2408487796783447	2	-3.413095238095238	5.3154761904761898	-3.413095238095238	5.3154761904761907	0	2	105	-3.1058285412302502	5.9958718202307253	-1	-12.105828541230251	4.9958718202307253	0.0	-5.5952380952380949	1	-1
1.2574479579925537	2	-3.413095238095238	5.3154761904761898	-3.413095238095238	5.3154761904761907	0	2	105	-3.1058285412302502	5.9958718202307253	-1	-12.105828541230251	4.9958718202307253	0.0	-5.5952380952380949	1	-1
1.274014949798584	2	-3.413095238095238	5.3154761904761898	-3.413095238095238	5.3154761904761907	0	2	105	-3.1058285412302502	5.9958718202307253	-1	-12.105828541230251	4.9958718202307253	0.0	-5.5952380952380949	1	-1
1.2906279563903809	2	-3.413095238095238	5.3154761904761898	-3.413095238095238	5.3154761904761907	0	2	105	-3.1058285412302502	5.9958718202307253	-1	-12.105828541230251	4.9958718202307253	0.0	-5.5952380952380949	1	-1
1.3072268962860107	2	-3.4410714285714286	5.3154761904761898	-3.4410714285714286	5.3154761904761907	0	2	105	-3.1058285412302502	5.9958718202307253	-1	-12.105828541230251	4.9958718202307253	0.0	-5.5952380952380949	1	-1
1.3238589763641357	2	-3.4410714285714286	5.3154761904761898	-3.4410714285714286	5.3154761904761907	0	2	105	-3.1058285412302502	5.9958718202307253	-1	-12.105828541230251	4.9958718202307253	0.0	-5.5952380952380949	1	-1
1.340397834777832	2	-3.4410714285714286	5.3154761904761898	-3.4410714285714286	5.3154761904761907	0	2	105	-3.1058285412302502	5.9958718202307253	-1	-12.105828541230251	4.9958718202307253	0.0	-5.5952380952380949	1	-1
1.3569388389587402	2	-3.4410714285714286	5.3154761904761898	-3.4410714285714286	5.3154761904761907	0	2	105	-3.1058285412302502	5.9958718202307253	-1	-12.105828541230251	4.9958718202307253	0.0	-5.5952380952380949	1	-1
1.3739008903503418	2	-3.4410714285714286	5.3154761904761898	-3.4410714285714286	5.3154761904761907	0	2	105	-3.1058285412302502	5.9958718202307253	-1	-12.105828541230251	4.9958718202307253	0.0	-5.5952380952380949	1	-1
1.3904697895050049	2	-3.4410714285714286	5.3154761904761898	-3.4410714285714286	5.3154761904761907	0	2	105	-3.1058285412302502	5.9958718202307253	-1	-12.105828541230251	4.9958718202307253	0.0	-5.5952380952380949	1	-1
1.4070289134979248	2	-3.4410714285714286	5.3154761904761898	-3.4410714285714286	5.3154761904761907	0	2	105	-3.1058285412302502	5.9958718202307253	-1	-12.105828541230251	4.9958718202307253	0.0	-5.5952380952380949	1	-1
1.4237117767333984	2	-3.4410714285714286	5.3154761904761898	-3.4410714285714286	5.3154761904761907	0	2	105	-3.1058285412302502	5.9958718202307253	-1	-12.105828541230251	4.9958718202307253	0.0	-5.5952380952380949	1	-1
1.440262794494629	2	-3.4410714285714286	5.3154761904761898	-3.4410714285714286	5.3154761904761907	0	2	105	-3.1058285412302502	5.9958718202307253	-1	-12.105828541230251	4.9958718202307253	0.0	-5.5952380952380949	1	-1
1.4567999839782715	2	-3.4410714285714286	5.3154761904761898	-3.4410714285714286	5.3154761904761907	0	3	105	-3.1058285412302502	5.9958718202307253	-1	-12.105828541230251	4.9958718202307253	0.0	-5.5952380952380949	1	-1
1.4734017848968506	2	-3.4410714285714286	5.3154761904761898	-3.4410714285714286	5.3154761904761907	0	4	105	-3.1058285412302502	5.9958718202307253	-1	-12.105828541230251	4.9958718202307253	0.0	-5.5952380952380949	1	-1
1.4900188446044922	2	-3.4690476190476192	5.3154761904761898	-3.4690476190476192	5.3434523809523808	0	4	105	-3.1058285412302502	5.9958718202307253	-1	-12.105828541230251	4.9958718202307253	0.0	-5.5952380952380949	1	-1
1.5066227912902832	2	-3.5249999999999999	5.3154761904761898	-3.5249999999999999	5.3434523809523808	0	4	105	-3.1058285412302502	5.9958718202307253	-1	-12.105828541230251	4.9958718202307253	0.0	-5.5952380952380949	1	-1
1.5232458114624023	2	-3.5249999999999999	5.3154761904761898	-3.5249999999999999	5.3434523809523808	0	4	105	-3.1058285412302502	5.9958718202307253	-1	-12.105828541230251	4.9958718202307253	0.0	-5.5952380952380949	1	-1
1.5395429134368896	2	-3.5529761904761905	5.3154761904761898	-3.5529761904761905	5.371428571428571	0	4	105	-3.1058285412302502	5.9958718202307253	-1	-12.105828541230251	4.9958718202307253	0.0	-5.5952380952380949	1	-1
1.5561168193817139	2	-3.5809523809523811	5.3154761904761898	-3.5809523809523811	5.371428571428571	0	4	105	-3.1058285412302502	5.9958718202307253	-1	-12.105828541230251	4.9958718202307253	0.0	-5.5952380952380949	1	-1
1.572746992111206	2	-3.5809523809523811	5.3154761904761898	-3.5809523809523811	5.371428571428571	0	4	105	-3.1058285412302502	5.9958718202307253	-1	-12.105828541230251	4.9958718202307253	0.0	-5.5952380952380949	1	-1
1.589310884475708	2	-3.5809523809523811	5.3154761904761898	-3.5809523809523811	5.371428571428571	0	4	105	-3.1058285412302502	5.9958718202307253	-1	-12.105828541230251	4.9958718202307253	0.0	-5.5952380952380949	1	-1
1.6058778762817383	2	-3.5809523809523811	5.3154761904761898	-3.5809523809523811	5.371428571428571	0	4	105	-3.1058285412302502	5.9958718202307253	-1	-12.105828541230251	4.9958718202307253	0.0	-5.5952380952380949	1	-1
1.622588872909546	2	-3.5809523809523811	5.3154761904761898	-3.5809523809523811	5.371428571428571	0	4	105	-3.1058285412302502	5.9958718202307253	-1	-12.105828541230251	4.9958718202307253	0.0	-5.5952380952380949	1	-1
1.6391358375549316	2	-3.5809523809523811	5.3154761904761898	-3.5809523809523811	5.371428571428571	0	4	105	-3.1058285412302502	5.9958718202307253	-1	-12.105828541230251	4.9958718202307253	0.0	-5.5952380952380949	1	-1
1.6556899547576904	2	-3.5809523809523811	5.3154761904761898	-3.5809523809523811	5.371428571428571	0	4	105	-3.1058285412302502	5.9958718202307253	-1	-12.105828541230251	4.9958718202307253	0.0	-5.5952380952380949	1	-1
1.6722729206085205	2	-3.5809523809523811	5.3154761904761898	-3.5809523809523811	5.371428571428571	0	4	105	-3.1058285412302502	5.9958718202307253	-1	-12.105828541230251	4.9958718202307253	0.0	-5.5952380952380949	1	-1
1.6888518333435059	2	-3.5809523809523811	5.3154761904761898	-3.5809523809523811	5.371428571428571	0	4	105	-3.1058285412302502	5.9958718202307253	-1	-12.105828541230251	4.9958718202307253	0.0	-5.5952380952380949	1	-1
1.7057747840881348	2	-3.5809523809523811	5.3154761904761898	-3.5809523809523811	5.371428571428571	0	4	105	-3.1058285412302502	5.9958718202307253	-1	-12.105828541230251	4.9958718202307253	0.0	-5.5952380952380949	1	-1
1.7224338054656982	2	-3.5809523809523811	5.3154761904761898	-3.5809523809523811	5.371428571428571	0	4	105	-3.1058285412302502	5.9958718202307253	-1	-12.105828541230251	4.9958718202307253	0.0	-5.5952380952380949	1	-1
1.738921880722046	2	-3.5809523809523811	5.3154761904761898	-3.5809523809523811	5.3434523809523808	0	4	105	-3.1058285412302502	5.9958718202307253	-1	-12.105828541230251	4.9958718202307253	0.0	-5.5952380952380949	1	-1
1.7555179595947266	2	-3.5809523809523811	5.3154761904761898	-3.5809523809523811	5.3434523809523808	0	4	105	-3.1058285412302502	5.9958718202307253	-1	-12.105828541230251	4.9958718202307253	0.0	-5.5952380952380949	1	-1
1.7721598148345947	2	-3.7208333333333332	5.3154761904761898	-3.7208333333333332	5.371428571428571	0	4	105	-3.1058285412302502	5.9958718202307253	-1	-12.105828541230251	4.9958718202307253	0.0	-5.5952380952380949	1	-1
1.7887067794799805	2	-4.1404761904761909	5.3154761904761898	-4.1404761904761909	5.3434523809523808	0	4	105	-3.1058285412302502	5.9958718202307253	-1	-12.105828541230251	4.9958718202307253	0.0	-5.5952380952380949	1	-1
1.8053028583526611	2	-4.7839285714285715	5.3154761904761898	-4.7839285714285715	5.2874999999999996	0	4	105	-3.1058285412302502	5.9958718202307253	-1	-12.105828541230251	4.9958718202307253	0.0	-5.5952380952380949	1	-1
1.8219048976898193	2	-5.1755952380952381	5.3154761904761898	-5.1755952380952381	5.2315476190476193	0	4	105	-3.1058285412302502	5.9958718202307253	-1	-12.105828541230251	4.9958718202307253	0.0	-5.5952380952380949	1	-1
1.8384838104248047	2	-6.0988095238095239	5.3154761904761898	-6.0988095238095239	5.0916666666666668	0	4	105	-3.1058285412302502	5.9958718202307253	-1	-12.105828541230251	4.9958718202307253	0.0	-5.5952380952380949	1	-1
1.8549249172210693	2	-6.5744047619047619	5.3154761904761898	-6.5744047619047619	5.0077380952380954	0	4	105	-3.1058285412302502	5.9958718202307253	-1	-12.105828541230251	4.9958718202307253	0.0	-5.5952380952380949	1	-1
1.8716719150543213	2	-7.6375000000000002	5.3154761904761898	-7.6375000000000002	4.8678571428571429	0	4	105	-3.1058285412302502	5.9958718202307253	-1	-12.105828541230251	4.9958718202307253	0.0	-5.5952380952380949	1	-1
1.888273000717163	2	-8.8404761904761902	5.3154761904761898	-8.8404761904761902	4.6720238095238091	0	4	105	-3.1058285412302502	5.9958718202307253	-1	-12.105828541230251	4.9958718202307253	0.0	-5.5952380952380949	1	-1
1.9048349857330322	2	-10.183333333333334	5.3154761904761898	-10.183333333333334	4.4202380952380951	0	4	105	-3.1058285412302502	5.9958718202307253	-1	-12.105828541230251	4.9958718202307253	0.0	-5.5952380952380949	1	-1
1.9214529991149902	2	-10.854761904761904	5.3154761904761898	-10.854761904761904	4.2803571428571425	0	4	105	-3.1058285412302502	5.9958718202307253	-1	-12.105828541230251	4.9958718202307253	0.0	-5.5952380952380949	1	-1
1.938072919845581	2	-12.141666666666667	5.3154761904761898	-12.141666666666667	4.0005952380952383	0	4	105	-3.1058285412302502	5.9958718202307253	-1	-12.105828541230251	4.9958718202307253	0.0	-5.5952380952380949	1	-1
1.9546079635620117	2	-12.757142857142858	5.3154761904761898	-12.757142857142858	3.8607142857142858	0	4	105	-3.1058285412302502	5.9958718202307253	-1	-12.105828541230251	4.9958718202307253	0.0	-5.5952380952380949	1	-1
1.9712188243865967	2	-13.848214285714286	3.6089285714285708	-13.848214285714286	3.6089285714285713	0	4	105	-3.1058285412302502	5.9958718202307253	-1	-12.105828541230251	4.9958718202307253	0.0	-5.5952380952380949	1	-1
1.9877879619598389	2	-14.799404761904762	3.3851190476190478	-14.799404761904762	3.3851190476190478	0	4	105	-3.1058285412302502	5.9958718202307253	-1	-12.105828541230251	4.9958718202307253	0.0	-5.5952380952380949	1	-1
2.004431962966919	2	-15.191071428571428	3.2732142857142854	-15.191071428571428	3.2732142857142859	0	4	105	-3.1058285412302502	5.9958718202307253	-1	-12.105828541230251	4.9958718202307253	0.0	-5.5952380952380949	1	-1
2.0207369327545166	2	-15.8625	3.1053571428571427	-15.862500000000001	3.1053571428571427	0	4	105	-3.1058285412302502	5.9958718202307253	-1	-12.105828541230251	4.9958718202307253	0.0	-5.5952380952380949	1	-1
2.037381887435913	2	-16.254166666666666	2.9934523809523803	-16.254166666666666	2.9934523809523808	0	5	105	-3.1058285412302502	5.9958718202307253	-1	-12.105828541230251	4.9958718202307253	0.0	-5.5952380952380949	1	-1
2.0539088249206543	2	-16.39404761904762	2.9375	-16.394047619047619	2.9375	0	5	105	-3.1058285412302502	5.9958718202307253	-1	-12.105828541230251	4.9958718202307253	0.0	-5.5952380952380949	1	-1
2.0706088542938232	2	-16.47797619047619	2.9095238095238098	-16.477976190476191	2.9095238095238094	0	5	105	-3.1058285412302502	5.9958718202307253	-1	-12.105828541230251	4.9958718202307253	0.0	-5.5952380952380949	1	-1
2.087106943130493	2	-16.47797619047619	2.9095238095238098	-16.477976190476191	2.9095238095238094	0	5	105	-3.1058285412302502	5.9958718202307253	-1	-12.105828541230251	4.9958718202307253	0.0	-5.5952380952380949	1	-1
2.103749990463257	2	-16.47797619047619	2.9095238095238098	-16.477976190476191	2.9095238095238094	0	5	105	-3.1058285412302502	5.9958718202307253	-1	-12.105828541230251	4.9958718202307253	0.0	-5.5952380952380949	1	-1
2.120330810546875	2	-16.39404761904762	2.8255952380952376	-16.394047619047619	2.825595238095238	0	5	105	-3.1058285412302502	5.9958718202307253	-1	-12.105828541230251	4.9958718202307253	0.0	-5.5952380952380949	1	-1
2.136915922164917	2	-16.170238095238094	2.6857142857142851	-16.170238095238094	2.6857142857142855	0	5	105	-3.1058285412302502	5.9958718202307253	-1	-12.105828541230251	4.9958718202307253	0.0	-5.5952380952380949	1	-1
2.153470993041992	2	-16.03035714285714	2.6017857142857146	-16.030357142857142	2.6017857142857141	0	5	105	-3.1058285412302502	5.9958718202307253	-1	-12.105828541230251	4.9958718202307253	0.0	-5.5952380952380949	1	-1
2.1701319217681885	2	-15.694642857142858	2.4059523809523817	-15.694642857142858	2.4059523809523808	0	5	105	-3.1058285412302502	5.9958718202307253	-1	-12.105828541230251	4.9958718202307253	0.0	-5.5952380952380949	1	-1
2.1867008209228516	2	-15.24702380952381	2.2101190476190471	-15.24702380952381	2.2101190476190475	0	5	105	-3.1058285412302502	5.9958718202307253	-1	-12.105828541230251	4.9958718202307253	0.0	-5.5952380952380949	1	-1
2.203326940536499	2	-14.995238095238095	2.0982142857142856	-14.995238095238095	2.0982142857142856	0	5	105	-3.1058285412302502	5.9958718202307253	-1	-12.105828541230251	4.9958718202307253	0.0	-5.5952380952380949	1	-1
2.219874858856201	2	-14.407738095238095	1.9023809523809518	-14.407738095238095	1.9023809523809523	0	5	105	-3.1058285412302502	5.9958718202307253	-1	-12.105828541230251	4.9958718202307253	0.0	-5.5952380952380949	1	-1
2.2365529537200928	2	-13.792261904761904	1.6785714285714288	-13.792261904761904	1.6785714285714286	0	5	105	-3.1058285412302502	5.9958718202307253	-1	-12.105828541230251	4.9958718202307253	0.0	-5.5952380952380949	1	-1
2.25302791595459	2	-13.456547619047619	1.5666666666666664	-13.456547619047619	1.5666666666666667	0	5	105	-3.1058285412302502	5.9958718202307253	-1	-12.105828541230251	4.9958718202307253	0.0	-5.5952380952380949	1	-1
2.26967191696167	2	-12.813095238095238	1.3428571428571425	-12.813095238095238	1.3428571428571427	0	5	105	-3.1058285412302502	5.9958718202307253	-1	-12.105828541230251	4.9958718202307253	0.0	-5.5952380952380949	1	-1
2.2862370014190674	2	-12.085714285714285	1.0910714285714285	-12.085714285714285	1.0910714285714285	0	5	105	-3.1058285412302502	5.9958718202307253	-1	-12.105828541230251	4.9958718202307253	0.0	-5.5952380952380949	1	-1
2.3028788566589355	2	-11.72202380952381	0.97916666666666696	-11.72202380952381	0.97916666666666663	0	5	105	-3.1058285412302502	5.9958718202307253	-1	-12.105828541230251	4.9958718202307253	0.0	-5.5952380952380949	1	-1
2.3194668292999268	2	-10.910714285714286	0.72738095238095202	-10.910714285714286	0.72738095238095235	0	5	105	-3.1058285412302502	5.9958718202307253	-1	-12.105828541230251	4.9958718202307253	0.0	-5.5952380952380949	1	-1
2.336113929748535	2	-10.491071428571429	0.61547619047619051	-10.491071428571429	0.61547619047619051	0	5	105	-3.1058285412302502	5.9958718202307253	-1	-12.105828541230251	4.9958718202307253	0.0	-5.5952380952380949	1	-1
2.3528928756713867	2	-9.623809523809523	0.36369047619047645	-9.6238095238095234	0.36369047619047618	0	5	105	-3.1058285412302502	5.9958718202307253	-1	-12.105828541230251	4.9958718202307253	0.0	-5.5952380952380949	1	-1
2.369511842727661	2	-8.728571428571428	0.11190476190476151	-8.7285714285714278	0.11190476190476191	0	5	105	-3.1058285412302502	5.9958718202307253	-1	-12.105828541230251	4.9958718202307253	0.0	-5.5952380952380949	1	-1
2.386072874069214	2	-7.805357142857143	-0.1678571428571427	-7.8053571428571429	-0.16785714285714284	0	5	105	-3.1058285412302502	5.9958718202307253	-1	-12.105828541230251	4.9958718202307253	0.0	-5.5952380952380949	1	-1
2.402594804763794	2	-7.357738095238095	-0.30773809523809526	-7.3577380952380951	-0.30773809523809526	0	5	105	-3.1058285412302502	5.9958718202307253	-1	-12.105828541230251	4.9958718202307253	0.0	-5.5952380952380949	1	-1
2.4192698001861572	2	-6.434523809523809	-0.58750000000000036	-6.4345238095238093	-0.58750000000000002	0	5	105	-3.1058285412302502	5.9958718202307253	-1	-12.105828541230251	4.9958718202307253	0.0	-5.5952380952380949	1	-1
2.435925006866455	2	-5.958928571428571	-0.69940476190476186	-5.9589285714285714	-0.69940476190476186	0	5	105	-3.1058285412302502	5.9958718202307253	-1	-12.105828541230251	4.9958718202307253	0.0	-5.5952380952380949	1	-1
2.4524970054626465	2	-5.035714285714286	-0.97916666666666696	-5.0357142857142856	-0.97916666666666663	0	5	105	-3.1058285412302502	5.9958718202307253	-1	-12.105828541230251	4.9958718202307253	0.0	-5.5952380952380949	1	-1
2.4690499305725098	2	-4.168452380952381	-1.230952380952381	-4.168452380952381	-1.230952380952381	0	5	105	-3.1058285412302502	5.9958718202307253	-1	-12.105828541230251	4.9958718202307253	0.0	-5.5952380952380949	1	-1
2.4856209754943848	2	-3.748809523809524	-1.3708333333333336	-3.7488095238095238	-1.3708333333333333	0	5	105	-3.1058285412302502	5.9958718202307253	-1	-12.105828541230251	4.9958718202307253	0.0	-5.5952380952380949	1	-1
2.5022737979888916	2	-2.9375	-1.6505952380952378	-2.9375	-1.650595238095238	0	5	105	-3.1058285412302502	5.9958718202307253	-1	-12.105828541230251	4.9958718202307253	0.0	-5.5952380952380949	1	-1
2.518622875213623	2	-2.2101190476190475	-1.958333333333333	-2.2101190476190475	-1.9583333333333333	0	5	105	-3.1058285412302502	5.9958718202307253	-1	-12.105828541230251	4.9958718202307253	0.0	-5.5952380952380949	1	-1
2.5352988243103027	2	-1.874404761904762	-2.0982142857142856	-1.8744047619047619	-2.0982142857142856	0	5	105	-3.1058285412302502	5.9958718202307253	-1	-12.105828541230251	4.9958718202307253	0.0	-5.5952380952380949	1	-1
2.551764965057373	2	-1.2589285714285714	-2.4059523809523808	-1.2589285714285714	-2.4059523809523808	0	5	105	-3.1058285412302502	5.9958718202307253	-1	-12.105828541230251	4.9958718202307253	0.0	-5.5952380952380949	1	-1
2.568394899368286	2	-0.7273809523809524	-2.7416666666666667	-0.72738095238095235	-2.7416666666666667	0	5	105	-3.1058285412302502	5.9958718202307253	-1	-12.105828541230251	4.9958718202307253	0.0	-5.5952380952380949	1	-1
2.5849149227142334	2	-0.5035714285714286	-2.9095238095238094	-0.50357142857142856	-2.9095238095238094	0	5	105	-3.1058285412302502	5.9958718202307253	-1	-12.105828541230251	4.9958718202307253	0.0	-5.5952380952380949	1	-1
2.601573944091797	2	-0.16785714285714284	-3.2732142857142859	-0.16785714285714284	-3.2732142857142859	0	5	105	-3.1058285412302502	5.9958718202307253	-1	-12.105828541230251	4.9958718202307253	0.0	-5.5952380952380949	1	-1
2.6181139945983887	2	0.055952380952380955	-3.6928571428571431	0.055952380952380955	-3.6928571428571431	0	5	105	-3.1058285412302502	5.9958718202307253	-1	-12.105828541230251	4.9958718202307253	0.0	-5.5952380952380949	1	-1
2.6348369121551514	2	0.13988095238095238	-3.9166666666666665	0.13988095238095238	-3.9166666666666665	0	5	105	-3.1058285412302502	5.9958718202307253	-1	-12.105828541230251	4.9958718202307253	0.0	-5.5952380952380949	1	-1
2.651348829269409	2	0.22380952380952382	-4.3083333333333336	0.22380952380952382	-4.3083333333333336	0	5	105	-3.1058285412302502	5.9958718202307253	-1	-12.105828541230251	4.9958718202307253	0.0	-5.5952380952380949	1	-1
2.6681978702545166	2	0.2517857142857143	-4.5321428571428575	0.25178571428571428	-4.5321428571428575	0	5	105	-3.1058285412302502	5.9958718202307253	-1	-12.105828541230251	4.9958718202307253	0.0	-5.5952380952380949	1	-1
2.684776782989502	2	0.27976190476190477	-4.9238095238095241	0.27976190476190477	-4.9238095238095241	0	5	105	-3.1058285412302502	5.9958718202307253	-1	-12.105828541230251	4.9958718202307253	0.0	-5.5952380952380949	1	-1
2.701442003250122	2	0.2517857142857143	-5.2874999999999996	0.25178571428571428	-5.2874999999999996	0	5	105	-3.1058285412302502	5.9958718202307253	-1	-12.105828541230251	4.9958718202307253	0.0	-5.5952380952380949	1	-1
