time	trial	cursorx	cursory	hand_x	hand_Y	rotation	step	targetangle	targetposx	targetposy	garagelocation	garageposx	garageposy	homex	homey	group	trial_type
0.0	0	0.6154761904761905	-4.8678571428571429	0.61547619047619051	-4.8678571428571429	0	5	105	-3.1058285412302502	5.9958718202307253	-1	-12.105828541230251	4.9958718202307253	0.0	-5.5952380952380949	1	-1
0.01093602180480957	0	0.6154761904761905	-4.8678571428571429	0.61547619047619051	-4.8678571428571429	0	1	105	-3.1058285412302502	5.9958718202307253	-1	-12.105828541230251	4.9958718202307253	0.0	-5.5952380952380949	1	-1
0.02784895896911621	0	0.5035714285714286	-4.8119047619047617	0.50357142857142856	-4.8119047619047617	0	1	105	-3.1058285412302502	5.9958718202307253	-1	-12.105828541230251	4.9958718202307253	0.0	-5.5952380952380949	1	-1
0.04434084892272949	0	-0.19583333333333333	-4.5880952380952378	-0.19583333333333333	-4.5880952380952378	0	1	105	-3.1058285412302502	5.9958718202307253	-1	-12.105828541230251	4.9958718202307253	0.0	-5.5952380952380949	1	-1
0.060971975326538086	0	-0.8113095238095238	-4.3083333333333336	-0.81130952380952381	-4.3083333333333336	0	1	105	-3.1058285412302502	5.9958718202307253	-1	-12.105828541230251	4.9958718202307253	0.0	-5.5952380952380949	1	-1
0.07757186889648438	0	-0.8113095238095238	-4.3083333333333336	-0.81130952380952381	-4.3083333333333336	0	1	105	-3.1058285412302502	5.9958718202307253	-1	-12.105828541230251	4.9958718202307253	0.0	-5.5952380952380949	1	-1
0.09422087669372559	0	-0.8113095238095238	-4.3083333333333336	-0.81130952380952381	-4.3083333333333336	0	1	105	-3.1058285412302502	5.9958718202307253	-1	-12.105828541230251	4.9958718202307253	0.0	-5.5952380952380949	1	-1
0.11072587966918945	0	-0.8113095238095238	-4.3083333333333336	-0.81130952380952381	-4.3083333333333336	0	1	105	-3.1058285412302502	5.9958718202307253	-1	-12.105828541230251	4.9958718202307253	0.0	-5.5952380952380949	1	-1
0.12735891342163086	0	0.6154761904761905	-4.8678571428571429	0.61547619047619051	-4.8678571428571429	0	1	105	-3.1058285412302502	5.9958718202307253	-1	-12.105828541230251	4.9958718202307253	0.0	-5.5952380952380949	1	-1
0.14392685890197754	0	0.6154761904761905	-4.8678571428571429	0.61547619047619051	-4.8678571428571429	0	1	105	-3.1058285412302502	5.9958718202307253	-1	-12.105828541230251	4.9958718202307253	0.0	-5.5952380952380949	1	-1
0.16057300567626953	0	0.6154761904761905	-4.8678571428571429	0.61547619047619051	-4.8678571428571429	0	1	105	-3.1058285412302502	5.9958718202307253	-1	-12.105828541230251	4.9958718202307253	0.0	-5.5952380952380949	1	-1
0.17711091041564941	0	0.6154761904761905	-4.8678571428571429	0.61547619047619051	-4.8678571428571429	0	1	105	-3.1058285412302502	5.9958718202307253	-1	-12.105828541230251	4.9958718202307253	0.0	-5.5952380952380949	1	-1
0.19379091262817383	0	0.6154761904761905	-4.8678571428571429	0.61547619047619051	-4.8678571428571429	0	1	105	-3.1058285412302502	5.9958718202307253	-1	-12.105828541230251	4.9958718202307253	0.0	-5.5952380952380949	1	-1
0.2100839614868164	0	0.6154761904761905	-4.8678571428571429	0.61547619047619051	-4.8678571428571429	0	1	105	-3.1058285412302502	5.9958718202307253	-1	-12.105828541230251	4.9958718202307253	0.0	-5.5952380952380949	1	-1
0.2267169952392578	0	0.6154761904761905	-4.8678571428571429	0.61547619047619051	-4.8678571428571429	0	1	105	-3.1058285412302502	5.9958718202307253	-1	-12.105828541230251	4.9958718202307253	0.0	-5.5952380952380949	1	-1
0.24324297904968262	0	0.6154761904761905	-4.8678571428571429	0.61547619047619051	-4.8678571428571429	0	1	105	-3.1058285412302502	5.9958718202307253	-1	-12.105828541230251	4.9958718202307253	0.0	-5.5952380952380949	1	-1
0.259868860244751	0	0.6154761904761905	-4.8678571428571429	0.61547619047619051	-4.8678571428571429	0	1	105	-3.1058285412302502	5.9958718202307253	-1	-12.105828541230251	4.9958718202307253	0.0	-5.5952380952380949	1	-1
0.2764439582824707	0	0.6154761904761905	-4.8678571428571429	0.61547619047619051	-4.8678571428571429	0	1	105	-3.1058285412302502	5.9958718202307253	-1	-12.105828541230251	4.9958718202307253	0.0	-5.5952380952380949	1	-1
0.2932009696960449	0	0.6154761904761905	-4.8678571428571429	0.61547619047619051	-4.8678571428571429	0	1	105	-3.1058285412302502	5.9958718202307253	-1	-12.105828541230251	4.9958718202307253	0.0	-5.5952380952380949	1	-1
0.30977296829223633	0	0.6154761904761905	-4.8678571428571429	0.61547619047619051	-4.8678571428571429	0	1	105	-3.1058285412302502	5.9958718202307253	-1	-12.105828541230251	4.9958718202307253	0.0	-5.5952380952380949	1	-1
0.3263869285583496	0	0.6154761904761905	-4.8678571428571429	0.61547619047619051	-4.8678571428571429	0	1	105	-3.1058285412302502	5.9958718202307253	-1	-12.105828541230251	4.9958718202307253	0.0	-5.5952380952380949	1	-1
0.343005895614624	0	0.6154761904761905	-4.8678571428571429	0.61547619047619051	-4.8678571428571429	0	1	105	-3.1058285412302502	5.9958718202307253	-1	-12.105828541230251	4.9958718202307253	0.0	-5.5952380952380949	1	-1
0.35991692543029785	0	0.6714285714285714	-4.9238095238095241	0.67142857142857137	-4.9238095238095241	0	1	105	-3.1058285412302502	5.9958718202307253	-1	-12.105828541230251	4.9958718202307253	0.0	-5.5952380952380949	1	-1
0.37644195556640625	0	0.7553571428571428	-5.0077380952380954	0.75535714285714284	-5.0077380952380954	0	1	105	-3.1058285412302502	5.9958718202307253	-1	-12.105828541230251	4.9958718202307253	0.0	-5.5952380952380949	1	-1
0.3931248188018799	0	0.8113095238095238	-5.0636904761904766	0.81130952380952381	-5.0636904761904766	0	1	105	-3.1058285412302502	5.9958718202307253	-1	-12.105828541230251	4.9958718202307253	0.0	-5.5952380952380949	1	-1
0.40970396995544434	0	0.8672619047619048	-5.1196428571428569	0.86726190476190479	-5.1196428571428569	0	1	105	-3.1058285412302502	5.9958718202307253	-1	-12.105828541230251	4.9958718202307253	0.0	-5.5952380952380949	1	-1
0.42627692222595215	0	0.8672619047619048	-5.147619047619048	0.86726190476190479	-5.147619047619048	0	1	105	-3.1058285412302502	5.9958718202307253	-1	-12.105828541230251	4.9958718202307253	0.0	-5.5952380952380949	1	-1
0.4427800178527832	0	0.8672619047619048	-5.147619047619048	0.86726190476190479	-5.147619047619048	0	1	105	-3.1058285412302502	5.9958718202307253	-1	-12.105828541230251	4.9958718202307253	0.0	-5.5952380952380949	1	-1
0.45946788787841797	0	0.8392857142857143	-5.1755952380952381	0.8392857142857143	-5.1755952380952381	0	1	105	-3.1058285412302502	5.9958718202307253	-1	-12.105828541230251	4.9958718202307253	0.0	-5.5952380952380949	1	-1
0.4759960174560547	0	0.8113095238095238	-5.1755952380952381	0.81130952380952381	-5.1755952380952381	0	1	105	-3.1058285412302502	5.9958718202307253	-1	-12.105828541230251	4.9958718202307253	0.0	-5.5952380952380949	1	-1
0.49271082878112793	0	0.7273809523809524	-5.2315476190476193	0.72738095238095235	-5.2315476190476193	0	1	105	-3.1058285412302502	5.9958718202307253	-1	-12.105828541230251	4.9958718202307253	0.0	-5.5952380952380949	1	-1
0.5092658996582031	0	0.6714285714285714	-5.2595238095238095	0.67142857142857137	-5.2595238095238095	0	1	105	-3.1058285412302502	5.9958718202307253	-1	-12.105828541230251	4.9958718202307253	0.0	-5.5952380952380949	1	-1
0.5258219242095947	0	0.6154761904761905	-5.2874999999999996	0.61547619047619051	-5.2874999999999996	0	1	105	-3.1058285412302502	5.9958718202307253	-1	-12.105828541230251	4.9958718202307253	0.0	-5.5952380952380949	1	-1
0.5423829555511475	0	0.6154761904761905	-5.2874999999999996	0.61547619047619051	-5.2874999999999996	0	1	105	-3.1058285412302502	5.9958718202307253	-1	-12.105828541230251	4.9958718202307253	0.0	-5.5952380952380949	1	-1
0.5590319633483887	0	0.5595238095238095	-5.3154761904761907	0.55952380952380953	-5.3154761904761907	0	1	105	-3.1058285412302502	5.9958718202307253	-1	-12.105828541230251	4.9958718202307253	0.0	-5.5952380952380949	1	-1
0.5755679607391357	0	0.5595238095238095	-5.3154761904761907	0.55952380952380953	-5.3154761904761907	0	1	105	-3.1058285412302502	5.9958718202307253	-1	-12.105828541230251	4.9958718202307253	0.0	-5.5952380952380949	1	-1
0.592188835144043	0	0.5035714285714286	-5.371428571428571	0.50357142857142856	-5.371428571428571	0	1	105	-3.1058285412302502	5.9958718202307253	-1	-12.105828541230251	4.9958718202307253	0.0	-5.5952380952380949	1	-1
0.6087818145751953	0	0.44761904761904764	-5.399404761904762	0.44761904761904764	-5.399404761904762	0	1	105	-3.1058285412302502	5.9958718202307253	-1	-12.105828541230251	4.9958718202307253	0.0	-5.5952380952380949	1	-1
0.6253998279571533	0	0.41964285714285715	-5.4273809523809522	0.41964285714285715	-5.4273809523809522	0	1	105	-3.1058285412302502	5.9958718202307253	-1	-12.105828541230251	4.9958718202307253	0.0	-5.5952380952380949	1	-1
0.6419689655303955	0	0.39166666666666666	-5.4553571428571432	0.39166666666666666	-5.4553571428571432	0	1	105	-3.1058285412302502	5.9958718202307253	-1	-12.105828541230251	4.9958718202307253	0.0	-5.5952380952380949	1	-1
0.6585478782653809	0	0.3357142857142857	-5.4833333333333334	0.33571428571428569	-5.4833333333333334	0	1	105	-3.1058285412302502	5.9958718202307253	-1	-12.105828541230251	4.9958718202307253	0.0	-5.5952380952380949	1	-1
0.6751298904418945	0	0.27976190476190477	-5.4833333333333334	0.27976190476190477	-5.4833333333333334	0	1	105	-3.1058285412302502	5.9958718202307253	-1	-12.105828541230251	4.9958718202307253	0.0	-5.5952380952380949	1	-1
0.6914880275726318	0	0.13988095238095238	-5.5392857142857146	0.13988095238095238	-5.5392857142857146	0	1	105	-3.1058285412302502	5.9958718202307253	-1	-12.105828541230251	4.9958718202307253	0.0	-5.5952380952380949	1	-1
0.7080979347229004	0	0.027976190476190477	-5.5392857142857146	0.027976190476190477	-5.5392857142857146	0	1	105	-3.1058285412302502	5.9958718202307253	-1	-12.105828541230251	4.9958718202307253	0.0	-5.5952380952380949	1	-1
0.7246749401092529	0	0.0	-5.5672619047619047	0.0	-5.5672619047619047	0	1	105	-3.1058285412302502	5.9958718202307253	-1	-12.105828541230251	4.9958718202307253	0.0	-5.5952380952380949	1	-1
0.7412848472595215	0	0.0	-5.5672619047619047	0.0	-5.5672619047619047	0	1	105	-3.1058285412302502	5.9958718202307253	-1	-12.105828541230251	4.9958718202307253	0.0	-5.5952380952380949	1	-1
0.757896900177002	0	0.0	-5.5672619047619047	0.0	-5.5672619047619047	0	1	105	-3.1058285412302502	5.9958718202307253	-1	-12.105828541230251	4.9958718202307253	0.0	-5.5952380952380949	1	-1
0.7744250297546387	0	0.0	-5.5672619047619047	0.0	-5.5672619047619047	0	1	105	-3.1058285412302502	5.9958718202307253	-1	-12.105828541230251	4.9958718202307253	0.0	-5.5952380952380949	1	-1
0.7910377979278564	0	0.0	-5.5672619047619047	0.0	-5.5672619047619047	0	1	105	-3.1058285412302502	5.9958718202307253	-1	-12.105828541230251	4.9958718202307253	0.0	-5.5952380952380949	1	-1
0.8076410293579102	0	0.0	-5.5672619047619047	0.0	-5.5672619047619047	0	1	105	-3.1058285412302502	5.9958718202307253	-1	-12.105828541230251	4.9958718202307253	0.0	-5.5952380952380949	1	-1
0.8242409229278564	0	0.0	-5.5392857142857146	0.0	-5.5392857142857146	0	1	105	-3.1058285412302502	5.9958718202307253	-1	-12.105828541230251	4.9958718202307253	0.0	-5.5952380952380949	1	-1
0.8411300182342529	0	-0.027976190476190477	-5.5113095238095235	-0.027976190476190477	-5.5113095238095235	0	1	105	-3.1058285412302502	5.9958718202307253	-1	-12.105828541230251	4.9958718202307253	0.0	-5.5952380952380949	1	-1
0.8576948642730713	0	-0.027976190476190477	-5.399404761904762	-0.027976190476190477	-5.399404761904762	0	1	105	-3.1058285412302502	5.9958718202307253	-1	-12.105828541230251	4.9958718202307253	0.0	-5.5952380952380949	1	-1
0.8742458820343018	0	-0.027976190476190477	-5.3154761904761907	-0.027976190476190477	-5.3154761904761907	0	1	105	-3.1058285412302502	5.9958718202307253	-1	-12.105828541230251	4.9958718202307253	0.0	-5.5952380952380949	1	-1
0.8908889293670654	0	-0.027976190476190477	-5.1196428571428569	-0.027976190476190477	-5.1196428571428569	0	1	105	-3.1058285412302502	5.9958718202307253	-1	-12.105828541230251	4.9958718202307253	0.0	-5.5952380952380949	1	-1
0.9074950218200684	0	0.0	-4.8678571428571429	0.0	-4.8678571428571429	0	1	105	-3.1058285412302502	5.9958718202307253	-1	-12.105828541230251	4.9958718202307253	0.0	-5.5952380952380949	1	-1
0.9240438938140869	0	0.0	-4.7559523809523814	0.0	-4.7559523809523814	0	1	105	-3.1058285412302502	5.9958718202307253	-1	-12.105828541230251	4.9958718202307253	0.0	-5.5952380952380949	1	-1
0.9406309127807617	0	0.027976190476190477	-4.4482142857142861	0.027976190476190477	-4.4482142857142861	0	1	105	-3.1058285412302502	5.9958718202307253	-1	-12.105828541230251	4.9958718202307253	0.0	-5.5952380952380949	1	-1
0.9573018550872803	0	0.08392857142857142	-4.1124999999999998	0.083928571428571422	-4.1124999999999998	0	1	105	-3.1058285412302502	5.9958718202307253	-1	-12.105828541230251	4.9958718202307253	0.0	-5.5952380952380949	1	-1
0.9738869667053223	0	0.11190476190476191	-3.9446428571428571	0.11190476190476191	-3.9446428571428571	0	1	105	-3.1058285412302502	5.9958718202307253	-1	-12.105828541230251	4.9958718202307253	0.0	-5.5952380952380949	1	-1
0.9904298782348633	0	0.16785714285714284	-3.5249999999999999	0.16785714285714284	-3.5249999999999999	0	1	105	-3.1058285412302502	5.9958718202307253	-1	-12.105828541230251	4.9958718202307253	0.0	-5.5952380952380949	1	-1
1.0068278312683105	0	0.22380952380952382	-3.0773809523809526	0.22380952380952382	-3.0773809523809526	0	1	105	-3.1058285412302502	5.9958718202307253	-1	-12.105828541230251	4.9958718202307253	0.0	-5.5952380952380949	1	-1
1.0233938694000244	0	0.22380952380952382	-2.8535714285714286	0.22380952380952382	-2.8535714285714286	0	2	105	-3.1058285412302502	5.9958718202307253	-1	-12.105828541230251	4.9958718202307253	0.0	-5.5952380952380949	1	-1
1.0399248600006104	0	0.2517857142857143	-2.4339285714285714	0.25178571428571428	-2.4339285714285714	0	2	105	-3.1058285412302502	5.9958718202307253	-1	-12.105828541230251	4.9958718202307253	0.0	-5.5952380952380949	1	-1
1.0565299987792969	0	0.2517857142857143	-1.9863095238095241	0.25178571428571428	-1.9863095238095239	0	2	105	-3.1058285412302502	5.9958718202307253	-1	-12.105828541230251	4.9958718202307253	0.0	-5.5952380952380949	1	-1
1.0731220245361328	0	0.2517857142857143	-1.7625000000000002	0.25178571428571428	-1.7625	0	2	105	-3.1058285412302502	5.9958718202307253	-1	-12.105828541230251	4.9958718202307253	0.0	-5.5952380952380949	1	-1
1.0897510051727295	0	0.2517857142857143	-1.3148809523809524	0.25178571428571428	-1.3148809523809524	0	2	105	-3.1058285412302502	5.9958718202307253	-1	-12.105828541230251	4.9958718202307253	0.0	-5.5952380952380949	1	-1
1.1063790321350098	0	0.2517857142857143	-0.86726190476190457	0.25178571428571428	-0.86726190476190479	0	2	105	-3.1058285412302502	5.9958718202307253	-1	-12.105828541230251	4.9958718202307253	0.0	-5.5952380952380949	1	-1
1.1229219436645508	0	0.2517857142857143	-0.64345238095238066	0.25178571428571428	-0.643452380952381	0	2	105	-3.1058285412302502	5.9958718202307253	-1	-12.105828541230251	4.9958718202307253	0.0	-5.5952380952380949	1	-1
1.1394739151000977	0	0.22380952380952382	-0.19583333333333375	0.22380952380952382	-0.19583333333333333	0	2	105	-3.1058285412302502	5.9958718202307253	-1	-12.105828541230251	4.9958718202307253	0.0	-5.5952380952380949	1	-1
1.1561319828033447	0	0.16785714285714284	0.2238095238095239	0.16785714285714284	0.22380952380952382	0	2	105	-3.1058285412302502	5.9958718202307253	-1	-12.105828541230251	4.9958718202307253	0.0	-5.5952380952380949	1	-1
1.1730029582977295	0	0.16785714285714284	0.44761904761904781	0.16785714285714284	0.44761904761904764	0	2	105	-3.1058285412302502	5.9958718202307253	-1	-12.105828541230251	4.9958718202307253	0.0	-5.5952380952380949	1	-1
1.189605951309204	0	0.13988095238095238	0.86726190476190457	0.13988095238095238	0.86726190476190479	0	2	105	-3.1058285412302502	5.9958718202307253	-1	-12.105828541230251	4.9958718202307253	0.0	-5.5952380952380949	1	-1
1.2062709331512451	0	0.16785714285714284	1.3148809523809524	0.16785714285714284	1.3148809523809524	0	2	105	-3.1058285412302502	5.9958718202307253	-1	-12.105828541230251	4.9958718202307253	0.0	-5.5952380952380949	1	-1
1.2226758003234863	0	0.19583333333333333	1.5386904761904763	0.19583333333333333	1.5386904761904763	0	2	105	-3.1058285412302502	5.9958718202307253	-1	-12.105828541230251	4.9958718202307253	0.0	-5.5952380952380949	1	-1
1.2393078804016113	0	0.22380952380952382	1.9863095238095241	0.22380952380952382	1.9863095238095239	0	2	105	-3.1058285412302502	5.9958718202307253	-1	-12.105828541230251	4.9958718202307253	0.0	-5.5952380952380949	1	-1
1.2559218406677246	0	0.2517857142857143	2.2101190476190471	0.25178571428571428	2.2101190476190475	0	2	105	-3.1058285412302502	5.9958718202307253	-1	-12.105828541230251	4.9958718202307253	0.0	-5.5952380952380949	1	-1
1.2725048065185547	0	0.27976190476190477	2.6297619047619047	0.27976190476190477	2.6297619047619047	0	2	105	-3.1058285412302502	5.9958718202307253	-1	-12.105828541230251	4.9958718202307253	0.0	-5.5952380952380949	1	-1
1.289158821105957	0	0.27976190476190477	3.0214285714285722	0.27976190476190477	3.0214285714285714	0	2	105	-3.1058285412302502	5.9958718202307253	-1	-12.105828541230251	4.9958718202307253	0.0	-5.5952380952380949	1	-1
1.305769920349121	0	0.2517857142857143	3.2172619047619051	0.25178571428571428	3.2172619047619047	0	2	105	-3.1058285412302502	5.9958718202307253	-1	-12.105828541230251	4.9958718202307253	0.0	-5.5952380952380949	1	-1
1.3220798969268799	0	0.2517857142857143	3.5529761904761905	0.25178571428571428	3.5529761904761905	0	2	105	-3.1058285412302502	5.9958718202307253	-1	-12.105828541230251	4.9958718202307253	0.0	-5.5952380952380949	1	-1
1.3386218547821045	0	0.22380952380952382	3.8886904761904759	0.22380952380952382	3.8886904761904764	0	2	105	-3.1058285412302502	5.9958718202307253	-1	-12.105828541230251	4.9958718202307253	0.0	-5.5952380952380949	1	-1
1.3552567958831787	0	0.19583333333333333	4.0285714285714285	0.19583333333333333	4.0285714285714285	0	2	105	-3.1058285412302502	5.9958718202307253	-1	-12.105828541230251	4.9958718202307253	0.0	-5.5952380952380949	1	-1
1.3717989921569824	0	0.13988095238095238	4.2803571428571416	0.13988095238095238	4.2803571428571425	0	2	105	-3.1058285412302502	5.9958718202307253	-1	-12.105828541230251	4.9958718202307253	0.0	-5.5952380952380949	1	-1
1.3884189128875732	0	0.08392857142857142	4.4482142857142861	0.083928571428571422	4.4482142857142861	0	2	105	-3.1058285412302502	5.9958718202307253	-1	-12.105828541230251	4.9958718202307253	0.0	-5.5952380952380949	1	-1
1.4050078392028809	0	0.055952380952380955	4.5041666666666664	0.055952380952380955	4.5041666666666664	0	2	105	-3.1058285412302502	5.9958718202307253	-1	-12.105828541230251	4.9958718202307253	0.0	-5.5952380952380949	1	-1
1.4217159748077393	0	0.027976190476190477	4.5880952380952387	0.027976190476190477	4.5880952380952378	0	2	105	-3.1058285412302502	5.9958718202307253	-1	-12.105828541230251	4.9958718202307253	0.0	-5.5952380952380949	1	-1
1.4382359981536865	0	-0.027976190476190477	4.644047619047619	-0.027976190476190477	4.644047619047619	0	2	105	-3.1058285412302502	5.9958718202307253	-1	-12.105828541230251	4.9958718202307253	0.0	-5.5952380952380949	1	-1
1.4548258781433105	0	-0.027976190476190477	4.644047619047619	-0.027976190476190477	4.644047619047619	0	2	105	-3.1058285412302502	5.9958718202307253	-1	-12.105828541230251	4.9958718202307253	0.0	-5.5952380952380949	1	-1
1.4714088439941406	0	-0.027976190476190477	4.644047619047619	-0.027976190476190477	4.644047619047619	0	2	105	-3.1058285412302502	5.9958718202307253	-1	-12.105828541230251	4.9958718202307253	0.0	-5.5952380952380949	1	-1
1.4879698753356934	0	-0.027976190476190477	4.644047619047619	-0.027976190476190477	4.644047619047619	0	2	105	-3.1058285412302502	5.9958718202307253	-1	-12.105828541230251	4.9958718202307253	0.0	-5.5952380952380949	1	-1
1.5045819282531738	0	-0.027976190476190477	4.644047619047619	-0.027976190476190477	4.644047619047619	0	2	105	-3.1058285412302502	5.9958718202307253	-1	-12.105828541230251	4.9958718202307253	0.0	-5.5952380952380949	1	-1
1.5212500095367432	0	-0.027976190476190477	4.644047619047619	-0.027976190476190477	4.644047619047619	0	2	105	-3.1058285412302502	5.9958718202307253	-1	-12.105828541230251	4.9958718202307253	0.0	-5.5952380952380949	1	-1
1.537766933441162	0	-0.027976190476190477	4.644047619047619	-0.027976190476190477	4.644047619047619	0	2	105	-3.1058285412302502	5.9958718202307253	-1	-12.105828541230251	4.9958718202307253	0.0	-5.5952380952380949	1	-1
1.5544259548187256	0	-0.027976190476190477	4.644047619047619	-0.027976190476190477	4.644047619047619	0	2	105	-3.1058285412302502	5.9958718202307253	-1	-12.105828541230251	4.9958718202307253	0.0	-5.5952380952380949	1	-1
1.5709378719329834	0	-0.027976190476190477	4.644047619047619	-0.027976190476190477	4.644047619047619	0	2	105	-3.1058285412302502	5.9958718202307253	-1	-12.105828541230251	4.9958718202307253	0.0	-5.5952380952380949	1	-1
1.5875039100646973	0	-0.027976190476190477	4.644047619047619	-0.027976190476190477	4.644047619047619	0	3	105	-3.1058285412302502	5.9958718202307253	-1	-12.105828541230251	4.9958718202307253	0.0	-5.5952380952380949	1	-1
1.6040928363800049	0	-0.027976190476190477	4.644047619047619	-0.027976190476190477	4.644047619047619	0	4	105	-3.1058285412302502	5.9958718202307253	-1	-12.105828541230251	4.9958718202307253	0.0	-5.5952380952380949	1	-1
1.6207869052886963	0	-0.027976190476190477	4.644047619047619	-0.027976190476190477	4.644047619047619	0	4	105	-3.1058285412302502	5.9958718202307253	-1	-12.105828541230251	4.9958718202307253	0.0	-5.5952380952380949	1	-1
1.637314796447754	0	-0.027976190476190477	4.644047619047619	-0.027976190476190477	4.644047619047619	0	4	105	-3.1058285412302502	5.9958718202307253	-1	-12.105828541230251	4.9958718202307253	0.0	-5.5952380952380949	1	-1
1.6539149284362793	0	-0.027976190476190477	4.644047619047619	-0.027976190476190477	4.644047619047619	0	4	105	-3.1058285412302502	5.9958718202307253	-1	-12.105828541230251	4.9958718202307253	0.0	-5.5952380952380949	1	-1
1.6704838275909424	0	-0.027976190476190477	4.644047619047619	-0.027976190476190477	4.644047619047619	0	4	105	-3.1058285412302502	5.9958718202307253	-1	-12.105828541230251	4.9958718202307253	0.0	-5.5952380952380949	1	-1
1.687134027481079	0	-0.027976190476190477	4.644047619047619	-0.027976190476190477	4.644047619047619	0	4	105	-3.1058285412302502	5.9958718202307253	-1	-12.105828541230251	4.9958718202307253	0.0	-5.5952380952380949	1	-1
1.7036709785461426	0	-0.027976190476190477	4.644047619047619	-0.027976190476190477	4.644047619047619	0	4	105	-3.1058285412302502	5.9958718202307253	-1	-12.105828541230251	4.9958718202307253	0.0	-5.5952380952380949	1	-1
1.7203688621520996	0	-0.027976190476190477	4.644047619047619	-0.027976190476190477	4.644047619047619	0	4	105	-3.1058285412302502	5.9958718202307253	-1	-12.105828541230251	4.9958718202307253	0.0	-5.5952380952380949	1	-1
1.736893892288208	0	-0.027976190476190477	4.644047619047619	-0.027976190476190477	4.644047619047619	0	4	105	-3.1058285412302502	5.9958718202307253	-1	-12.105828541230251	4.9958718202307253	0.0	-5.5952380952380949	1	-1
1.753561019897461	0	-0.027976190476190477	4.644047619047619	-0.027976190476190477	4.644047619047619	0	4	105	-3.1058285412302502	5.9958718202307253	-1	-12.105828541230251	4.9958718202307253	0.0	-5.5952380952380949	1	-1
1.7700929641723633	0	-0.027976190476190477	4.644047619047619	-0.027976190476190477	4.644047619047619	0	4	105	-3.1058285412302502	5.9958718202307253	-1	-12.105828541230251	4.9958718202307253	0.0	-5.5952380952380949	1	-1
1.7866528034210205	0	-0.027976190476190477	4.644047619047619	-0.027976190476190477	4.644047619047619	0	4	105	-3.1058285412302502	5.9958718202307253	-1	-12.105828541230251	4.9958718202307253	0.0	-5.5952380952380949	1	-1
1.8032598495483398	0	-0.027976190476190477	4.644047619047619	-0.027976190476190477	4.644047619047619	0	4	105	-3.1058285412302502	5.9958718202307253	-1	-12.105828541230251	4.9958718202307253	0.0	-5.5952380952380949	1	-1
1.8201940059661865	0	-0.027976190476190477	4.644047619047619	-0.027976190476190477	4.644047619047619	0	4	105	-3.1058285412302502	5.9958718202307253	-1	-12.105828541230251	4.9958718202307253	0.0	-5.5952380952380949	1	-1
1.8367629051208496	0	-0.027976190476190477	4.644047619047619	-0.027976190476190477	4.644047619047619	0	4	105	-3.1058285412302502	5.9958718202307253	-1	-12.105828541230251	4.9958718202307253	0.0	-5.5952380952380949	1	-1
1.8533859252929688	0	-0.055952380952380955	4.644047619047619	-0.055952380952380955	4.644047619047619	0	4	105	-3.1058285412302502	5.9958718202307253	-1	-12.105828541230251	4.9958718202307253	0.0	-5.5952380952380949	1	-1
1.8699347972869873	0	-0.16785714285714284	4.644047619047619	-0.16785714285714284	4.644047619047619	0	4	105	-3.1058285412302502	5.9958718202307253	-1	-12.105828541230251	4.9958718202307253	0.0	-5.5952380952380949	1	-1
1.8865139484405518	0	-0.25178571428571428	4.644047619047619	-0.25178571428571428	4.644047619047619	0	4	105	-3.1058285412302502	5.9958718202307253	-1	-12.105828541230251	4.9958718202307253	0.0	-5.5952380952380949	1	-1
1.9030849933624268	0	-0.53154761904761905	4.644047619047619	-0.53154761904761905	4.644047619047619	0	4	105	-3.1058285412302502	5.9958718202307253	-1	-12.105828541230251	4.9958718202307253	0.0	-5.5952380952380949	1	-1
1.9197289943695068	0	-0.92321428571428577	4.644047619047619	-0.92321428571428577	4.5880952380952378	0	4	105	-3.1058285412302502	5.9958718202307253	-1	-12.105828541230251	4.9958718202307253	0.0	-5.5952380952380949	1	-1
1.9362938404083252	0	-1.4547619047619047	4.644047619047619	-1.4547619047619047	4.5321428571428575	0	4	105	-3.1058285412302502	5.9958718202307253	-1	-12.105828541230251	4.9958718202307253	0.0	-5.5952380952380949	1	-1
1.9529509544372559	0	-1.7625	4.644047619047619	-1.7625	4.4761904761904763	0	4	105	-3.1058285412302502	5.9958718202307253	-1	-12.105828541230251	4.9958718202307253	0.0	-5.5952380952380949	1	-1
1.96946382522583	0	-2.4339285714285714	4.644047619047619	-2.4339285714285714	4.3642857142857139	0	4	105	-3.1058285412302502	5.9958718202307253	-1	-12.105828541230251	4.9958718202307253	0.0	-5.5952380952380949	1	-1
1.9858129024505615	0	-2.7976190476190474	4.644047619047619	-2.7976190476190474	4.3083333333333336	0	4	105	-3.1058285412302502	5.9958718202307253	-1	-12.105828541230251	4.9958718202307253	0.0	-5.5952380952380949	1	-1
2.0024099349975586	0	-3.5529761904761905	4.644047619047619	-3.5529761904761905	4.1404761904761909	0	4	105	-3.1058285412302502	5.9958718202307253	-1	-12.105828541230251	4.9958718202307253	0.0	-5.5952380952380949	1	-1
2.0190658569335938	0	-4.3083333333333336	4.644047619047619	-4.3083333333333336	4.0005952380952383	0	4	105	-3.1058285412302502	5.9958718202307253	-1	-12.105828541230251	4.9958718202307253	0.0	-5.5952380952380949	1	-1
2.0355968475341797	0	-4.7000000000000002	4.644047619047619	-4.7000000000000002	3.9166666666666665	0	4	105	-3.1058285412302502	5.9958718202307253	-1	-12.105828541230251	4.9958718202307253	0.0	-5.5952380952380949	1	-1
2.0521669387817383	0	-5.4833333333333334	4.644047619047619	-5.4833333333333334	3.7767857142857144	0	4	105	-3.1058285412302502	5.9958718202307253	-1	-12.105828541230251	4.9958718202307253	0.0	-5.5952380952380949	1	-1
2.068741798400879	0	-6.2946428571428568	4.644047619047619	-6.2946428571428568	3.6369047619047619	0	4	105	-3.1058285412302502	5.9958718202307253	-1	-12.105828541230251	4.9958718202307253	0.0	-5.5952380952380949	1	-1
2.0854098796844482	0	-6.6583333333333332	4.644047619047619	-6.6583333333333332	3.5529761904761905	0	4	105	-3.1058285412302502	5.9958718202307253	-1	-12.105828541230251	4.9958718202307253	0.0	-5.5952380952380949	1	-1
2.1019678115844727	0	-7.3857142857142861	4.644047619047619	-7.3857142857142861	3.413095238095238	0	4	105	-3.1058285412302502	5.9958718202307253	-1	-12.105828541230251	4.9958718202307253	0.0	-5.5952380952380949	1	-1
2.1185219287872314	0	-8.0291666666666668	4.644047619047619	-8.0291666666666668	3.2732142857142859	0	4	105	-3.1058285412302502	5.9958718202307253	-1	-12.105828541230251	4.9958718202307253	0.0	-5.5952380952380949	1	-1
2.135474920272827	0	-8.336904761904762	4.644047619047619	-8.336904761904762	3.2172619047619047	0	4	105	-3.1058285412302502	5.9958718202307253	-1	-12.105828541230251	4.9958718202307253	0.0	-5.5952380952380949	1	-1
2.1520299911499023	0	-8.8964285714285722	4.644047619047619	-8.8964285714285722	3.0773809523809526	0	4	105	-3.1058285412302502	5.9958718202307253	-1	-12.105828541230251	4.9958718202307253	0.0	-5.5952380952380949	1	-1
2.1685969829559326	0	-9.4000000000000004	4.644047619047619	-9.4000000000000004	2.9654761904761906	0	4	105	-3.1058285412302502	5.9958718202307253	-1	-12.105828541230251	4.9958718202307253	0.0	-5.5952380952380949	1	-1
2.1852269172668457	0	-9.623809523809523	2.8815476190476197	-9.6238095238095234	2.8815476190476192	0	4	105	-3.1058285412302502	5.9958718202307253	-1	-12.105828541230251	4.9958718202307253	0.0	-5.5952380952380949	1	-1
2.2018449306488037	0	-9.9875	2.7696428571428573	-9.9875000000000007	2.7696428571428573	0	4	105	-3.1058285412302502	5.9958718202307253	-1	-12.105828541230251	4.9958718202307253	0.0	-5.5952380952380949	1	-1
2.2183799743652344	0	-10.239285714285714	2.6297619047619047	-10.239285714285714	2.6297619047619047	0	4	105	-3.1058285412302502	5.9958718202307253	-1	-12.105828541230251	4.9958718202307253	0.0	-5.5952380952380949	1	-1
2.2350268363952637	0	-10.323214285714286	2.5458333333333343	-10.323214285714286	2.5458333333333334	0	4	105	-3.1058285412302502	5.9958718202307253	-1	-12.105828541230251	4.9958718202307253	0.0	-5.5952380952380949	1	-1
2.251585006713867	0	-10.435119047619047	2.3220238095238095	-10.435119047619047	2.3220238095238095	0	5	105	-3.1058285412302502	5.9958718202307253	-1	-12.105828541230251	4.9958718202307253	0.0	-5.5952380952380949	1	-1
2.2681639194488525	0	-10.463095238095239	2.1821428571428569	-10.463095238095239	2.1821428571428569	0	5	105	-3.1058285412302502	5.9958718202307253	-1	-12.105828541230251	4.9958718202307253	0.0	-5.5952380952380949	1	-1
2.2848339080810547	0	-10.351190476190476	1.958333333333333	-10.351190476190476	1.9583333333333333	0	5	105	-3.1058285412302502	5.9958718202307253	-1	-12.105828541230251	4.9958718202307253	0.0	-5.5952380952380949	1	-1
2.3011348247528076	0	-10.043452380952381	1.706547619047619	-10.043452380952381	1.706547619047619	0	5	105	-3.1058285412302502	5.9958718202307253	-1	-12.105828541230251	4.9958718202307253	0.0	-5.5952380952380949	1	-1
2.3176770210266113	0	-9.511904761904763	1.5107142857142861	-9.5119047619047628	1.5107142857142857	0	5	105	-3.1058285412302502	5.9958718202307253	-1	-12.105828541230251	4.9958718202307253	0.0	-5.5952380952380949	1	-1
2.3343558311462402	0	-9.232142857142858	1.4267857142857139	-9.2321428571428577	1.4267857142857143	0	5	105	-3.1058285412302502	5.9958718202307253	-1	-12.105828541230251	4.9958718202307253	0.0	-5.5952380952380949	1	-1
2.350881814956665	0	-8.504761904761905	1.2589285714285712	-8.5047619047619047	1.2589285714285714	0	5	105	-3.1058285412302502	5.9958718202307253	-1	-12.105828541230251	4.9958718202307253	0.0	-5.5952380952380949	1	-1
2.3674559593200684	0	-8.113095238095237	1.1470238095238097	-8.1130952380952372	1.1470238095238094	0	5	105	-3.1058285412302502	5.9958718202307253	-1	-12.105828541230251	4.9958718202307253	0.0	-5.5952380952380949	1	-1
2.384028911590576	0	-7.273809523809524	0.92321428571428577	-7.2738095238095237	0.92321428571428577	0	5	105	-3.1058285412302502	5.9958718202307253	-1	-12.105828541230251	4.9958718202307253	0.0	-5.5952380952380949	1	-1
2.400653839111328	0	-6.322619047619048	0.67142857142857171	-6.3226190476190478	0.67142857142857137	0	5	105	-3.1058285412302502	5.9958718202307253	-1	-12.105828541230251	4.9958718202307253	0.0	-5.5952380952380949	1	-1
2.4172658920288086	0	-5.819047619047619	0.53154761904761916	-5.8190476190476188	0.53154761904761905	0	5	105	-3.1058285412302502	5.9958718202307253	-1	-12.105828541230251	4.9958718202307253	0.0	-5.5952380952380949	1	-1
2.4339048862457275	0	-4.839880952380953	0.19583333333333375	-4.8398809523809527	0.19583333333333333	0	5	105	-3.1058285412302502	5.9958718202307253	-1	-12.105828541230251	4.9958718202307253	0.0	-5.5952380952380949	1	-1
2.450411796569824	0	-3.832738095238095	-0.1678571428571427	-3.8327380952380952	-0.16785714285714284	0	5	105	-3.1058285412302502	5.9958718202307253	-1	-12.105828541230251	4.9958718202307253	0.0	-5.5952380952380949	1	-1
2.4672980308532715	0	-3.357142857142857	-0.36369047619047645	-3.3571428571428572	-0.36369047619047618	0	5	105	-3.1058285412302502	5.9958718202307253	-1	-12.105828541230251	4.9958718202307253	0.0	-5.5952380952380949	1	-1
2.483963966369629	0	-2.489880952380952	-0.81130952380952337	-2.4898809523809522	-0.81130952380952381	0	5	105	-3.1058285412302502	5.9958718202307253	-1	-12.105828541230251	4.9958718202307253	0.0	-5.5952380952380949	1	-1
2.5005218982696533	0	-1.7345238095238096	-1.3148809523809524	-1.7345238095238096	-1.3148809523809524	0	5	105	-3.1058285412302502	5.9958718202307253	-1	-12.105828541230251	4.9958718202307253	0.0	-5.5952380952380949	1	-1
2.517102003097534	0	-1.3988095238095237	-1.5666666666666664	-1.3988095238095237	-1.5666666666666667	0	5	105	-3.1058285412302502	5.9958718202307253	-1	-12.105828541230251	4.9958718202307253	0.0	-5.5952380952380949	1	-1
2.533784866333008	0	-0.7833333333333333	-2.0702380952380954	-0.78333333333333333	-2.0702380952380954	0	5	105	-3.1058285412302502	5.9958718202307253	-1	-12.105828541230251	4.9958718202307253	0.0	-5.5952380952380949	1	-1
2.550149917602539	0	-0.22380952380952382	-2.5458333333333334	-0.22380952380952382	-2.5458333333333334	0	5	105	-3.1058285412302502	5.9958718202307253	-1	-12.105828541230251	4.9958718202307253	0.0	-5.5952380952380949	1	-1
2.5668208599090576	0	0.027976190476190477	-2.7976190476190474	0.027976190476190477	-2.7976190476190474	0	5	105	-3.1058285412302502	5.9958718202307253	-1	-12.105828541230251	4.9958718202307253	0.0	-5.5952380952380949	1	-1
2.583469867706299	0	0.41964285714285715	-3.2452380952380953	0.41964285714285715	-3.2452380952380953	0	5	105	-3.1058285412302502	5.9958718202307253	-1	-12.105828541230251	4.9958718202307253	0.0	-5.5952380952380949	1	-1
2.600008964538574	0	0.5875	-3.4690476190476192	0.58750000000000002	-3.4690476190476192	0	5	105	-3.1058285412302502	5.9958718202307253	-1	-12.105828541230251	4.9958718202307253	0.0	-5.5952380952380949	1	-1
2.6164088249206543	0	0.8672619047619048	-3.8886904761904764	0.86726190476190479	-3.8886904761904764	0	5	105	-3.1058285412302502	5.9958718202307253	-1	-12.105828541230251	4.9958718202307253	0.0	-5.5952380952380949	1	-1
2.6330788135528564	0	1.0351190476190477	-4.3083333333333336	1.0351190476190477	-4.3083333333333336	0	5	105	-3.1058285412302502	5.9958718202307253	-1	-12.105828541230251	4.9958718202307253	0.0	-5.5952380952380949	1	-1
2.6495888233184814	0	1.1470238095238094	-4.7559523809523814	1.1470238095238094	-4.7559523809523814	0	5	105	-3.1058285412302502	5.9958718202307253	-1	-12.105828541230251	4.9958718202307253	0.0	-5.5952380952380949	1	-1
2.6661689281463623	0	1.1470238095238094	-4.9517857142857142	1.1470238095238094	-4.9517857142857142	0	5	105	-3.1058285412302502	5.9958718202307253	-1	-12.105828541230251	4.9958718202307253	0.0	-5.5952380952380949	1	-1
2.682809829711914	0	1.119047619047619	-5.2595238095238095	1.1190476190476191	-5.2595238095238095	0	5	105	-3.1058285412302502	5.9958718202307253	-1	-12.105828541230251	4.9958718202307253	0.0	-5.5952380952380949	1	-1
2.699338912963867	0	1.063095238095238	-5.3154761904761907	1.0630952380952381	-5.3154761904761907	0	5	105	-3.1058285412302502	5.9958718202307253	-1	-12.105828541230251	4.9958718202307253	0.0	-5.5952380952380949	1	-1
2.715902805328369	0	0.9791666666666666	-5.4273809523809522	0.97916666666666663	-5.4273809523809522	0	5	105	-3.1058285412302502	5.9958718202307253	-1	-12.105828541230251	4.9958718202307253	0.0	-5.5952380952380949	1	-1
2.732733964920044	0	0.9232142857142858	-5.5672619047619047	0.92321428571428577	-5.5672619047619047	0	5	105	-3.1058285412302502	5.9958718202307253	-1	-12.105828541230251	4.9958718202307253	0.0	-5.5952380952380949	1	-1
2.749192953109741	0	0.8952380952380953	-5.5952380952380949	0.89523809523809528	-5.5952380952380949	0	5	105	-3.1058285412302502	5.9958718202307253	-1	-12.105828541230251	4.9958718202307253	0.0	-5.5952380952380949	1	-1
2.7657618522644043	0	0.9232142857142858	-5.5952380952380949	0.92321428571428577	-5.5952380952380949	0	5	105	-3.1058285412302502	5.9958718202307253	-1	-12.105828541230251	4.9958718202307253	0.0	-5.5952380952380949	1	-1
2.7825980186462402	0	0.9232142857142858	-5.5952380952380949	0.92321428571428577	-5.5952380952380949	0	5	105	-3.1058285412302502	5.9958718202307253	-1	-12.105828541230251	4.9958718202307253	0.0	-5.5952380952380949	1	-1
2.7991700172424316	0	0.9232142857142858	-5.5952380952380949	0.92321428571428577	-5.5952380952380949	0	5	105	-3.1058285412302502	5.9958718202307253	-1	-12.105828541230251	4.9958718202307253	0.0	-5.5952380952380949	1	-1
2.815786838531494	0	0.9232142857142858	-5.5952380952380949	0.92321428571428577	-5.5952380952380949	0	5	105	-3.1058285412302502	5.9958718202307253	-1	-12.105828541230251	4.9958718202307253	0.0	-5.5952380952380949	1	-1
2.8324108123779297	0	0.8952380952380953	-5.5952380952380949	0.89523809523809528	-5.5952380952380949	0	5	105	-3.1058285412302502	5.9958718202307253	-1	-12.105828541230251	4.9958718202307253	0.0	-5.5952380952380949	1	-1
2.8490188121795654	0	0.8952380952380953	-5.5952380952380949	0.89523809523809528	-5.5952380952380949	0	5	105	-3.1058285412302502	5.9958718202307253	-1	-12.105828541230251	4.9958718202307253	0.0	-5.5952380952380949	1	-1
2.8655920028686523	0	0.8952380952380953	-5.5952380952380949	0.89523809523809528	-5.5952380952380949	0	5	105	-3.1058285412302502	5.9958718202307253	-1	-12.105828541230251	4.9958718202307253	0.0	-5.5952380952380949	1	-1
2.8821959495544434	0	0.8952380952380953	-5.5952380952380949	0.89523809523809528	-5.5952380952380949	0	5	105	-3.1058285412302502	5.9958718202307253	-1	-12.105828541230251	4.9958718202307253	0.0	-5.5952380952380949	1	-1
2.8986399173736572	0	0.8952380952380953	-5.5952380952380949	0.89523809523809528	-5.5952380952380949	0	5	105	-3.1058285412302502	5.9958718202307253	-1	-12.105828541230251	4.9958718202307253	0.0	-5.5952380952380949	1	-1
2.915339946746826	0	0.8672619047619048	-5.5952380952380949	0.86726190476190479	-5.5952380952380949	0	5	105	-3.1058285412302502	5.9958718202307253	-1	-12.105828541230251	4.9958718202307253	0.0	-5.5952380952380949	1	-1
2.931914806365967	0	0.7273809523809524	-5.5952380952380949	0.72738095238095235	-5.5952380952380949	0	5	105	-3.1058285412302502	5.9958718202307253	-1	-12.105828541230251	4.9958718202307253	0.0	-5.5952380952380949	1	-1
2.9483439922332764	0	0.47559523809523807	-5.5672619047619047	0.47559523809523807	-5.5672619047619047	0	5	105	-3.1058285412302502	5.9958718202307253	-1	-12.105828541230251	4.9958718202307253	0.0	-5.5952380952380949	1	-1
