time	trial	cursorx	cursory	hand_x	hand_Y	rotation	step	targetangle	targetposx	targetposy	garagelocation	garageposx	garageposy	homex	homey	group	trial_type
9.5367431640625e-07	3	-0.2582776118784148	-5.2597929109118873	-0.055952380952380955	-5.1755952380952381	-30	5	90	7.3478807948841188e-16	6.4047619047619051	-1	-9.0	5.4047619047619051	0.0	-5.5952380952380949	1	1
0.029397964477539062	3	0.03346378801619741	-5.3174847905815774	0.16785714285714284	-5.371428571428571	-30	1	90	7.3478807948841188e-16	6.4047619047619051	-1	-9.0	5.4047619047619051	0.0	-5.5952380952380949	1	1
0.04606986045837402	3	0.20031663082064657	-5.3826728678966633	0.27976190476190477	-5.5113095238095235	-30	1	90	7.3478807948841188e-16	6.4047619047619051	-1	-9.0	5.4047619047619051	0.0	-5.5952380952380949	1	1
0.0626838207244873	3	0.2665090081884255	-5.4413690476190473	0.30773809523809526	-5.5952380952380949	-30	1	90	7.3478807948841188e-16	6.4047619047619051	-1	-9.0	5.4047619047619051	0.0	-5.5952380952380949	1	1
0.07934188842773438	3	0.2944851986646161	-5.4898252309260336	0.30773809523809526	-5.6511904761904761	-30	1	90	7.3478807948841188e-16	6.4047619047619051	-1	-9.0	5.4047619047619051	0.0	-5.5952380952380949	1	1
0.09600186347961426	3	0.30847329390271117	-5.5140533225795272	0.30773809523809526	-5.6791666666666663	-30	1	90	7.3478807948841188e-16	6.4047619047619051	-1	-9.0	5.4047619047619051	0.0	-5.5952380952380949	1	1
0.11224579811096191	3	0.3224613891408067	-5.5382814142330208	0.30773809523809526	-5.7071428571428573	-30	1	90	7.3478807948841188e-16	6.4047619047619051	-1	-9.0	5.4047619047619051	0.0	-5.5952380952380949	1	1
0.12891197204589844	3	0.3224613891408067	-5.5382814142330208	0.30773809523809526	-5.7071428571428573	-30	1	90	7.3478807948841188e-16	6.4047619047619051	-1	-9.0	5.4047619047619051	0.0	-5.5952380952380949	1	1
0.1454329490661621	3	0.3224613891408067	-5.5382814142330208	0.30773809523809526	-5.7071428571428573	-30	1	90	7.3478807948841188e-16	6.4047619047619051	-1	-9.0	5.4047619047619051	0.0	-5.5952380952380949	1	1
0.16201090812683105	3	0.3224613891408067	-5.5382814142330208	0.30773809523809526	-5.7071428571428573	-30	1	90	7.3478807948841188e-16	6.4047619047619051	-1	-9.0	5.4047619047619051	0.0	-5.5952380952380949	1	1
0.17865395545959473	3	0.3224613891408067	-5.5382814142330208	0.30773809523809526	-5.7071428571428573	-30	1	90	7.3478807948841188e-16	6.4047619047619051	-1	-9.0	5.4047619047619051	0.0	-5.5952380952380949	1	1
0.19530677795410156	3	0.2842452022492179	-5.5280414178176223	0.27976190476190477	-5.6791666666666663	-30	1	90	7.3478807948841188e-16	6.4047619047619051	-1	-9.0	5.4047619047619051	0.0	-5.5952380952380949	1	1
0.21185684204101562	3	0.24602901535762964	-5.5178014214022246	0.25178571428571428	-5.6511904761904761	-30	1	90	7.3478807948841188e-16	6.4047619047619051	-1	-9.0	5.4047619047619051	0.0	-5.5952380952380949	1	1
0.22847485542297363	3	0.12114045826746613	-5.5252976190476186	0.13988095238095238	-5.5952380952380949	-30	1	90	7.3478807948841188e-16	6.4047619047619051	-1	-9.0	5.4047619047619051	0.0	-5.5952380952380949	1	1
0.24501490592956543	3	0.03446808806889138	-5.5430338131084111	0.055952380952380955	-5.5672619047619047	-30	1	90	7.3478807948841188e-16	6.4047619047619051	-1	-9.0	5.4047619047619051	0.0	-5.5952380952380949	1	1
0.26160192489624023	3	-0.003748098822696923	-5.5327938166930135	0.027976190476190477	-5.5392857142857146	-30	1	90	7.3478807948841188e-16	6.4047619047619051	-1	-9.0	5.4047619047619051	0.0	-5.5952380952380949	1	1
0.2784597873687744	3	-0.09042046902127213	-5.550530010753806	-0.055952380952380955	-5.5113095238095235	-30	1	90	7.3478807948841188e-16	6.4047619047619051	-1	-9.0	5.4047619047619051	0.0	-5.5952380952380949	1	1
0.2951028347015381	3	-0.22929712134953067	-5.5337981167457073	-0.16785714285714284	-5.4273809523809522	-30	1	90	7.3478807948841188e-16	6.4047619047619051	-1	-9.0	5.4047619047619051	0.0	-5.5952380952380949	1	1
0.3116919994354248	3	-0.267513308241119	-5.5235581203303097	-0.19583333333333333	-5.399404761904762	-30	1	90	7.3478807948841188e-16	6.4047619047619051	-1	-9.0	5.4047619047619051	0.0	-5.5952380952380949	1	1
0.32831788063049316	3	-0.4101380593920749	-5.4443819477771287	-0.27976190476190477	-5.2595238095238095	-30	1	90	7.3478807948841188e-16	6.4047619047619051	-1	-9.0	5.4047619047619051	0.0	-5.5952380952380949	1	1
0.3447608947753906	3	-0.6189551879108097	-5.3065095955015638	-0.39166666666666666	-5.0357142857142856	-30	1	90	7.3478807948841188e-16	6.4047619047619051	-1	-9.0	5.4047619047619051	0.0	-5.5952380952380949	1	1
0.3614518642425537	3	-0.7131237557547793	-5.1993572324721926	-0.41964285714285715	-4.895833333333333	-30	1	90	7.3478807948841188e-16	6.4047619047619051	-1	-9.0	5.4047619047619051	0.0	-5.5952380952380949	1	1
0.3780219554901123	3	-0.9778932652258948	-4.9645725135826551	-0.53154761904761905	-4.5601190476190476	-30	1	90	7.3478807948841188e-16	6.4047619047619051	-1	-9.0	5.4047619047619051	0.0	-5.5952380952380949	1	1
0.3946869373321533	3	-1.218434683043517	-4.7157996994550224	-0.61547619047619051	-4.2244047619047622	-30	1	90	7.3478807948841188e-16	6.4047619047619051	-1	-9.0	5.4047619047619051	0.0	-5.5952380952380949	1	1
0.4112558364868164	3	-1.316351349710184	-4.5462030578805699	-0.61547619047619051	-4.0285714285714285	-30	1	90	7.3478807948841188e-16	6.4047619047619051	-1	-9.0	5.4047619047619051	0.0	-5.5952380952380949	1	1
0.4278528690338135	3	-1.564388965173201	-4.1725416866627736	-0.643452380952381	-3.5809523809523811	-30	1	90	7.3478807948841188e-16	6.4047619047619051	-1	-9.0	5.4047619047619051	0.0	-5.5952380952380949	1	1
0.4441499710083008	3	-1.8059346830435172	-3.6982198500083068	-0.61547619047619051	-3.049404761904762	-30	1	90	7.3478807948841188e-16	6.4047619047619051	-1	-9.0	5.4047619047619051	0.0	-5.5952380952380949	1	1
0.46079492568969727	3	-1.9318275401863745	-3.4801670251268679	-0.61547619047619051	-2.7976190476190474	-30	2	90	7.3478807948841188e-16	6.4047619047619051	-1	-9.0	5.4047619047619051	0.0	-5.5952380952380949	1	1
0.4773399829864502	3	-2.163133261641293	-2.9676290015808129	-0.55952380952380953	-2.2380952380952381	-30	2	90	7.3478807948841188e-16	6.4047619047619051	-1	-9.0	5.4047619047619051	0.0	-5.5952380952380949	1	1
0.49395179748535156	3	-2.2685461259533537	-2.6731438029161967	-0.50357142857142856	-1.9303571428571429	-30	2	90	7.3478807948841188e-16	6.4047619047619051	-1	-9.0	5.4047619047619051	0.0	-5.5952380952380949	1	1
0.5105178356170654	3	-2.499851847408272	-2.1606057793701421	-0.44761904761904764	-1.3708333333333333	-30	2	90	7.3478807948841188e-16	6.4047619047619051	-1	-9.0	5.4047619047619051	0.0	-5.5952380952380949	1	1
0.5271909236907959	3	-2.7349056676858874	-1.5856234772790048	-0.36369047619047618	-0.75535714285714284	-30	2	90	7.3478807948841188e-16	6.4047619047619051	-1	-9.0	5.4047619047619051	0.0	-5.5952380952380949	1	1
0.5437159538269043	3	-2.955971392725408	-1.0348692668413619	-0.27976190476190477	-0.16785714285714284	-30	2	90	7.3478807948841188e-16	6.4047619047619051	-1	-9.0	5.4047619047619051	0.0	-5.5952380952380949	1	1
0.5603067874908447	3	-3.061384257037469	-0.74038406817674485	-0.22380952380952382	0.13988095238095238	-30	2	90	7.3478807948841188e-16	6.4047619047619051	-1	-9.0	5.4047619047619051	0.0	-5.5952380952380949	1	1
0.5768959522247314	3	-3.2200057035319074	-0.18588175891640546	-0.083928571428571422	0.69940476190476186	-30	2	90	7.3478807948841188e-16	6.4047619047619051	-1	-9.0	5.4047619047619051	0.0	-5.5952380952380949	1	1
0.5938138961791992	3	-3.2769623845369824	0.13657963022440089	0.027976190476190477	1.0071428571428571	-30	2	90	7.3478807948841188e-16	6.4047619047619051	-1	-9.0	5.4047619047619051	0.0	-5.5952380952380949	1	1
0.6103839874267578	3	-3.3871276477244345	0.71905812996093221	0.22380952380952382	1.5666666666666667	-30	2	90	7.3478807948841188e-16	6.4047619047619051	-1	-9.0	5.4047619047619051	0.0	-5.5952380952380949	1	1
0.6269328594207764	3	-3.424608635951407	1.3435009154117497	0.50357142857142856	2.1261904761904762	-30	2	90	7.3478807948841188e-16	6.4047619047619051	-1	-9.0	5.4047619047619051	0.0	-5.5952380952380949	1	1
0.6435668468475342	3	-3.4518496277629804	2.006159887754154	0.81130952380952381	2.7136904761904761	-30	2	90	7.3478807948841188e-16	6.4047619047619051	-1	-9.0	5.4047619047619051	0.0	-5.5952380952380949	1	1
0.6601588726043701	3	-3.4221339385694804	2.3463574709557529	1.0071428571428571	2.9934523809523808	-30	2	90	7.3478807948841188e-16	6.4047619047619051	-1	-9.0	5.4047619047619051	0.0	-5.5952380952380949	1	1
0.6766238212585449	3	-3.3347263697062903	2.9782964540519643	1.3988095238095237	3.4970238095238093	-30	2	90	7.3478807948841188e-16	6.4047619047619051	-1	-9.0	5.4047619047619051	0.0	-5.5952380952380949	1	1
0.6933808326721191	3	-3.2910225852746944	3.2942659456000705	1.5946428571428573	3.7488095238095238	-30	2	90	7.3478807948841188e-16	6.4047619047619051	-1	-9.0	5.4047619047619051	0.0	-5.5952380952380949	1	1
0.7099118232727051	3	-3.127182642628327	3.9057249358654857	2.0422619047619048	4.1964285714285712	-30	2	90	7.3478807948841188e-16	6.4047619047619051	-1	-9.0	5.4047619047619051	0.0	-5.5952380952380949	1	1
0.7265470027923584	3	-2.935366509505769	4.4687277428239138	2.4898809523809522	4.5880952380952378	-30	2	90	7.3478807948841188e-16	6.4047619047619051	-1	-9.0	5.4047619047619051	0.0	-5.5952380952380949	1	1
0.7431337833404541	3	-2.6913460942535266	4.9972624617134542	2.9654761904761906	4.9238095238095241	-30	2	90	7.3478807948841188e-16	6.4047619047619051	-1	-9.0	5.4047619047619051	0.0	-5.5952380952380949	1	1
0.7594518661499023	3	-2.529245650324468	5.2200676854702817	3.2172619047619047	5.0357142857142856	-30	2	90	7.3478807948841188e-16	6.4047619047619051	-1	-9.0	5.4047619047619051	0.0	-5.5952380952380949	1	1
0.7760307788848877	3	-2.235764751712546	5.5510295723091776	3.6369047619047619	5.1755952380952381	-30	2	90	7.3478807948841188e-16	6.4047619047619051	-1	-9.0	5.4047619047619051	0.0	-5.5952380952380949	1	1
0.792705774307251	3	-2.0801562053761895	5.6731743306293385	3.8327380952380952	5.2035714285714283	-30	2	90	7.3478807948841188e-16	6.4047619047619051	-1	-9.0	5.4047619047619051	0.0	-5.5952380952380949	1	1
0.8092429637908936	3	-1.7791791091188727	5.8792476603780681	4.1964285714285712	5.2315476190476193	-30	2	90	7.3478807948841188e-16	6.4047619047619051	-1	-9.0	5.4047619047619051	0.0	-5.5952380952380949	1	1
0.825779914855957	3	-1.6198224639598182	5.9389481401531476	4.3642857142857139	5.2035714285714283	-30	2	90	7.3478807948841188e-16	6.4047619047619051	-1	-9.0	5.4047619047619051	0.0	-5.5952380952380949	1	1
0.8423969745635986	3	-1.2973610748190119	5.99590482115822	4.6720238095238091	5.0916666666666668	-30	2	90	7.3478807948841188e-16	6.4047619047619051	-1	-9.0	5.4047619047619051	0.0	-5.5952380952380949	1	1
0.8590250015258789	3	-1.0093677737470959	6.000657220033613	4.9238095238095241	4.9517857142857142	-30	2	90	7.3478807948841188e-16	6.4047619047619051	-1	-9.0	5.4047619047619051	0.0	-5.5952380952380949	1	1
0.8755879402160645	3	-0.7418544655059769	5.9289772451258269	5.1196428571428569	4.7559523809523814	-30	2	90	7.3478807948841188e-16	6.4047619047619051	-1	-9.0	5.4047619047619051	0.0	-5.5952380952380949	1	1
0.8922038078308105	3	-0.6272059048312117	5.8982572558796313	5.2035714285714283	4.6720238095238091	-30	2	90	7.3478807948841188e-16	6.4047619047619051	-1	-9.0	5.4047619047619051	0.0	-5.5952380952380949	1	1
0.908815860748291	3	-0.4463649667886669	5.8088410869110536	5.3154761904761907	4.5041666666666664	-30	2	90	7.3478807948841188e-16	6.4047619047619051	-1	-9.0	5.4047619047619051	0.0	-5.5952380952380949	1	1
0.9256517887115479	3	-0.38017258942088805	5.7501449071886697	5.3434523809523808	4.4202380952380951	-30	2	90	7.3478807948841188e-16	6.4047619047619051	-1	-9.0	5.4047619047619051	0.0	-5.5952380952380949	1	1
0.9421889781951904	3	-0.25153593350802783	5.6951968262889814	5.4273809523809522	4.3083333333333336	-30	2	90	7.3478807948841188e-16	6.4047619047619051	-1	-9.0	5.4047619047619051	0.0	-5.5952380952380949	1	1
0.9587819576263428	3	-0.1611154644867545	5.6504887418046934	5.4833333333333334	4.2244047619047622	-30	2	90	7.3478807948841188e-16	6.4047619047619051	-1	-9.0	5.4047619047619051	0.0	-5.5952380952380949	1	1
0.9754238128662109	3	-0.12289927759516672	5.6402487453892949	5.5113095238095235	4.1964285714285712	-30	2	90	7.3478807948841188e-16	6.4047619047619051	-1	-9.0	5.4047619047619051	0.0	-5.5952380952380949	1	1
0.9920539855957031	3	-0.10891118235707165	5.6160206537358022	5.5113095238095235	4.168452380952381	-30	2	90	7.3478807948841188e-16	6.4047619047619051	-1	-9.0	5.4047619047619051	0.0	-5.5952380952380949	1	1
1.0086479187011719	3	-0.10891118235707165	5.6160206537358022	5.5113095238095235	4.168452380952381	-30	2	90	7.3478807948841188e-16	6.4047619047619051	-1	-9.0	5.4047619047619051	0.0	-5.5952380952380949	1	1
1.0251588821411133	3	-0.10891118235707165	5.6160206537358022	5.5113095238095235	4.168452380952381	-30	2	90	7.3478807948841188e-16	6.4047619047619051	-1	-9.0	5.4047619047619051	0.0	-5.5952380952380949	1	1
1.0417628288269043	3	-0.10891118235707165	5.6160206537358022	5.5113095238095235	4.168452380952381	-30	2	90	7.3478807948841188e-16	6.4047619047619051	-1	-9.0	5.4047619047619051	0.0	-5.5952380952380949	1	1
1.0584309101104736	3	-0.12289927759516672	5.6402487453892949	5.5113095238095235	4.1964285714285712	-30	2	90	7.3478807948841188e-16	6.4047619047619051	-1	-9.0	5.4047619047619051	0.0	-5.5952380952380949	1	1
1.0747148990631104	3	-0.12289927759516672	5.6402487453892949	5.5113095238095235	4.1964285714285712	-30	2	90	7.3478807948841188e-16	6.4047619047619051	-1	-9.0	5.4047619047619051	0.0	-5.5952380952380949	1	1
1.0913469791412354	3	-0.12289927759516672	5.6402487453892949	5.5113095238095235	4.1964285714285712	-30	2	90	7.3478807948841188e-16	6.4047619047619051	-1	-9.0	5.4047619047619051	0.0	-5.5952380952380949	1	1
1.1079599857330322	3	-0.12289927759516672	5.6402487453892949	5.5113095238095235	4.1964285714285712	-30	2	90	7.3478807948841188e-16	6.4047619047619051	-1	-9.0	5.4047619047619051	0.0	-5.5952380952380949	1	1
1.124506950378418	3	-0.12289927759516672	5.6402487453892949	5.5113095238095235	4.1964285714285712	-30	2	90	7.3478807948841188e-16	6.4047619047619051	-1	-9.0	5.4047619047619051	0.0	-5.5952380952380949	1	1
1.1411149501800537	3	-0.19933165137834408	5.6607287382200919	5.4553571428571432	4.2523809523809524	-30	2	90	7.3478807948841188e-16	6.4047619047619051	-1	-9.0	5.4047619047619051	0.0	-5.5952380952380949	1	1
1.1576499938964844	3	-0.2655240287461229	5.7194249179424759	5.4273809523809522	4.3363095238095237	-30	2	90	7.3478807948841188e-16	6.4047619047619051	-1	-9.0	5.4047619047619051	0.0	-5.5952380952380949	1	1
1.1742429733276367	3	-0.3037402156377107	5.7296649143578744	5.399404761904762	4.3642857142857139	-30	2	90	7.3478807948841188e-16	6.4047619047619051	-1	-9.0	5.4047619047619051	0.0	-5.5952380952380949	1	1
1.1909189224243164	3	-0.35594449776739445	5.7641330024267639	5.371428571428571	4.4202380952380951	-30	2	90	7.3478807948841188e-16	6.4047619047619051	-1	-9.0	5.4047619047619051	0.0	-5.5952380952380949	1	1
1.2075469493865967	3	-0.4081487798970791	5.7986010904956551	5.3434523809523808	4.4761904761904763	-30	2	90	7.3478807948841188e-16	6.4047619047619051	-1	-9.0	5.4047619047619051	0.0	-5.5952380952380949	1	1
1.224071979522705	3	-0.4081487798970791	5.7986010904956551	5.3434523809523808	4.4761904761904763	-30	2	90	7.3478807948841188e-16	6.4047619047619051	-1	-9.0	5.4047619047619051	0.0	-5.5952380952380949	1	1
1.2406728267669678	3	-0.42213687513517417	5.8228291821491496	5.3434523809523808	4.5041666666666664	-30	2	90	7.3478807948841188e-16	6.4047619047619051	-1	-9.0	5.4047619047619051	0.0	-5.5952380952380949	1	1
1.2572767734527588	3	-0.4501130656113643	5.871285365456135	5.3434523809523808	4.5601190476190476	-30	2	90	7.3478807948841188e-16	6.4047619047619051	-1	-9.0	5.4047619047619051	0.0	-5.5952380952380949	1	1
1.2738418579101562	3	-0.47434115726485704	5.857297270218039	5.3154761904761907	4.5601190476190476	-30	2	90	7.3478807948841188e-16	6.4047619047619051	-1	-9.0	5.4047619047619051	0.0	-5.5952380952380949	1	1
1.2904329299926758	3	-0.4641011608494603	5.8955134571096295	5.3434523809523808	4.5880952380952378	-30	2	90	7.3478807948841188e-16	6.4047619047619051	-1	-9.0	5.4047619047619051	0.0	-5.5952380952380949	1	1
1.3071329593658447	3	-0.47808925608755537	5.919741548763124	5.3434523809523808	4.6160714285714288	-30	2	90	7.3478807948841188e-16	6.4047619047619051	-1	-9.0	5.4047619047619051	0.0	-5.5952380952380949	1	1
1.323678970336914	3	-0.47808925608755537	5.919741548763124	5.3434523809523808	4.6160714285714288	-30	2	90	7.3478807948841188e-16	6.4047619047619051	-1	-9.0	5.4047619047619051	0.0	-5.5952380952380949	1	1
1.3402209281921387	3	-0.46784925967215685	5.9579577356547109	5.371428571428571	4.644047619047619	-30	2	90	7.3478807948841188e-16	6.4047619047619051	-1	-9.0	5.4047619047619051	0.0	-5.5952380952380949	1	1
1.3567888736724854	3	-0.4231411751878671	6.0483782046759824	5.4553571428571432	4.7000000000000002	-30	2	90	7.3478807948841188e-16	6.4047619047619051	-1	-9.0	5.4047619047619051	0.0	-5.5952380952380949	1	1
1.3734099864959717	3	-0.3989130835343735	6.0623662999140784	5.4833333333333334	4.7000000000000002	-30	2	90	7.3478807948841188e-16	6.4047619047619051	-1	-9.0	5.4047619047619051	0.0	-5.5952380952380949	1	1
1.3900067806243896	3	-0.3542049990500855	6.1527867689353499	5.5672619047619047	4.7559523809523814	-30	2	90	7.3478807948841188e-16	6.4047619047619051	-1	-9.0	5.4047619047619051	0.0	-5.5952380952380949	1	1
1.406646966934204	3	-0.3439650026346879	6.1910029558269386	5.5952380952380949	4.7839285714285715	-30	2	90	7.3478807948841188e-16	6.4047619047619051	-1	-9.0	5.4047619047619051	0.0	-5.5952380952380949	1	1
1.4232008457183838	3	-0.3439650026346879	6.1910029558269386	5.5952380952380949	4.7839285714285715	-30	2	90	7.3478807948841188e-16	6.4047619047619051	-1	-9.0	5.4047619047619051	0.0	-5.5952380952380949	1	1
1.439816951751709	3	-0.3197369109811934	6.2049910510650328	5.6232142857142859	4.7839285714285715	-30	2	90	7.3478807948841188e-16	6.4047619047619051	-1	-9.0	5.4047619047619051	0.0	-5.5952380952380949	1	1
1.4563908576965332	3	-0.2955088193277007	6.2189791463031288	5.6511904761904761	4.7839285714285715	-30	2	90	7.3478807948841188e-16	6.4047619047619051	-1	-9.0	5.4047619047619051	0.0	-5.5952380952380949	1	1
1.4730119705200195	3	-0.2955088193277007	6.2189791463031288	5.6511904761904761	4.7839285714285715	-30	2	90	7.3478807948841188e-16	6.4047619047619051	-1	-9.0	5.4047619047619051	0.0	-5.5952380952380949	1	1
1.4895758628845215	3	-0.2955088193277007	6.2189791463031288	5.6511904761904761	4.7839285714285715	-30	2	90	7.3478807948841188e-16	6.4047619047619051	-1	-9.0	5.4047619047619051	0.0	-5.5952380952380949	1	1
1.5063138008117676	3	-0.2955088193277007	6.2189791463031288	5.6511904761904761	4.7839285714285715	-30	2	90	7.3478807948841188e-16	6.4047619047619051	-1	-9.0	5.4047619047619051	0.0	-5.5952380952380949	1	1
1.5228168964385986	3	-0.2955088193277007	6.2189791463031288	5.6511904761904761	4.7839285714285715	-30	2	90	7.3478807948841188e-16	6.4047619047619051	-1	-9.0	5.4047619047619051	0.0	-5.5952380952380949	1	1
1.5393757820129395	3	-0.2955088193277007	6.2189791463031288	5.6511904761904761	4.7839285714285715	-30	2	90	7.3478807948841188e-16	6.4047619047619051	-1	-9.0	5.4047619047619051	0.0	-5.5952380952380949	1	1
1.5559589862823486	3	-0.2955088193277007	6.2189791463031288	5.6511904761904761	4.7839285714285715	-30	2	90	7.3478807948841188e-16	6.4047619047619051	-1	-9.0	5.4047619047619051	0.0	-5.5952380952380949	1	1
1.5727989673614502	3	-0.29550881932770068	6.2189791463031288	5.6511904761904761	4.7839285714285715	-30	2	90	7.3478807948841188e-16	6.4047619047619051	-1	-9.0	5.4047619047619051	0.0	-5.5952380952380949	1	1
1.5894279479980469	3	-0.32348500980389083	6.2189791463031288	5.6232142857142859	4.7839285714285715	-30	2	90	7.3478807948841188e-16	6.4047619047619051	-1	-9.0	5.4047619047619051	0.0	-5.5952380952380949	1	1
1.6059889793395996	3	-0.32348500980389083	6.2189791463031288	5.6232142857142859	4.7839285714285715	-30	3	90	7.3478807948841188e-16	6.4047619047619051	-1	-9.0	5.4047619047619051	0.0	-5.5952380952380949	1	1
1.6225969791412354	3	-0.32348500980389083	6.2189791463031288	5.6232142857142859	4.7839285714285715	-30	4	90	7.3478807948841188e-16	6.4047619047619051	-1	-9.0	5.4047619047619051	0.0	-5.5952380952380949	1	1
1.6392018795013428	3	-0.32348500980389083	6.2189791463031288	5.6232142857142859	4.7839285714285715	-30	4	90	7.3478807948841188e-16	6.4047619047619051	-1	-9.0	5.4047619047619051	0.0	-5.5952380952380949	1	1
1.6558268070220947	3	-0.32348500980389083	6.2189791463031288	5.6232142857142859	4.7839285714285715	-30	4	90	7.3478807948841188e-16	6.4047619047619051	-1	-9.0	5.4047619047619051	0.0	-5.5952380952380949	1	1
1.6723668575286865	3	-0.32348500980389083	6.2189791463031288	5.6232142857142859	4.7839285714285715	-30	4	90	7.3478807948841188e-16	6.4047619047619051	-1	-9.0	5.4047619047619051	0.0	-5.5952380952380949	1	1
1.688971996307373	3	-0.32348500980389083	6.2189791463031288	5.6232142857142859	4.7839285714285715	-30	4	90	7.3478807948841188e-16	6.4047619047619051	-1	-9.0	5.4047619047619051	0.0	-5.5952380952380949	1	1
1.705535888671875	3	-0.32348500980389083	6.2189791463031288	5.6232142857142859	4.7839285714285715	-30	4	90	7.3478807948841188e-16	6.4047619047619051	-1	-9.0	5.4047619047619051	0.0	-5.5952380952380949	1	1
1.7221479415893555	3	-0.32348500980389083	6.2189791463031288	5.6232142857142859	4.7839285714285715	-30	4	90	7.3478807948841188e-16	6.4047619047619051	-1	-9.0	5.4047619047619051	0.0	-5.5952380952380949	1	1
1.7385179996490479	3	-0.32348500980389083	6.2189791463031288	5.6232142857142859	4.7839285714285715	-30	4	90	7.3478807948841188e-16	6.4047619047619051	-1	-9.0	5.4047619047619051	0.0	-5.5952380952380949	1	1
1.7551138401031494	3	-0.32348500980389083	6.2189791463031288	5.6232142857142859	4.7839285714285715	-30	4	90	7.3478807948841188e-16	6.4047619047619051	-1	-9.0	5.4047619047619051	0.0	-5.5952380952380949	1	1
1.7717077732086182	3	-0.32348500980389083	6.2189791463031288	5.6232142857142859	4.7839285714285715	-30	4	90	7.3478807948841188e-16	6.4047619047619051	-1	-9.0	5.4047619047619051	0.0	-5.5952380952380949	1	1
1.7882599830627441	3	-0.32348500980389083	6.2189791463031288	5.6232142857142859	4.7839285714285715	-30	4	90	7.3478807948841188e-16	6.4047619047619051	-1	-9.0	5.4047619047619051	0.0	-5.5952380952380949	1	1
1.8048110008239746	3	-0.32348500980389083	6.2189791463031288	5.6232142857142859	4.7839285714285715	-30	4	90	7.3478807948841188e-16	6.4047619047619051	-1	-9.0	5.4047619047619051	0.0	-5.5952380952380949	1	1
1.821495771408081	3	-0.32348500980389083	6.2189791463031288	5.6232142857142859	4.7839285714285715	-30	4	90	7.3478807948841188e-16	6.4047619047619051	-1	-9.0	5.4047619047619051	0.0	-5.5952380952380949	1	1
1.8380279541015625	3	-0.49134215266103354	6.2189791463031288	5.4553571428571432	4.7839285714285715	-30	4	90	7.3478807948841188e-16	6.4047619047619051	-1	-9.0	5.4047619047619051	0.0	-5.5952380952380949	1	1
1.854686975479126	3	-0.88300881932770015	6.2189791463031288	5.0636904761904766	4.7839285714285715	-30	4	90	7.3478807948841188e-16	6.4047619047619051	-1	-9.0	5.4047619047619051	0.0	-5.5952380952380949	1	1
1.8712449073791504	3	-1.1627707240896052	6.2189791463031288	4.7839285714285715	4.7839285714285715	-30	4	90	7.3478807948841188e-16	6.4047619047619051	-1	-9.0	5.4047619047619051	0.0	-5.5952380952380949	1	1
1.8880999088287354	3	-1.834199295518177	6.2189791463031288	4.1124999999999998	4.8119047619047617	-30	4	90	7.3478807948841188e-16	6.4047619047619051	-1	-9.0	5.4047619047619051	0.0	-5.5952380952380949	1	1
1.9046719074249268	3	-2.2538421526610337	6.2189791463031288	3.6928571428571431	4.8398809523809527	-30	4	90	7.3478807948841188e-16	6.4047619047619051	-1	-9.0	5.4047619047619051	0.0	-5.5952380952380949	1	1
1.9213500022888184	3	-3.2330088193277007	6.2189791463031288	2.7136904761904761	4.8678571428571429	-30	4	90	7.3478807948841188e-16	6.4047619047619051	-1	-9.0	5.4047619047619051	0.0	-5.5952380952380949	1	1
1.9378647804260254	3	-3.79253262885151	6.2189791463031288	2.1541666666666668	4.8678571428571429	-30	4	90	7.3478807948841188e-16	6.4047619047619051	-1	-9.0	5.4047619047619051	0.0	-5.5952380952380949	1	1
1.954502820968628	3	-4.9395564383753197	6.2189791463031288	1.0071428571428571	4.8398809523809527	-30	4	90	7.3478807948841188e-16	6.4047619047619051	-1	-9.0	5.4047619047619051	0.0	-5.5952380952380949	1	1
1.9711039066314697	3	-6.1425326288515105	6.2189791463031288	-0.19583333333333333	4.7559523809523814	-30	4	90	7.3478807948841188e-16	6.4047619047619051	-1	-9.0	5.4047619047619051	0.0	-5.5952380952380949	1	1
1.987710952758789	3	-7.2895564383753202	6.2189791463031288	-1.3428571428571427	4.7000000000000002	-30	4	90	7.3478807948841188e-16	6.4047619047619051	-1	-9.0	5.4047619047619051	0.0	-5.5952380952380949	1	1
2.0041139125823975	3	-6.756913093164997	2.3592691606415377	-1.8744047619047619	4.6720238095238091	-30	4	90	7.3478807948841188e-16	6.4047619047619051	-1	-9.0	5.4047619047619051	0.0	-5.5952380952380949	1	1
2.020890951156616	3	-7.514475832015988	1.8249777428239149	-2.7976190476190474	4.5880952380952378	-30	4	90	7.3478807948841188e-16	6.4047619047619051	-1	-9.0	5.4047619047619051	0.0	-5.5952380952380949	1	1
2.037414789199829	3	-7.80146483303521	1.5946763214216917	-3.1613095238095239	4.5321428571428575	-30	4	90	7.3478807948841188e-16	6.4047619047619051	-1	-9.0	5.4047619047619051	0.0	-5.5952380952380949	1	1
2.0540518760681152	3	-8.254302376806185	1.2040139548077171	-3.7488095238095238	4.4202380952380951	-30	4	90	7.3478807948841188e-16	6.4047619047619051	-1	-9.0	5.4047619047619051	0.0	-5.5952380952380949	1	1
2.0705809593200684	3	-8.585999462309697	0.88329206438422148	-4.1964285714285712	4.3083333333333336	-30	5	90	7.3478807948841188e-16	6.4047619047619051	-1	-9.0	5.4047619047619051	0.0	-5.5952380952380949	1	1
2.0872437953948975	3	-8.758339902654154	0.62227065373580359	-4.4761904761904763	4.168452380952381	-30	5	90	7.3478807948841188e-16	6.4047619047619051	-1	-9.0	5.4047619047619051	0.0	-5.5952380952380949	1	1
2.103846788406372	3	-8.789059891900347	0.50762209306103756	-4.5601190476190476	4.0845238095238097	-30	5	90	7.3478807948841188e-16	6.4047619047619051	-1	-9.0	5.4047619047619051	0.0	-5.5952380952380949	1	1
2.1204819679260254	3	-8.715371316887174	0.32403735624848995	-4.5880952380952378	3.8886904761904764	-30	5	90	7.3478807948841188e-16	6.4047619047619051	-1	-9.0	5.4047619047619051	0.0	-5.5952380952380949	1	1
2.1369428634643555	3	-8.621202749043205	0.21688499321911792	-4.5601190476190476	3.7488095238095238	-30	5	90	7.3478807948841188e-16	6.4047619047619051	-1	-9.0	5.4047619047619051	0.0	-5.5952380952380949	1	1
2.1535887718200684	3	-8.321965151503196	0.034304556459264113	-4.3922619047619049	3.4410714285714286	-30	5	90	7.3478807948841188e-16	6.4047619047619051	-1	-9.0	5.4047619047619051	0.0	-5.5952380952380949	1	1
2.1701719760894775	3	-7.883850901634932	-0.16500777430868752	-4.1124999999999998	3.049404761904762	-30	5	90	7.3478807948841188e-16	6.4047619047619051	-1	-9.0	5.4047619047619051	0.0	-5.5952380952380949	1	1
2.186856985092163	3	-7.306859999438408	-0.38105199908473963	-3.7208333333333332	2.573809523809524	-30	5	90	7.3478807948841188e-16	6.4047619047619051	-1	-9.0	5.4047619047619051	0.0	-5.5952380952380949	1	1
2.2034339904785156	3	-6.987142409067605	-0.48720006206141697	-3.4970238095238093	2.3220238095238095	-30	5	90	7.3478807948841188e-16	6.4047619047619051	-1	-9.0	5.4047619047619051	0.0	-5.5952380952380949	1	1
2.22011399269104	3	-6.271274854542822	-0.71997618084556692	-2.9934523809523808	1.7625	-30	5	90	7.3478807948841188e-16	6.4047619047619051	-1	-9.0	5.4047619047619051	0.0	-5.5952380952380949	1	1
2.2364559173583984	3	-5.875124890388842	-0.84660423665303952	-2.7136904761904761	1.4547619047619047	-30	5	90	7.3478807948841188e-16	6.4047619047619051	-1	-9.0	5.4047619047619051	0.0	-5.5952380952380949	1	1
2.2531979084014893	3	-5.058596870427389	-1.0858722530298905	-2.1261904761904762	0.8392857142857143	-30	5	90	7.3478807948841188e-16	6.4047619047619051	-1	-9.0	5.4047619047619051	0.0	-5.5952380952380949	1	1
2.26975679397583	3	-4.228080755227841	-1.3493683610602352	-1.5386904761904763	0.19583333333333333	-30	5	90	7.3478807948841188e-16	6.4047619047619051	-1	-9.0	5.4047619047619051	0.0	-5.5952380952380949	1	1
2.286357879638672	3	-3.418044632859089	-1.6892968428737567	-1.0071428571428571	-0.50357142857142856	-30	5	90	7.3478807948841188e-16	6.4047619047619051	-1	-9.0	5.4047619047619051	0.0	-5.5952380952380949	1	1
2.3029379844665527	3	-3.0321346651205068	-1.8541410855728184	-0.75535714285714284	-0.8392857142857143	-30	5	90	7.3478807948841188e-16	6.4047619047619051	-1	-9.0	5.4047619047619051	0.0	-5.5952380952380949	1	1
2.3195979595184326	3	-2.2845428212968364	-2.197817666209037	-0.27976190476190477	-1.5107142857142857	-30	5	90	7.3478807948841188e-16	6.4047619047619051	-1	-9.0	5.4047619047619051	0.0	-5.5952380952380949	1	1
2.3361639976501465	3	-1.922860945211748	-2.3766500041461938	-0.055952380952380955	-1.8464285714285715	-30	5	90	7.3478807948841188e-16	6.4047619047619051	-1	-9.0	5.4047619047619051	0.0	-5.5952380952380949	1	1
2.352794885635376	3	-1.2759295668247475	-2.7138346871897112	0.33571428571428569	-2.461904761904762	-30	5	90	7.3478807948841188e-16	6.4047619047619051	-1	-9.0	5.4047619047619051	0.0	-5.5952380952380949	1	1
2.369304895401001	3	-0.6914424669828289	-3.0547674690559257	0.67142857142857137	-3.049404761904762	-30	5	90	7.3478807948841188e-16	6.4047619047619051	-1	-9.0	5.4047619047619051	0.0	-5.5952380952380949	1	1
2.3859639167785645	3	-0.18338774092408705	-3.3752202580913448	0.95119047619047614	-3.5809523809523811	-30	5	90	7.3478807948841188e-16	6.4047619047619051	-1	-9.0	5.4047619047619051	0.0	-5.5952380952380949	1	1
2.402517795562744	3	0.04965747924814068	-3.4991045151288143	1.0910714285714285	-3.8047619047619046	-30	5	90	7.3478807948841188e-16	6.4047619047619051	-1	-9.0	5.4047619047619051	0.0	-5.5952380952380949	1	1
2.4190797805786133	3	0.44306364463211734	-3.7888373149180392	1.286904761904762	-4.2523809523809524	-30	5	90	7.3478807948841188e-16	6.4047619047619051	-1	-9.0	5.4047619047619051	0.0	-5.5952380952380949	1	1
2.43576979637146	3	0.6136645862592639	-3.9164696707782065	1.3708333333333333	-4.4482142857142861	-30	5	90	7.3478807948841188e-16	6.4047619047619051	-1	-9.0	5.4047619047619051	0.0	-5.5952380952380949	1	1
2.4522337913513184	3	0.8886740921457774	-4.1130382027761563	1.5107142857142857	-4.7559523809523814	-30	5	90	7.3478807948841188e-16	6.4047619047619051	-1	-9.0	5.4047619047619051	0.0	-5.5952380952380949	1	1
2.4688007831573486	3	1.0210588468813353	-4.2304305622209251	1.5666666666666667	-4.9238095238095241	-30	5	90	7.3478807948841188e-16	6.4047619047619051	-1	-9.0	5.4047619047619051	0.0	-5.5952380952380949	1	1
2.4854798316955566	3	1.0210588468813353	-4.2304305622209251	1.5666666666666667	-4.9238095238095241	-30	5	90	7.3478807948841188e-16	6.4047619047619051	-1	-9.0	5.4047619047619051	0.0	-5.5952380952380949	1	1
2.5020740032196045	3	1.0210588468813353	-4.2304305622209251	1.5666666666666667	-4.9238095238095241	-30	5	90	7.3478807948841188e-16	6.4047619047619051	-1	-9.0	5.4047619047619051	0.0	-5.5952380952380949	1	1
2.518683910369873	3	1.0210588468813353	-4.2304305622209251	1.5666666666666667	-4.9238095238095241	-30	5	90	7.3478807948841188e-16	6.4047619047619051	-1	-9.0	5.4047619047619051	0.0	-5.5952380952380949	1	1
2.535327911376953	3	1.0210588468813353	-4.2304305622209251	1.5666666666666667	-4.9238095238095241	-30	5	90	7.3478807948841188e-16	6.4047619047619051	-1	-9.0	5.4047619047619051	0.0	-5.5952380952380949	1	1
2.551926851272583	3	1.0210588468813353	-4.2304305622209251	1.5666666666666667	-4.9238095238095241	-30	5	90	7.3478807948841188e-16	6.4047619047619051	-1	-9.0	5.4047619047619051	0.0	-5.5952380952380949	1	1
2.5684258937835693	3	1.0210588468813353	-4.2304305622209251	1.5666666666666667	-4.9238095238095241	-30	5	90	7.3478807948841188e-16	6.4047619047619051	-1	-9.0	5.4047619047619051	0.0	-5.5952380952380949	1	1
2.585073947906494	3	1.0210588468813353	-4.2304305622209251	1.5666666666666667	-4.9238095238095241	-30	5	90	7.3478807948841188e-16	6.4047619047619051	-1	-9.0	5.4047619047619051	0.0	-5.5952380952380949	1	1
2.6016459465026855	3	1.0210588468813353	-4.2304305622209251	1.5666666666666667	-4.9238095238095241	-30	5	90	7.3478807948841188e-16	6.4047619047619051	-1	-9.0	5.4047619047619051	0.0	-5.5952380952380949	1	1
2.6182339191436768	3	1.0210588468813353	-4.2304305622209251	1.5666666666666667	-4.9238095238095241	-30	5	90	7.3478807948841188e-16	6.4047619047619051	-1	-9.0	5.4047619047619051	0.0	-5.5952380952380949	1	1
2.6349048614501953	3	1.0210588468813353	-4.2304305622209251	1.5666666666666667	-4.9238095238095241	-30	5	90	7.3478807948841188e-16	6.4047619047619051	-1	-9.0	5.4047619047619051	0.0	-5.5952380952380949	1	1
2.651500940322876	3	1.0210588468813353	-4.2304305622209251	1.5666666666666667	-4.9238095238095241	-30	5	90	7.3478807948841188e-16	6.4047619047619051	-1	-9.0	5.4047619047619051	0.0	-5.5952380952380949	1	1
2.6680288314819336	3	0.9483745719208556	-4.2723948479352103	1.4827380952380953	-4.9238095238095241	-30	5	90	7.3478807948841188e-16	6.4047619047619051	-1	-9.0	5.4047619047619051	0.0	-5.5952380952380949	1	1
2.6846039295196533	3	0.8896783921984708	-4.3385872253029891	1.3988095238095237	-4.9517857142857142	-30	5	90	7.3478807948841188e-16	6.4047619047619051	-1	-9.0	5.4047619047619051	0.0	-5.5952380952380949	1	1
2.7009429931640625	3	0.685613662555127	-4.4887081740993393	1.1470238095238094	-4.9797619047619044	-30	5	90	7.3478807948841188e-16	6.4047619047619051	-1	-9.0	5.4047619047619051	0.0	-5.5952380952380949	1	1
2.717524766921997	3	0.5402451126341676	-4.5726367455279107	0.97916666666666663	-4.9797619047619044	-30	5	90	7.3478807948841188e-16	6.4047619047619051	-1	-9.0	5.4047619047619051	0.0	-5.5952380952380949	1	1
2.734174966812134	3	0.24301611519954863	-4.8411543538217243	0.58750000000000002	-5.0636904761904766	-30	5	90	7.3478807948841188e-16	6.4047619047619051	-1	-9.0	5.4047619047619051	0.0	-5.5952380952380949	1	1
2.7507259845733643	3	0.022219491548105763	-5.1301519549463324	0.25178571428571428	-5.2035714285714283	-30	5	90	7.3478807948841188e-16	6.4047619047619051	-1	-9.0	5.4047619047619051	0.0	-5.5952380952380949	1	1
