time	trial	cursorx	cursory	hand_x	hand_Y	rotation	step	targetangle	targetposx	targetposy	garagelocation	garageposx	garageposy	homex	homey	group	trial_type
0.0	3	-0.41964285714285715	-5.2595238095238095	-0.41964285714285715	-5.2595238095238095	0	5	90	7.3478807948841188e-16	6.4047619047619051	1	9.0	5.4047619047619051	0.0	-5.5952380952380949	1	-1
0.031110048294067383	3	0.027976190476190477	-5.5952380952380949	0.027976190476190477	-5.5952380952380949	0	1	90	7.3478807948841188e-16	6.4047619047619051	1	9.0	5.4047619047619051	0.0	-5.5952380952380949	1	-1
0.04801297187805176	3	0.08392857142857142	-5.6511904761904761	0.083928571428571422	-5.6511904761904761	0	1	90	7.3478807948841188e-16	6.4047619047619051	1	9.0	5.4047619047619051	0.0	-5.5952380952380949	1	-1
0.0645909309387207	3	0.11190476190476191	-5.6791666666666663	0.11190476190476191	-5.6791666666666663	0	1	90	7.3478807948841188e-16	6.4047619047619051	1	9.0	5.4047619047619051	0.0	-5.5952380952380949	1	-1
0.08117413520812988	3	0.11190476190476191	-5.7071428571428573	0.11190476190476191	-5.7071428571428573	0	1	90	7.3478807948841188e-16	6.4047619047619051	1	9.0	5.4047619047619051	0.0	-5.5952380952380949	1	-1
0.09773612022399902	3	0.11190476190476191	-5.7071428571428573	0.11190476190476191	-5.7071428571428573	0	1	90	7.3478807948841188e-16	6.4047619047619051	1	9.0	5.4047619047619051	0.0	-5.5952380952380949	1	-1
0.11440396308898926	3	0.11190476190476191	-5.6791666666666663	0.11190476190476191	-5.6791666666666663	0	1	90	7.3478807948841188e-16	6.4047619047619051	1	9.0	5.4047619047619051	0.0	-5.5952380952380949	1	-1
0.13094592094421387	3	0.11190476190476191	-5.6791666666666663	0.11190476190476191	-5.6791666666666663	0	1	90	7.3478807948841188e-16	6.4047619047619051	1	9.0	5.4047619047619051	0.0	-5.5952380952380949	1	-1
0.1475520133972168	3	0.11190476190476191	-5.6791666666666663	0.11190476190476191	-5.6791666666666663	0	1	90	7.3478807948841188e-16	6.4047619047619051	1	9.0	5.4047619047619051	0.0	-5.5952380952380949	1	-1
0.1641559600830078	3	0.11190476190476191	-5.6791666666666663	0.11190476190476191	-5.6791666666666663	0	1	90	7.3478807948841188e-16	6.4047619047619051	1	9.0	5.4047619047619051	0.0	-5.5952380952380949	1	-1
0.1808171272277832	3	0.11190476190476191	-5.6791666666666663	0.11190476190476191	-5.6791666666666663	0	1	90	7.3478807948841188e-16	6.4047619047619051	1	9.0	5.4047619047619051	0.0	-5.5952380952380949	1	-1
0.19711899757385254	3	0.11190476190476191	-5.6791666666666663	0.11190476190476191	-5.6791666666666663	0	1	90	7.3478807948841188e-16	6.4047619047619051	1	9.0	5.4047619047619051	0.0	-5.5952380952380949	1	-1
0.2138669490814209	3	0.11190476190476191	-5.6791666666666663	0.11190476190476191	-5.6791666666666663	0	1	90	7.3478807948841188e-16	6.4047619047619051	1	9.0	5.4047619047619051	0.0	-5.5952380952380949	1	-1
0.23042511940002441	3	0.11190476190476191	-5.6791666666666663	0.11190476190476191	-5.6791666666666663	0	1	90	7.3478807948841188e-16	6.4047619047619051	1	9.0	5.4047619047619051	0.0	-5.5952380952380949	1	-1
0.2469959259033203	3	0.11190476190476191	-5.6791666666666663	0.11190476190476191	-5.6791666666666663	0	1	90	7.3478807948841188e-16	6.4047619047619051	1	9.0	5.4047619047619051	0.0	-5.5952380952380949	1	-1
0.26363110542297363	3	0.11190476190476191	-5.6791666666666663	0.11190476190476191	-5.6791666666666663	0	1	90	7.3478807948841188e-16	6.4047619047619051	1	9.0	5.4047619047619051	0.0	-5.5952380952380949	1	-1
0.28021693229675293	3	0.11190476190476191	-5.6791666666666663	0.11190476190476191	-5.6791666666666663	0	1	90	7.3478807948841188e-16	6.4047619047619051	1	9.0	5.4047619047619051	0.0	-5.5952380952380949	1	-1
0.296828031539917	3	0.11190476190476191	-5.6791666666666663	0.11190476190476191	-5.6791666666666663	0	1	90	7.3478807948841188e-16	6.4047619047619051	1	9.0	5.4047619047619051	0.0	-5.5952380952380949	1	-1
0.3134639263153076	3	0.11190476190476191	-5.6791666666666663	0.11190476190476191	-5.6791666666666663	0	1	90	7.3478807948841188e-16	6.4047619047619051	1	9.0	5.4047619047619051	0.0	-5.5952380952380949	1	-1
0.33002710342407227	3	0.11190476190476191	-5.6791666666666663	0.11190476190476191	-5.6791666666666663	0	1	90	7.3478807948841188e-16	6.4047619047619051	1	9.0	5.4047619047619051	0.0	-5.5952380952380949	1	-1
0.346560001373291	3	0.11190476190476191	-5.6791666666666663	0.11190476190476191	-5.6791666666666663	0	1	90	7.3478807948841188e-16	6.4047619047619051	1	9.0	5.4047619047619051	0.0	-5.5952380952380949	1	-1
0.3631629943847656	3	0.08392857142857142	-5.5952380952380949	0.083928571428571422	-5.5952380952380949	0	1	90	7.3478807948841188e-16	6.4047619047619051	1	9.0	5.4047619047619051	0.0	-5.5952380952380949	1	-1
0.37978410720825195	3	0.027976190476190477	-5.399404761904762	0.027976190476190477	-5.399404761904762	0	1	90	7.3478807948841188e-16	6.4047619047619051	1	9.0	5.4047619047619051	0.0	-5.5952380952380949	1	-1
0.3963770866394043	3	0.027976190476190477	-5.2315476190476193	0.027976190476190477	-5.2315476190476193	0	1	90	7.3478807948841188e-16	6.4047619047619051	1	9.0	5.4047619047619051	0.0	-5.5952380952380949	1	-1
0.41292810440063477	3	0.0	-4.8119047619047617	0.0	-4.8119047619047617	0	1	90	7.3478807948841188e-16	6.4047619047619051	1	9.0	5.4047619047619051	0.0	-5.5952380952380949	1	-1
0.42960405349731445	3	-0.055952380952380955	-4.2523809523809524	-0.055952380952380955	-4.2523809523809524	0	1	90	7.3478807948841188e-16	6.4047619047619051	1	9.0	5.4047619047619051	0.0	-5.5952380952380949	1	-1
0.4462101459503174	3	-0.08392857142857142	-3.9166666666666665	-0.083928571428571422	-3.9166666666666665	0	1	90	7.3478807948841188e-16	6.4047619047619051	1	9.0	5.4047619047619051	0.0	-5.5952380952380949	1	-1
0.46275901794433594	3	-0.13988095238095238	-3.1892857142857145	-0.13988095238095238	-3.1892857142857145	0	1	90	7.3478807948841188e-16	6.4047619047619051	1	9.0	5.4047619047619051	0.0	-5.5952380952380949	1	-1
0.4793109893798828	3	-0.13988095238095238	-2.4059523809523808	-0.13988095238095238	-2.4059523809523808	0	1	90	7.3478807948841188e-16	6.4047619047619051	1	9.0	5.4047619047619051	0.0	-5.5952380952380949	1	-1
0.49590301513671875	3	-0.11190476190476191	-2.0142857142857142	-0.11190476190476191	-2.0142857142857142	0	2	90	7.3478807948841188e-16	6.4047619047619051	1	9.0	5.4047619047619051	0.0	-5.5952380952380949	1	-1
0.5125501155853271	3	-0.08392857142857142	-1.2029761904761909	-0.083928571428571422	-1.2029761904761904	0	2	90	7.3478807948841188e-16	6.4047619047619051	1	9.0	5.4047619047619051	0.0	-5.5952380952380949	1	-1
0.5291769504547119	3	-0.08392857142857142	-0.39166666666666661	-0.083928571428571422	-0.39166666666666666	0	2	90	7.3478807948841188e-16	6.4047619047619051	1	9.0	5.4047619047619051	0.0	-5.5952380952380949	1	-1
0.5457439422607422	3	-0.08392857142857142	0.0	-0.083928571428571422	0.0	0	2	90	7.3478807948841188e-16	6.4047619047619051	1	9.0	5.4047619047619051	0.0	-5.5952380952380949	1	-1
0.5623271465301514	3	-0.08392857142857142	0.81130952380952337	-0.083928571428571422	0.81130952380952381	0	2	90	7.3478807948841188e-16	6.4047619047619051	1	9.0	5.4047619047619051	0.0	-5.5952380952380949	1	-1
0.5789210796356201	3	-0.08392857142857142	1.2029761904761909	-0.083928571428571422	1.2029761904761904	0	2	90	7.3478807948841188e-16	6.4047619047619051	1	9.0	5.4047619047619051	0.0	-5.5952380952380949	1	-1
0.5954890251159668	3	0.0	2.0142857142857142	0.0	2.0142857142857142	0	2	90	7.3478807948841188e-16	6.4047619047619051	1	9.0	5.4047619047619051	0.0	-5.5952380952380949	1	-1
0.6120641231536865	3	0.08392857142857142	2.7136904761904752	0.083928571428571422	2.7136904761904761	0	2	90	7.3478807948841188e-16	6.4047619047619051	1	9.0	5.4047619047619051	0.0	-5.5952380952380949	1	-1
0.6287679672241211	3	0.11190476190476191	2.9934523809523803	0.11190476190476191	2.9934523809523808	0	2	90	7.3478807948841188e-16	6.4047619047619051	1	9.0	5.4047619047619051	0.0	-5.5952380952380949	1	-1
0.6453261375427246	3	0.13988095238095238	3.4970238095238102	0.13988095238095238	3.4970238095238093	0	2	90	7.3478807948841188e-16	6.4047619047619051	1	9.0	5.4047619047619051	0.0	-5.5952380952380949	1	-1
0.6619040966033936	3	0.13988095238095238	3.9446428571428562	0.13988095238095238	3.9446428571428571	0	2	90	7.3478807948841188e-16	6.4047619047619051	1	9.0	5.4047619047619051	0.0	-5.5952380952380949	1	-1
0.6784780025482178	3	0.13988095238095238	4.1404761904761909	0.13988095238095238	4.1404761904761909	0	2	90	7.3478807948841188e-16	6.4047619047619051	1	9.0	5.4047619047619051	0.0	-5.5952380952380949	1	-1
0.6952569484710693	3	0.13988095238095238	4.5321428571428584	0.13988095238095238	4.5321428571428575	0	2	90	7.3478807948841188e-16	6.4047619047619051	1	9.0	5.4047619047619051	0.0	-5.5952380952380949	1	-1
0.7119460105895996	3	0.13988095238095238	4.8398809523809518	0.13988095238095238	4.8398809523809527	0	2	90	7.3478807948841188e-16	6.4047619047619051	1	9.0	5.4047619047619051	0.0	-5.5952380952380949	1	-1
0.7286050319671631	3	0.13988095238095238	4.9517857142857142	0.13988095238095238	4.9517857142857142	0	2	90	7.3478807948841188e-16	6.4047619047619051	1	9.0	5.4047619047619051	0.0	-5.5952380952380949	1	-1
0.745142936706543	3	0.08392857142857142	5.0916666666666668	0.083928571428571422	5.0916666666666668	0	2	90	7.3478807948841188e-16	6.4047619047619051	1	9.0	5.4047619047619051	0.0	-5.5952380952380949	1	-1
0.7617180347442627	3	0.055952380952380955	5.1476190476190489	0.055952380952380955	5.147619047619048	0	2	90	7.3478807948841188e-16	6.4047619047619051	1	9.0	5.4047619047619051	0.0	-5.5952380952380949	1	-1
0.7783529758453369	3	0.055952380952380955	5.1476190476190489	0.055952380952380955	5.147619047619048	0	2	90	7.3478807948841188e-16	6.4047619047619051	1	9.0	5.4047619047619051	0.0	-5.5952380952380949	1	-1
0.7948751449584961	3	0.055952380952380955	5.1476190476190489	0.055952380952380955	5.147619047619048	0	2	90	7.3478807948841188e-16	6.4047619047619051	1	9.0	5.4047619047619051	0.0	-5.5952380952380949	1	-1
0.8114850521087646	3	0.055952380952380955	5.1476190476190489	0.055952380952380955	5.147619047619048	0	2	90	7.3478807948841188e-16	6.4047619047619051	1	9.0	5.4047619047619051	0.0	-5.5952380952380949	1	-1
0.8281650543212891	3	0.055952380952380955	5.1476190476190489	0.055952380952380955	5.147619047619048	0	2	90	7.3478807948841188e-16	6.4047619047619051	1	9.0	5.4047619047619051	0.0	-5.5952380952380949	1	-1
0.844433069229126	3	0.055952380952380955	5.1476190476190489	0.055952380952380955	5.147619047619048	0	2	90	7.3478807948841188e-16	6.4047619047619051	1	9.0	5.4047619047619051	0.0	-5.5952380952380949	1	-1
0.8610410690307617	3	0.055952380952380955	5.1476190476190489	0.055952380952380955	5.147619047619048	0	2	90	7.3478807948841188e-16	6.4047619047619051	1	9.0	5.4047619047619051	0.0	-5.5952380952380949	1	-1
0.8776159286499023	3	0.055952380952380955	5.1476190476190489	0.055952380952380955	5.147619047619048	0	2	90	7.3478807948841188e-16	6.4047619047619051	1	9.0	5.4047619047619051	0.0	-5.5952380952380949	1	-1
0.8941960334777832	3	0.055952380952380955	5.1476190476190489	0.055952380952380955	5.147619047619048	0	2	90	7.3478807948841188e-16	6.4047619047619051	1	9.0	5.4047619047619051	0.0	-5.5952380952380949	1	-1
0.9107649326324463	3	0.055952380952380955	5.1476190476190489	0.055952380952380955	5.147619047619048	0	3	90	7.3478807948841188e-16	6.4047619047619051	1	9.0	5.4047619047619051	0.0	-5.5952380952380949	1	-1
0.9274940490722656	3	0.055952380952380955	5.1476190476190489	0.055952380952380955	5.147619047619048	0	4	90	7.3478807948841188e-16	6.4047619047619051	1	9.0	5.4047619047619051	0.0	-5.5952380952380949	1	-1
0.9439589977264404	3	0.055952380952380955	5.1476190476190489	0.055952380952380955	5.147619047619048	0	4	90	7.3478807948841188e-16	6.4047619047619051	1	9.0	5.4047619047619051	0.0	-5.5952380952380949	1	-1
0.960536003112793	3	0.055952380952380955	5.1476190476190489	0.055952380952380955	5.147619047619048	0	4	90	7.3478807948841188e-16	6.4047619047619051	1	9.0	5.4047619047619051	0.0	-5.5952380952380949	1	-1
0.9772250652313232	3	0.055952380952380955	5.1476190476190489	0.055952380952380955	5.147619047619048	0	4	90	7.3478807948841188e-16	6.4047619047619051	1	9.0	5.4047619047619051	0.0	-5.5952380952380949	1	-1
0.9937851428985596	3	0.055952380952380955	5.1476190476190489	0.055952380952380955	5.147619047619048	0	4	90	7.3478807948841188e-16	6.4047619047619051	1	9.0	5.4047619047619051	0.0	-5.5952380952380949	1	-1
1.0103340148925781	3	0.055952380952380955	5.1476190476190489	0.055952380952380955	5.147619047619048	0	4	90	7.3478807948841188e-16	6.4047619047619051	1	9.0	5.4047619047619051	0.0	-5.5952380952380949	1	-1
1.0270280838012695	3	0.055952380952380955	5.1476190476190489	0.055952380952380955	5.147619047619048	0	4	90	7.3478807948841188e-16	6.4047619047619051	1	9.0	5.4047619047619051	0.0	-5.5952380952380949	1	-1
1.0435469150543213	3	0.083928571428571422	5.1476190476190489	0.083928571428571422	5.147619047619048	0	4	90	7.3478807948841188e-16	6.4047619047619051	1	9.0	5.4047619047619051	0.0	-5.5952380952380949	1	-1
1.0601251125335693	3	0.083928571428571422	5.1476190476190489	0.083928571428571422	5.147619047619048	0	4	90	7.3478807948841188e-16	6.4047619047619051	1	9.0	5.4047619047619051	0.0	-5.5952380952380949	1	-1
1.0767619609832764	3	0.16785714285714284	5.1476190476190489	0.16785714285714284	5.147619047619048	0	4	90	7.3478807948841188e-16	6.4047619047619051	1	9.0	5.4047619047619051	0.0	-5.5952380952380949	1	-1
1.0933809280395508	3	0.53154761904761905	5.1476190476190489	0.53154761904761905	5.2035714285714283	0	4	90	7.3478807948841188e-16	6.4047619047619051	1	9.0	5.4047619047619051	0.0	-5.5952380952380949	1	-1
1.1099720001220703	3	1.3148809523809524	5.1476190476190489	1.3148809523809524	5.3154761904761907	0	4	90	7.3478807948841188e-16	6.4047619047619051	1	9.0	5.4047619047619051	0.0	-5.5952380952380949	1	-1
1.1265299320220947	3	1.8744047619047619	5.1476190476190489	1.8744047619047619	5.371428571428571	0	4	90	7.3478807948841188e-16	6.4047619047619051	1	9.0	5.4047619047619051	0.0	-5.5952380952380949	1	-1
1.143157958984375	3	3.2172619047619047	5.1476190476190489	3.2172619047619047	5.4833333333333334	0	4	90	7.3478807948841188e-16	6.4047619047619051	1	9.0	5.4047619047619051	0.0	-5.5952380952380949	1	-1
1.1596801280975342	3	3.9726190476190477	5.1476190476190489	3.9726190476190477	5.4833333333333334	0	4	90	7.3478807948841188e-16	6.4047619047619051	1	9.0	5.4047619047619051	0.0	-5.5952380952380949	1	-1
1.1763451099395752	3	5.399404761904762	5.1476190476190489	5.399404761904762	5.4833333333333334	0	4	90	7.3478807948841188e-16	6.4047619047619051	1	9.0	5.4047619047619051	0.0	-5.5952380952380949	1	-1
1.1928551197052002	3	6.602380952380952	5.1476190476190489	6.602380952380952	5.371428571428571	0	4	90	7.3478807948841188e-16	6.4047619047619051	1	9.0	5.4047619047619051	0.0	-5.5952380952380949	1	-1
1.2094929218292236	3	7.5255952380952378	5.1476190476190489	7.5255952380952378	5.2035714285714283	0	4	90	7.3478807948841188e-16	6.4047619047619051	1	9.0	5.4047619047619051	0.0	-5.5952380952380949	1	-1
1.2261090278625488	3	7.8892857142857142	5.1476190476190489	7.8892857142857142	5.0916666666666668	0	4	90	7.3478807948841188e-16	6.4047619047619051	1	9.0	5.4047619047619051	0.0	-5.5952380952380949	1	-1
1.2427411079406738	3	8.4488095238095244	5.1476190476190489	8.4488095238095244	4.8678571428571429	0	4	90	7.3478807948841188e-16	6.4047619047619051	1	9.0	5.4047619047619051	0.0	-5.5952380952380949	1	-1
1.2592480182647705	3	8.6726190476190474	5.1476190476190489	8.6726190476190474	4.7279761904761903	0	4	90	7.3478807948841188e-16	6.4047619047619051	1	9.0	5.4047619047619051	0.0	-5.5952380952380949	1	-1
1.275831937789917	3	8.8964285714285722	5.1476190476190489	8.8964285714285722	4.4202380952380951	0	4	90	7.3478807948841188e-16	6.4047619047619051	1	9.0	5.4047619047619051	0.0	-5.5952380952380949	1	-1
1.2924540042877197	3	8.8404761904761902	5.1476190476190489	8.8404761904761902	4.0565476190476186	0	4	90	7.3478807948841188e-16	6.4047619047619051	1	9.0	5.4047619047619051	0.0	-5.5952380952380949	1	-1
1.3091270923614502	3	8.3928571428571423	5.1476190476190489	8.3928571428571423	3.5809523809523811	0	4	90	7.3478807948841188e-16	6.4047619047619051	1	9.0	5.4047619047619051	0.0	-5.5952380952380949	1	-1
1.3257091045379639	3	8.0571428571428569	5.1476190476190489	8.0571428571428569	3.3291666666666666	0	4	90	7.3478807948841188e-16	6.4047619047619051	1	9.0	5.4047619047619051	0.0	-5.5952380952380949	1	-1
1.3425800800323486	3	7.2458333333333336	5.1476190476190489	7.2458333333333336	2.7696428571428573	0	4	90	7.3478807948841188e-16	6.4047619047619051	1	9.0	5.4047619047619051	0.0	-5.5952380952380949	1	-1
1.3590519428253174	3	6.7982142857142858	5.1476190476190489	6.7982142857142858	2.4898809523809522	0	4	90	7.3478807948841188e-16	6.4047619047619051	1	9.0	5.4047619047619051	0.0	-5.5952380952380949	1	-1
1.3757140636444092	3	5.8190476190476188	5.1476190476190489	5.8190476190476188	1.8744047619047619	0	4	90	7.3478807948841188e-16	6.4047619047619051	1	9.0	5.4047619047619051	0.0	-5.5952380952380949	1	-1
1.3923170566558838	3	4.8119047619047617	5.1476190476190489	4.8119047619047617	1.175	0	4	90	7.3478807948841188e-16	6.4047619047619051	1	9.0	5.4047619047619051	0.0	-5.5952380952380949	1	-1
1.408890962600708	3	4.3083333333333336	5.1476190476190489	4.3083333333333336	0.75535714285714284	0	4	90	7.3478807948841188e-16	6.4047619047619051	1	9.0	5.4047619047619051	0.0	-5.5952380952380949	1	-1
1.4254801273345947	3	3.301190476190476	5.1476190476190489	3.301190476190476	-0.11190476190476191	0	4	90	7.3478807948841188e-16	6.4047619047619051	1	9.0	5.4047619047619051	0.0	-5.5952380952380949	1	-1
1.4421489238739014	3	2.4059523809523808	5.1476190476190489	2.4059523809523808	-1.0071428571428571	0	4	90	7.3478807948841188e-16	6.4047619047619051	1	9.0	5.4047619047619051	0.0	-5.5952380952380949	1	-1
1.4585740566253662	3	2.0142857142857142	5.1476190476190489	2.0142857142857142	-1.4547619047619047	0	4	90	7.3478807948841188e-16	6.4047619047619051	1	9.0	5.4047619047619051	0.0	-5.5952380952380949	1	-1
1.475269079208374	3	1.3708333333333333	5.1476190476190489	1.3708333333333333	-2.3220238095238095	0	4	90	7.3478807948841188e-16	6.4047619047619051	1	9.0	5.4047619047619051	0.0	-5.5952380952380949	1	-1
1.4918279647827148	3	0.89523809523809528	5.1476190476190489	0.89523809523809528	-3.1892857142857145	0	4	90	7.3478807948841188e-16	6.4047619047619051	1	9.0	5.4047619047619051	0.0	-5.5952380952380949	1	-1
1.5082480907440186	3	0.72738095238095235	5.1476190476190489	0.72738095238095235	-3.6089285714285713	0	4	90	7.3478807948841188e-16	6.4047619047619051	1	9.0	5.4047619047619051	0.0	-5.5952380952380949	1	-1
1.5247831344604492	3	0.44761904761904764	5.1476190476190489	0.44761904761904764	-4.4202380952380951	0	4	90	7.3478807948841188e-16	6.4047619047619051	1	9.0	5.4047619047619051	0.0	-5.5952380952380949	1	-1
1.5414519309997559	3	0.25178571428571428	5.1476190476190489	0.25178571428571428	-5.147619047619048	0	4	90	7.3478807948841188e-16	6.4047619047619051	1	9.0	5.4047619047619051	0.0	-5.5952380952380949	1	-1
1.5579969882965088	3	0.16785714285714284	5.1476190476190489	0.16785714285714284	-5.399404761904762	0	4	90	7.3478807948841188e-16	6.4047619047619051	1	9.0	5.4047619047619051	0.0	-5.5952380952380949	1	-1
1.574613094329834	3	0.13988095238095238	5.1476190476190489	0.13988095238095238	-5.6511904761904761	0	4	90	7.3478807948841188e-16	6.4047619047619051	1	9.0	5.4047619047619051	0.0	-5.5952380952380949	1	-1
1.5911650657653809	3	0.13988095238095238	5.1476190476190489	0.13988095238095238	-5.6511904761904761	0	4	90	7.3478807948841188e-16	6.4047619047619051	1	9.0	5.4047619047619051	0.0	-5.5952380952380949	1	-1
1.6077520847320557	3	0.13988095238095238	5.1476190476190489	0.13988095238095238	-5.6511904761904761	0	4	90	7.3478807948841188e-16	6.4047619047619051	1	9.0	5.4047619047619051	0.0	-5.5952380952380949	1	-1
1.6243259906768799	3	0.13988095238095238	5.1476190476190489	0.13988095238095238	-5.6511904761904761	0	4	90	7.3478807948841188e-16	6.4047619047619051	1	9.0	5.4047619047619051	0.0	-5.5952380952380949	1	-1
1.6409809589385986	3	0.11190476190476191	5.1476190476190489	0.11190476190476191	-5.6511904761904761	0	4	90	7.3478807948841188e-16	6.4047619047619051	1	9.0	5.4047619047619051	0.0	-5.5952380952380949	1	-1
1.6577999591827393	3	0.11190476190476191	5.1476190476190489	0.11190476190476191	-5.6511904761904761	0	4	90	7.3478807948841188e-16	6.4047619047619051	1	9.0	5.4047619047619051	0.0	-5.5952380952380949	1	-1
1.6744120121002197	3	0.11190476190476191	5.1476190476190489	0.11190476190476191	-5.6511904761904761	0	4	90	7.3478807948841188e-16	6.4047619047619051	1	9.0	5.4047619047619051	0.0	-5.5952380952380949	1	-1
1.6909840106964111	3	0.11190476190476191	5.1476190476190489	0.11190476190476191	-5.6511904761904761	0	4	90	7.3478807948841188e-16	6.4047619047619051	1	9.0	5.4047619047619051	0.0	-5.5952380952380949	1	-1
1.7076261043548584	3	0.11190476190476191	5.1476190476190489	0.11190476190476191	-5.6511904761904761	0	4	90	7.3478807948841188e-16	6.4047619047619051	1	9.0	5.4047619047619051	0.0	-5.5952380952380949	1	-1
1.724174976348877	3	0.11190476190476191	5.1476190476190489	0.11190476190476191	-5.6511904761904761	0	4	90	7.3478807948841188e-16	6.4047619047619051	1	9.0	5.4047619047619051	0.0	-5.5952380952380949	1	-1
1.740894079208374	3	0.11190476190476191	5.1476190476190489	0.11190476190476191	-5.6511904761904761	0	4	90	7.3478807948841188e-16	6.4047619047619051	1	9.0	5.4047619047619051	0.0	-5.5952380952380949	1	-1
1.7573950290679932	3	0.11190476190476191	5.1476190476190489	0.11190476190476191	-5.6511904761904761	0	4	90	7.3478807948841188e-16	6.4047619047619051	1	9.0	5.4047619047619051	0.0	-5.5952380952380949	1	-1
1.7740070819854736	3	0.11190476190476191	5.1476190476190489	0.11190476190476191	-5.6511904761904761	0	4	90	7.3478807948841188e-16	6.4047619047619051	1	9.0	5.4047619047619051	0.0	-5.5952380952380949	1	-1
1.7904059886932373	3	0.11190476190476191	5.1476190476190489	0.11190476190476191	-5.6511904761904761	0	4	90	7.3478807948841188e-16	6.4047619047619051	1	9.0	5.4047619047619051	0.0	-5.5952380952380949	1	-1
1.8071510791778564	3	0.11190476190476191	5.1476190476190489	0.11190476190476191	-5.6511904761904761	0	4	90	7.3478807948841188e-16	6.4047619047619051	1	9.0	5.4047619047619051	0.0	-5.5952380952380949	1	-1
1.8234350681304932	3	0.11190476190476191	5.1476190476190489	0.11190476190476191	-5.6511904761904761	0	4	90	7.3478807948841188e-16	6.4047619047619051	1	9.0	5.4047619047619051	0.0	-5.5952380952380949	1	-1
1.840101957321167	3	0.11190476190476191	5.1476190476190489	0.11190476190476191	-5.6511904761904761	0	4	90	7.3478807948841188e-16	6.4047619047619051	1	9.0	5.4047619047619051	0.0	-5.5952380952380949	1	-1
1.8567230701446533	3	0.13988095238095238	5.1476190476190489	0.13988095238095238	-5.6511904761904761	0	4	90	7.3478807948841188e-16	6.4047619047619051	1	9.0	5.4047619047619051	0.0	-5.5952380952380949	1	-1
1.8732590675354004	3	0.13988095238095238	5.1476190476190489	0.13988095238095238	-5.6511904761904761	0	4	90	7.3478807948841188e-16	6.4047619047619051	1	9.0	5.4047619047619051	0.0	-5.5952380952380949	1	-1
1.889833927154541	3	0.13988095238095238	5.1476190476190489	0.13988095238095238	-5.6511904761904761	0	4	90	7.3478807948841188e-16	6.4047619047619051	1	9.0	5.4047619047619051	0.0	-5.5952380952380949	1	-1
1.9064679145812988	3	0.16785714285714284	5.1476190476190489	0.16785714285714284	-5.6511904761904761	0	4	90	7.3478807948841188e-16	6.4047619047619051	1	9.0	5.4047619047619051	0.0	-5.5952380952380949	1	-1
1.9230210781097412	3	0.22380952380952382	5.1476190476190489	0.22380952380952382	-5.6511904761904761	0	4	90	7.3478807948841188e-16	6.4047619047619051	1	9.0	5.4047619047619051	0.0	-5.5952380952380949	1	-1
1.9395949840545654	3	0.27976190476190477	5.1476190476190489	0.27976190476190477	-5.6511904761904761	0	4	90	7.3478807948841188e-16	6.4047619047619051	1	9.0	5.4047619047619051	0.0	-5.5952380952380949	1	-1
1.9562170505523682	3	0.33571428571428569	5.1476190476190489	0.33571428571428569	-5.6511904761904761	0	4	90	7.3478807948841188e-16	6.4047619047619051	1	9.0	5.4047619047619051	0.0	-5.5952380952380949	1	-1
1.9728460311889648	3	0.33571428571428569	5.1476190476190489	0.33571428571428569	-5.6511904761904761	0	4	90	7.3478807948841188e-16	6.4047619047619051	1	9.0	5.4047619047619051	0.0	-5.5952380952380949	1	-1
1.9896941184997559	3	0.33571428571428569	5.1476190476190489	0.33571428571428569	-5.6511904761904761	0	4	90	7.3478807948841188e-16	6.4047619047619051	1	9.0	5.4047619047619051	0.0	-5.5952380952380949	1	-1
2.006303071975708	3	0.33571428571428569	5.1476190476190489	0.33571428571428569	-5.6511904761904761	0	4	90	7.3478807948841188e-16	6.4047619047619051	1	9.0	5.4047619047619051	0.0	-5.5952380952380949	1	-1
2.022860050201416	3	0.33571428571428569	5.1476190476190489	0.33571428571428569	-5.6511904761904761	0	4	90	7.3478807948841188e-16	6.4047619047619051	1	9.0	5.4047619047619051	0.0	-5.5952380952380949	1	-1
2.0394771099090576	3	0.33571428571428569	5.1476190476190489	0.33571428571428569	-5.6511904761904761	0	4	90	7.3478807948841188e-16	6.4047619047619051	1	9.0	5.4047619047619051	0.0	-5.5952380952380949	1	-1
2.056075096130371	3	0.30773809523809526	5.1476190476190489	0.30773809523809526	-5.6511904761904761	0	4	90	7.3478807948841188e-16	6.4047619047619051	1	9.0	5.4047619047619051	0.0	-5.5952380952380949	1	-1
2.072643995285034	3	0.30773809523809526	5.1476190476190489	0.30773809523809526	-5.6511904761904761	0	4	90	7.3478807948841188e-16	6.4047619047619051	1	9.0	5.4047619047619051	0.0	-5.5952380952380949	1	-1
2.089237928390503	3	0.30773809523809526	5.1476190476190489	0.30773809523809526	-5.6511904761904761	0	4	90	7.3478807948841188e-16	6.4047619047619051	1	9.0	5.4047619047619051	0.0	-5.5952380952380949	1	-1
2.105910062789917	3	0.30773809523809526	5.1476190476190489	0.30773809523809526	-5.6511904761904761	0	4	90	7.3478807948841188e-16	6.4047619047619051	1	9.0	5.4047619047619051	0.0	-5.5952380952380949	1	-1
2.122326135635376	3	0.30773809523809526	5.1476190476190489	0.30773809523809526	-5.6511904761904761	0	4	90	7.3478807948841188e-16	6.4047619047619051	1	9.0	5.4047619047619051	0.0	-5.5952380952380949	1	-1
2.1389949321746826	3	0.30773809523809526	5.1476190476190489	0.30773809523809526	-5.6511904761904761	0	4	90	7.3478807948841188e-16	6.4047619047619051	1	9.0	5.4047619047619051	0.0	-5.5952380952380949	1	-1
2.1553800106048584	3	0.30773809523809526	5.1476190476190489	0.30773809523809526	-5.6511904761904761	0	4	90	7.3478807948841188e-16	6.4047619047619051	1	9.0	5.4047619047619051	0.0	-5.5952380952380949	1	-1
2.171945095062256	3	0.30773809523809526	5.1476190476190489	0.30773809523809526	-5.6511904761904761	0	4	90	7.3478807948841188e-16	6.4047619047619051	1	9.0	5.4047619047619051	0.0	-5.5952380952380949	1	-1
2.1885299682617188	3	0.30773809523809526	5.1476190476190489	0.30773809523809526	-5.6511904761904761	0	4	90	7.3478807948841188e-16	6.4047619047619051	1	9.0	5.4047619047619051	0.0	-5.5952380952380949	1	-1
2.2051141262054443	3	0.30773809523809526	5.1476190476190489	0.30773809523809526	-5.6511904761904761	0	4	90	7.3478807948841188e-16	6.4047619047619051	1	9.0	5.4047619047619051	0.0	-5.5952380952380949	1	-1
2.2216989994049072	3	0.30773809523809526	5.1476190476190489	0.30773809523809526	-5.6511904761904761	0	4	90	7.3478807948841188e-16	6.4047619047619051	1	9.0	5.4047619047619051	0.0	-5.5952380952380949	1	-1
2.238323926925659	3	0.30773809523809526	5.1476190476190489	0.30773809523809526	-5.6511904761904761	0	4	90	7.3478807948841188e-16	6.4047619047619051	1	9.0	5.4047619047619051	0.0	-5.5952380952380949	1	-1
2.2549550533294678	3	0.33571428571428569	5.1476190476190489	0.33571428571428569	-5.6232142857142859	0	4	90	7.3478807948841188e-16	6.4047619047619051	1	9.0	5.4047619047619051	0.0	-5.5952380952380949	1	-1
2.271489143371582	3	0.33571428571428569	5.1476190476190489	0.33571428571428569	-5.5952380952380949	0	4	90	7.3478807948841188e-16	6.4047619047619051	1	9.0	5.4047619047619051	0.0	-5.5952380952380949	1	-1
2.2880489826202393	3	0.44761904761904764	5.1476190476190489	0.44761904761904764	-5.4553571428571432	0	4	90	7.3478807948841188e-16	6.4047619047619051	1	9.0	5.4047619047619051	0.0	-5.5952380952380949	1	-1
2.3050129413604736	3	0.53154761904761905	5.1476190476190489	0.53154761904761905	-5.2595238095238095	0	4	90	7.3478807948841188e-16	6.4047619047619051	1	9.0	5.4047619047619051	0.0	-5.5952380952380949	1	-1
2.321568012237549	3	0.58750000000000002	5.1476190476190489	0.58750000000000002	-5.1196428571428569	0	4	90	7.3478807948841188e-16	6.4047619047619051	1	9.0	5.4047619047619051	0.0	-5.5952380952380949	1	-1
2.338181972503662	3	0.58750000000000002	5.1476190476190489	0.58750000000000002	-5.1196428571428569	0	4	90	7.3478807948841188e-16	6.4047619047619051	1	9.0	5.4047619047619051	0.0	-5.5952380952380949	1	-1
2.3548080921173096	3	0.58750000000000002	5.1476190476190489	0.58750000000000002	-5.1196428571428569	0	4	90	7.3478807948841188e-16	6.4047619047619051	1	9.0	5.4047619047619051	0.0	-5.5952380952380949	1	-1
2.371380090713501	3	0.58750000000000002	5.1476190476190489	0.58750000000000002	-5.1196428571428569	0	4	90	7.3478807948841188e-16	6.4047619047619051	1	9.0	5.4047619047619051	0.0	-5.5952380952380949	1	-1
2.387943983078003	3	0.58750000000000002	5.1476190476190489	0.58750000000000002	-5.1196428571428569	0	4	90	7.3478807948841188e-16	6.4047619047619051	1	9.0	5.4047619047619051	0.0	-5.5952380952380949	1	-1
2.4045510292053223	3	0.58750000000000002	5.1476190476190489	0.58750000000000002	-5.1196428571428569	0	4	90	7.3478807948841188e-16	6.4047619047619051	1	9.0	5.4047619047619051	0.0	-5.5952380952380949	1	-1
2.421147108078003	3	0.58750000000000002	5.1476190476190489	0.58750000000000002	-5.1196428571428569	0	4	90	7.3478807948841188e-16	6.4047619047619051	1	9.0	5.4047619047619051	0.0	-5.5952380952380949	1	-1
2.437756061553955	3	0.58750000000000002	5.1476190476190489	0.58750000000000002	-5.1196428571428569	0	4	90	7.3478807948841188e-16	6.4047619047619051	1	9.0	5.4047619047619051	0.0	-5.5952380952380949	1	-1
2.454345941543579	3	0.58750000000000002	5.1476190476190489	0.58750000000000002	-5.1196428571428569	0	4	90	7.3478807948841188e-16	6.4047619047619051	1	9.0	5.4047619047619051	0.0	-5.5952380952380949	1	-1
2.470649003982544	3	0.55952380952380953	5.1476190476190489	0.55952380952380953	-5.0916666666666668	0	4	90	7.3478807948841188e-16	6.4047619047619051	1	9.0	5.4047619047619051	0.0	-5.5952380952380949	1	-1
2.487251043319702	3	0.47559523809523807	5.1476190476190489	0.47559523809523807	-4.9238095238095241	0	4	90	7.3478807948841188e-16	6.4047619047619051	1	9.0	5.4047619047619051	0.0	-5.5952380952380949	1	-1
2.5038211345672607	3	0.39166666666666666	5.1476190476190489	0.39166666666666666	-4.5601190476190476	0	4	90	7.3478807948841188e-16	6.4047619047619051	1	9.0	5.4047619047619051	0.0	-5.5952380952380949	1	-1
2.520414113998413	3	0.33571428571428569	5.1476190476190489	0.33571428571428569	-4.3083333333333336	0	4	90	7.3478807948841188e-16	6.4047619047619051	1	9.0	5.4047619047619051	0.0	-5.5952380952380949	1	-1
2.536984920501709	3	0.30773809523809526	5.1476190476190489	0.30773809523809526	-3.6928571428571431	0	4	90	7.3478807948841188e-16	6.4047619047619051	1	9.0	5.4047619047619051	0.0	-5.5952380952380949	1	-1
2.5537431240081787	3	0.27976190476190477	5.1476190476190489	0.27976190476190477	-2.9654761904761906	0	4	90	7.3478807948841188e-16	6.4047619047619051	1	9.0	5.4047619047619051	0.0	-5.5952380952380949	1	-1
2.57025408744812	3	0.22380952380952382	5.1476190476190489	0.22380952380952382	-2.573809523809524	0	4	90	7.3478807948841188e-16	6.4047619047619051	1	9.0	5.4047619047619051	0.0	-5.5952380952380949	1	-1
2.5868189334869385	3	0.16785714285714284	5.1476190476190489	0.16785714285714284	-1.6226190476190476	0	4	90	7.3478807948841188e-16	6.4047619047619051	1	9.0	5.4047619047619051	0.0	-5.5952380952380949	1	-1
2.6033809185028076	3	0.13988095238095238	5.1476190476190489	0.13988095238095238	-0.67142857142857137	0	4	90	7.3478807948841188e-16	6.4047619047619051	1	9.0	5.4047619047619051	0.0	-5.5952380952380949	1	-1
2.6200640201568604	3	0.16785714285714284	5.1476190476190489	0.16785714285714284	-0.19583333333333333	0	4	90	7.3478807948841188e-16	6.4047619047619051	1	9.0	5.4047619047619051	0.0	-5.5952380952380949	1	-1
2.6368370056152344	3	0.30773809523809526	5.1476190476190489	0.30773809523809526	0.61547619047619051	0	4	90	7.3478807948841188e-16	6.4047619047619051	1	9.0	5.4047619047619051	0.0	-5.5952380952380949	1	-1
2.6534619331359863	3	0.50357142857142856	5.1476190476190489	0.50357142857142856	1.3148809523809524	0	4	90	7.3478807948841188e-16	6.4047619047619051	1	9.0	5.4047619047619051	0.0	-5.5952380952380949	1	-1
2.67008900642395	3	0.58750000000000002	5.1476190476190489	0.58750000000000002	1.650595238095238	0	4	90	7.3478807948841188e-16	6.4047619047619051	1	9.0	5.4047619047619051	0.0	-5.5952380952380949	1	-1
2.6865620613098145	3	0.86726190476190479	5.1476190476190489	0.86726190476190479	2.3500000000000001	0	4	90	7.3478807948841188e-16	6.4047619047619051	1	9.0	5.4047619047619051	0.0	-5.5952380952380949	1	-1
2.703230142593384	3	1.2589285714285714	5.1476190476190489	1.2589285714285714	3.049404761904762	0	4	90	7.3478807948841188e-16	6.4047619047619051	1	9.0	5.4047619047619051	0.0	-5.5952380952380949	1	-1
2.719818115234375	3	1.4547619047619047	5.1476190476190489	1.4547619047619047	3.3571428571428572	0	4	90	7.3478807948841188e-16	6.4047619047619051	1	9.0	5.4047619047619051	0.0	-5.5952380952380949	1	-1
2.7364139556884766	3	1.9583333333333333	5.1476190476190489	1.9583333333333333	3.9446428571428571	0	4	90	7.3478807948841188e-16	6.4047619047619051	1	9.0	5.4047619047619051	0.0	-5.5952380952380949	1	-1
2.7529430389404297	3	2.5458333333333334	5.1476190476190489	2.5458333333333334	4.4202380952380951	0	4	90	7.3478807948841188e-16	6.4047619047619051	1	9.0	5.4047619047619051	0.0	-5.5952380952380949	1	-1
2.7696549892425537	3	2.9375	5.1476190476190489	2.9375	4.644047619047619	0	4	90	7.3478807948841188e-16	6.4047619047619051	1	9.0	5.4047619047619051	0.0	-5.5952380952380949	1	-1
2.785957098007202	3	3.9726190476190477	5.1476190476190489	3.9726190476190477	5.0357142857142856	0	4	90	7.3478807948841188e-16	6.4047619047619051	1	9.0	5.4047619047619051	0.0	-5.5952380952380949	1	-1
2.802501916885376	3	5.371428571428571	5.1476190476190489	5.371428571428571	5.399404761904762	0	4	90	7.3478807948841188e-16	6.4047619047619051	1	9.0	5.4047619047619051	0.0	-5.5952380952380949	1	-1
2.8190839290618896	3	6.1547619047619051	5.1476190476190489	6.1547619047619051	5.5672619047619047	0	4	90	7.3478807948841188e-16	6.4047619047619051	1	9.0	5.4047619047619051	0.0	-5.5952380952380949	1	-1
2.8356730937957764	3	7.6934523809523814	5.1476190476190489	7.6934523809523814	5.7630952380952385	0	4	90	7.3478807948841188e-16	6.4047619047619051	1	9.0	5.4047619047619051	0.0	-5.5952380952380949	1	-1
2.852276086807251	3	8.4767857142857146	5.1476190476190489	8.4767857142857146	5.8190476190476188	0	4	90	7.3478807948841188e-16	6.4047619047619051	1	9.0	5.4047619047619051	0.0	-5.5952380952380949	1	-1
2.8689560890197754	3	10.099404761904761	5.1476190476190489	10.099404761904761	5.8190476190476188	0	4	90	7.3478807948841188e-16	6.4047619047619051	1	9.0	5.4047619047619051	0.0	-5.5952380952380949	1	-1
2.8855080604553223	3	11.833928571428572	5.7351190476190474	11.833928571428572	5.7351190476190474	0	4	90	7.3478807948841188e-16	6.4047619047619051	1	9.0	5.4047619047619051	0.0	-5.5952380952380949	1	-1
2.902122974395752	3	12.701190476190476	5.6511904761904752	12.701190476190476	5.6511904761904761	0	4	90	7.3478807948841188e-16	6.4047619047619051	1	9.0	5.4047619047619051	0.0	-5.5952380952380949	1	-1
2.9186899662017822	3	14.379761904761905	5.4553571428571423	14.379761904761905	5.4553571428571432	0	4	90	7.3478807948841188e-16	6.4047619047619051	1	9.0	5.4047619047619051	0.0	-5.5952380952380949	1	-1
2.9352221488952637	3	15.89047619047619	5.2035714285714292	15.890476190476191	5.2035714285714283	0	4	90	7.3478807948841188e-16	6.4047619047619051	1	9.0	5.4047619047619051	0.0	-5.5952380952380949	1	-1
2.951812982559204	3	16.589880952380952	5.0636904761904766	16.589880952380952	5.0636904761904766	0	5	90	7.3478807948841188e-16	6.4047619047619051	1	9.0	5.4047619047619051	0.0	-5.5952380952380949	1	-1
2.968496084213257	3	17.820833333333333	4.7839285714285715	17.820833333333333	4.7839285714285715	0	5	90	7.3478807948841188e-16	6.4047619047619051	1	9.0	5.4047619047619051	0.0	-5.5952380952380949	1	-1
2.9850220680236816	3	18.8	4.4761904761904763	18.800000000000001	4.4761904761904763	0	5	90	7.3478807948841188e-16	6.4047619047619051	1	9.0	5.4047619047619051	0.0	-5.5952380952380949	1	-1
3.001662015914917	3	19.107738095238094	4.3363095238095237	19.107738095238094	4.3363095238095237	0	5	90	7.3478807948841188e-16	6.4047619047619051	1	9.0	5.4047619047619051	0.0	-5.5952380952380949	1	-1
3.0183050632476807	3	19.44345238095238	4.0845238095238088	19.44345238095238	4.0845238095238097	0	5	90	7.3478807948841188e-16	6.4047619047619051	1	9.0	5.4047619047619051	0.0	-5.5952380952380949	1	-1
3.034830093383789	3	19.555357142857144	3.8327380952380956	19.555357142857144	3.8327380952380952	0	5	90	7.3478807948841188e-16	6.4047619047619051	1	9.0	5.4047619047619051	0.0	-5.5952380952380949	1	-1
3.051419973373413	3	19.555357142857144	3.6928571428571431	19.555357142857144	3.6928571428571431	0	5	90	7.3478807948841188e-16	6.4047619047619051	1	9.0	5.4047619047619051	0.0	-5.5952380952380949	1	-1
3.0680530071258545	3	19.44345238095238	3.413095238095238	19.44345238095238	3.413095238095238	0	5	90	7.3478807948841188e-16	6.4047619047619051	1	9.0	5.4047619047619051	0.0	-5.5952380952380949	1	-1
3.084623098373413	3	19.303571428571427	3.2732142857142854	19.303571428571427	3.2732142857142859	0	5	90	7.3478807948841188e-16	6.4047619047619051	1	9.0	5.4047619047619051	0.0	-5.5952380952380949	1	-1
3.1012580394744873	3	18.82797619047619	2.9934523809523803	18.827976190476189	2.9934523809523808	0	5	90	7.3478807948841188e-16	6.4047619047619051	1	9.0	5.4047619047619051	0.0	-5.5952380952380949	1	-1
3.1178269386291504	3	17.988690476190477	2.6577380952380949	17.988690476190477	2.6577380952380953	0	5	90	7.3478807948841188e-16	6.4047619047619051	1	9.0	5.4047619047619051	0.0	-5.5952380952380949	1	-1
3.1343860626220703	3	16.785714285714285	2.2660714285714292	16.785714285714285	2.2660714285714287	0	5	90	7.3478807948841188e-16	6.4047619047619051	1	9.0	5.4047619047619051	0.0	-5.5952380952380949	1	-1
3.1510350704193115	3	16.086309523809526	2.0142857142857142	16.086309523809526	2.0142857142857142	0	5	90	7.3478807948841188e-16	6.4047619047619051	1	9.0	5.4047619047619051	0.0	-5.5952380952380949	1	-1
3.1676149368286133	3	14.547619047619047	1.5107142857142861	14.547619047619047	1.5107142857142857	0	5	90	7.3478807948841188e-16	6.4047619047619051	1	9.0	5.4047619047619051	0.0	-5.5952380952380949	1	-1
3.184169054031372	3	13.736309523809524	1.230952380952381	13.736309523809524	1.230952380952381	0	5	90	7.3478807948841188e-16	6.4047619047619051	1	9.0	5.4047619047619051	0.0	-5.5952380952380949	1	-1
3.2007999420166016	3	11.973809523809523	0.58750000000000036	11.973809523809523	0.58750000000000002	0	5	90	7.3478807948841188e-16	6.4047619047619051	1	9.0	5.4047619047619051	0.0	-5.5952380952380949	1	-1
3.2173449993133545	3	10.071428571428571	-0.13988095238095255	10.071428571428571	-0.13988095238095238	0	5	90	7.3478807948841188e-16	6.4047619047619051	1	9.0	5.4047619047619051	0.0	-5.5952380952380949	1	-1
3.233976125717163	3	8.25297619047619	-0.89523809523809561	8.2529761904761898	-0.89523809523809528	0	5	90	7.3478807948841188e-16	6.4047619047619051	1	9.0	5.4047619047619051	0.0	-5.5952380952380949	1	-1
3.2505431175231934	3	7.441666666666666	-1.2869047619047622	7.4416666666666664	-1.286904761904762	0	5	90	7.3478807948841188e-16	6.4047619047619051	1	9.0	5.4047619047619051	0.0	-5.5952380952380949	1	-1
3.2671921253204346	3	5.9869047619047615	-1.958333333333333	5.9869047619047615	-1.9583333333333333	0	5	90	7.3478807948841188e-16	6.4047619047619051	1	9.0	5.4047619047619051	0.0	-5.5952380952380949	1	-1
3.2840089797973633	3	5.371428571428571	-2.2660714285714287	5.371428571428571	-2.2660714285714287	0	5	90	7.3478807948841188e-16	6.4047619047619051	1	9.0	5.4047619047619051	0.0	-5.5952380952380949	1	-1
3.3006839752197266	3	4.420238095238095	-2.7976190476190474	4.4202380952380951	-2.7976190476190474	0	5	90	7.3478807948841188e-16	6.4047619047619051	1	9.0	5.4047619047619051	0.0	-5.5952380952380949	1	-1
3.317183017730713	3	3.720833333333333	-3.2452380952380953	3.7208333333333332	-3.2452380952380953	0	5	90	7.3478807948841188e-16	6.4047619047619051	1	9.0	5.4047619047619051	0.0	-5.5952380952380949	1	-1
3.333796977996826	3	3.1333333333333333	-3.6648809523809525	3.1333333333333333	-3.6648809523809525	0	5	90	7.3478807948841188e-16	6.4047619047619051	1	9.0	5.4047619047619051	0.0	-5.5952380952380949	1	-1
3.350414991378784	3	2.8815476190476192	-3.8607142857142858	2.8815476190476192	-3.8607142857142858	0	5	90	7.3478807948841188e-16	6.4047619047619051	1	9.0	5.4047619047619051	0.0	-5.5952380952380949	1	-1
3.367027997970581	3	2.461904761904762	-4.2523809523809524	2.461904761904762	-4.2523809523809524	0	5	90	7.3478807948841188e-16	6.4047619047619051	1	9.0	5.4047619047619051	0.0	-5.5952380952380949	1	-1
3.3835740089416504	3	2.294047619047619	-4.4482142857142861	2.2940476190476189	-4.4482142857142861	0	5	90	7.3478807948841188e-16	6.4047619047619051	1	9.0	5.4047619047619051	0.0	-5.5952380952380949	1	-1
3.4001669883728027	3	2.0702380952380954	-4.7559523809523814	2.0702380952380954	-4.7559523809523814	0	5	90	7.3478807948841188e-16	6.4047619047619051	1	9.0	5.4047619047619051	0.0	-5.5952380952380949	1	-1
3.4167540073394775	3	1.9863095238095239	-4.8678571428571429	1.9863095238095239	-4.8678571428571429	0	5	90	7.3478807948841188e-16	6.4047619047619051	1	9.0	5.4047619047619051	0.0	-5.5952380952380949	1	-1
3.433155059814453	3	1.9863095238095239	-4.8678571428571429	1.9863095238095239	-4.8678571428571429	0	5	90	7.3478807948841188e-16	6.4047619047619051	1	9.0	5.4047619047619051	0.0	-5.5952380952380949	1	-1
3.449712038040161	3	1.9863095238095239	-4.8678571428571429	1.9863095238095239	-4.8678571428571429	0	5	90	7.3478807948841188e-16	6.4047619047619051	1	9.0	5.4047619047619051	0.0	-5.5952380952380949	1	-1
3.466254949569702	3	1.9863095238095239	-4.8678571428571429	1.9863095238095239	-4.8678571428571429	0	5	90	7.3478807948841188e-16	6.4047619047619051	1	9.0	5.4047619047619051	0.0	-5.5952380952380949	1	-1
3.4828860759735107	3	1.9863095238095239	-4.8678571428571429	1.9863095238095239	-4.8678571428571429	0	5	90	7.3478807948841188e-16	6.4047619047619051	1	9.0	5.4047619047619051	0.0	-5.5952380952380949	1	-1
3.499519109725952	3	1.9863095238095239	-4.8678571428571429	1.9863095238095239	-4.8678571428571429	0	5	90	7.3478807948841188e-16	6.4047619047619051	1	9.0	5.4047619047619051	0.0	-5.5952380952380949	1	-1
3.516040086746216	3	2.0142857142857142	-4.8678571428571429	2.0142857142857142	-4.8678571428571429	0	5	90	7.3478807948841188e-16	6.4047619047619051	1	9.0	5.4047619047619051	0.0	-5.5952380952380949	1	-1
3.532647132873535	3	2.0142857142857142	-4.8678571428571429	2.0142857142857142	-4.8678571428571429	0	5	90	7.3478807948841188e-16	6.4047619047619051	1	9.0	5.4047619047619051	0.0	-5.5952380952380949	1	-1
3.5492050647735596	3	2.042261904761905	-4.8678571428571429	2.0422619047619048	-4.8678571428571429	0	5	90	7.3478807948841188e-16	6.4047619047619051	1	9.0	5.4047619047619051	0.0	-5.5952380952380949	1	-1
3.5658669471740723	3	2.126190476190476	-4.8398809523809527	2.1261904761904762	-4.8398809523809527	0	5	90	7.3478807948841188e-16	6.4047619047619051	1	9.0	5.4047619047619051	0.0	-5.5952380952380949	1	-1
3.582495927810669	3	2.2101190476190475	-4.8398809523809527	2.2101190476190475	-4.8398809523809527	0	5	90	7.3478807948841188e-16	6.4047619047619051	1	9.0	5.4047619047619051	0.0	-5.5952380952380949	1	-1
3.5990359783172607	3	2.294047619047619	-4.8398809523809527	2.2940476190476189	-4.8398809523809527	0	5	90	7.3478807948841188e-16	6.4047619047619051	1	9.0	5.4047619047619051	0.0	-5.5952380952380949	1	-1
3.615610122680664	3	2.294047619047619	-4.8398809523809527	2.2940476190476189	-4.8398809523809527	0	5	90	7.3478807948841188e-16	6.4047619047619051	1	9.0	5.4047619047619051	0.0	-5.5952380952380949	1	-1
3.632305145263672	3	2.294047619047619	-4.8398809523809527	2.2940476190476189	-4.8398809523809527	0	5	90	7.3478807948841188e-16	6.4047619047619051	1	9.0	5.4047619047619051	0.0	-5.5952380952380949	1	-1
3.6488449573516846	3	2.294047619047619	-4.8398809523809527	2.2940476190476189	-4.8398809523809527	0	5	90	7.3478807948841188e-16	6.4047619047619051	1	9.0	5.4047619047619051	0.0	-5.5952380952380949	1	-1
3.6654140949249268	3	2.2101190476190475	-4.8398809523809527	2.2101190476190475	-4.8398809523809527	0	5	90	7.3478807948841188e-16	6.4047619047619051	1	9.0	5.4047619047619051	0.0	-5.5952380952380949	1	-1
3.6820430755615234	3	2.0982142857142856	-4.8398809523809527	2.0982142857142856	-4.8398809523809527	0	5	90	7.3478807948841188e-16	6.4047619047619051	1	9.0	5.4047619047619051	0.0	-5.5952380952380949	1	-1
3.6986770629882812	3	1.5946428571428573	-4.8119047619047617	1.5946428571428573	-4.8119047619047617	0	5	90	7.3478807948841188e-16	6.4047619047619051	1	9.0	5.4047619047619051	0.0	-5.5952380952380949	1	-1
3.715204954147339	3	0.8113095238095238	-4.8398809523809527	0.81130952380952381	-4.8398809523809527	0	5	90	7.3478807948841188e-16	6.4047619047619051	1	9.0	5.4047619047619051	0.0	-5.5952380952380949	1	-1
3.7317769527435303	3	0.44761904761904764	-4.895833333333333	0.44761904761904764	-4.895833333333333	0	5	90	7.3478807948841188e-16	6.4047619047619051	1	9.0	5.4047619047619051	0.0	-5.5952380952380949	1	-1
3.7483320236206055	3	-0.11190476190476191	-4.9797619047619044	-0.11190476190476191	-4.9797619047619044	0	5	90	7.3478807948841188e-16	6.4047619047619051	1	9.0	5.4047619047619051	0.0	-5.5952380952380949	1	-1
3.7649660110473633	3	-0.30773809523809526	-5.0357142857142856	-0.30773809523809526	-5.0357142857142856	0	5	90	7.3478807948841188e-16	6.4047619047619051	1	9.0	5.4047619047619051	0.0	-5.5952380952380949	1	-1
3.781675100326538	3	-0.3357142857142857	-5.0357142857142856	-0.33571428571428569	-5.0357142857142856	0	5	90	7.3478807948841188e-16	6.4047619047619051	1	9.0	5.4047619047619051	0.0	-5.5952380952380949	1	-1
3.798143148422241	3	-0.30773809523809526	-5.0357142857142856	-0.30773809523809526	-5.0357142857142856	0	5	90	7.3478807948841188e-16	6.4047619047619051	1	9.0	5.4047619047619051	0.0	-5.5952380952380949	1	-1
3.81472110748291	3	-0.30773809523809526	-5.0357142857142856	-0.30773809523809526	-5.0357142857142856	0	5	90	7.3478807948841188e-16	6.4047619047619051	1	9.0	5.4047619047619051	0.0	-5.5952380952380949	1	-1
3.8313870429992676	3	-0.30773809523809526	-5.0357142857142856	-0.30773809523809526	-5.0357142857142856	0	5	90	7.3478807948841188e-16	6.4047619047619051	1	9.0	5.4047619047619051	0.0	-5.5952380952380949	1	-1
3.8479180335998535	3	-0.30773809523809526	-5.0636904761904766	-0.30773809523809526	-5.0636904761904766	0	5	90	7.3478807948841188e-16	6.4047619047619051	1	9.0	5.4047619047619051	0.0	-5.5952380952380949	1	-1
3.864543914794922	3	-0.27976190476190477	-5.0916666666666668	-0.27976190476190477	-5.0916666666666668	0	5	90	7.3478807948841188e-16	6.4047619047619051	1	9.0	5.4047619047619051	0.0	-5.5952380952380949	1	-1
3.8811941146850586	3	-0.19583333333333333	-5.2035714285714283	-0.19583333333333333	-5.2035714285714283	0	5	90	7.3478807948841188e-16	6.4047619047619051	1	9.0	5.4047619047619051	0.0	-5.5952380952380949	1	-1
