time	trial	cursorx	cursory	hand_x	hand_Y	rotation	step	targetangle	targetposx	targetposy	garagelocation	garageposx	garageposy	homex	homey	group	trial_type
9.5367431640625e-07	2	-0.41964285714285715	-5.3154761904761907	-0.41964285714285715	-5.3154761904761907	0	5	75	3.1058285412302489	5.9958718202307253	1	12.105828541230249	4.9958718202307253	0.0	-5.5952380952380949	1	1
0.030238866806030273	2	-0.2517857142857143	-5.5113095238095235	-0.25178571428571428	-5.5113095238095235	0	1	75	3.1058285412302489	5.9958718202307253	1	12.105828541230249	4.9958718202307253	0.0	-5.5952380952380949	1	1
0.047167062759399414	2	-0.16785714285714284	-5.5952380952380949	-0.16785714285714284	-5.5952380952380949	0	1	75	3.1058285412302489	5.9958718202307253	1	12.105828541230249	4.9958718202307253	0.0	-5.5952380952380949	1	1
0.06371498107910156	2	-0.13988095238095238	-5.6232142857142859	-0.13988095238095238	-5.6232142857142859	0	1	75	3.1058285412302489	5.9958718202307253	1	12.105828541230249	4.9958718202307253	0.0	-5.5952380952380949	1	1
0.08031201362609863	2	-0.11190476190476191	-5.6511904761904761	-0.11190476190476191	-5.6511904761904761	0	1	75	3.1058285412302489	5.9958718202307253	1	12.105828541230249	4.9958718202307253	0.0	-5.5952380952380949	1	1
0.09692692756652832	2	-0.055952380952380955	-5.6791666666666663	-0.055952380952380955	-5.6791666666666663	0	1	75	3.1058285412302489	5.9958718202307253	1	12.105828541230249	4.9958718202307253	0.0	-5.5952380952380949	1	1
0.11353588104248047	2	-0.055952380952380955	-5.6791666666666663	-0.055952380952380955	-5.6791666666666663	0	1	75	3.1058285412302489	5.9958718202307253	1	12.105828541230249	4.9958718202307253	0.0	-5.5952380952380949	1	1
0.13008689880371094	2	-0.027976190476190477	-5.6791666666666663	-0.027976190476190477	-5.6791666666666663	0	1	75	3.1058285412302489	5.9958718202307253	1	12.105828541230249	4.9958718202307253	0.0	-5.5952380952380949	1	1
0.14665603637695312	2	0.0	-5.6511904761904761	0.0	-5.6511904761904761	0	1	75	3.1058285412302489	5.9958718202307253	1	12.105828541230249	4.9958718202307253	0.0	-5.5952380952380949	1	1
0.1632699966430664	2	0.0	-5.6511904761904761	0.0	-5.6511904761904761	0	1	75	3.1058285412302489	5.9958718202307253	1	12.105828541230249	4.9958718202307253	0.0	-5.5952380952380949	1	1
0.17988801002502441	2	0.055952380952380955	-5.5952380952380949	0.055952380952380955	-5.5952380952380949	0	1	75	3.1058285412302489	5.9958718202307253	1	12.105828541230249	4.9958718202307253	0.0	-5.5952380952380949	1	1
0.1965010166168213	2	0.08392857142857142	-5.5672619047619047	0.083928571428571422	-5.5672619047619047	0	1	75	3.1058285412302489	5.9958718202307253	1	12.105828541230249	4.9958718202307253	0.0	-5.5952380952380949	1	1
0.2127978801727295	2	0.08392857142857142	-5.5392857142857146	0.083928571428571422	-5.5392857142857146	0	1	75	3.1058285412302489	5.9958718202307253	1	12.105828541230249	4.9958718202307253	0.0	-5.5952380952380949	1	1
0.22934794425964355	2	0.08392857142857142	-5.5392857142857146	0.083928571428571422	-5.5392857142857146	0	1	75	3.1058285412302489	5.9958718202307253	1	12.105828541230249	4.9958718202307253	0.0	-5.5952380952380949	1	1
0.2459869384765625	2	0.08392857142857142	-5.5392857142857146	0.083928571428571422	-5.5392857142857146	0	1	75	3.1058285412302489	5.9958718202307253	1	12.105828541230249	4.9958718202307253	0.0	-5.5952380952380949	1	1
0.2625279426574707	2	0.08392857142857142	-5.5392857142857146	0.083928571428571422	-5.5392857142857146	0	1	75	3.1058285412302489	5.9958718202307253	1	12.105828541230249	4.9958718202307253	0.0	-5.5952380952380949	1	1
0.2791569232940674	2	0.08392857142857142	-5.5113095238095235	0.083928571428571422	-5.5113095238095235	0	1	75	3.1058285412302489	5.9958718202307253	1	12.105828541230249	4.9958718202307253	0.0	-5.5952380952380949	1	1
0.29575204849243164	2	0.08392857142857142	-5.4833333333333334	0.083928571428571422	-5.4833333333333334	0	1	75	3.1058285412302489	5.9958718202307253	1	12.105828541230249	4.9958718202307253	0.0	-5.5952380952380949	1	1
0.3123970031738281	2	0.08392857142857142	-5.371428571428571	0.083928571428571422	-5.371428571428571	0	1	75	3.1058285412302489	5.9958718202307253	1	12.105828541230249	4.9958718202307253	0.0	-5.5952380952380949	1	1
0.32894301414489746	2	0.08392857142857142	-5.1755952380952381	0.083928571428571422	-5.1755952380952381	0	1	75	3.1058285412302489	5.9958718202307253	1	12.105828541230249	4.9958718202307253	0.0	-5.5952380952380949	1	1
0.3455028533935547	2	0.11190476190476191	-5.0636904761904766	0.11190476190476191	-5.0636904761904766	0	1	75	3.1058285412302489	5.9958718202307253	1	12.105828541230249	4.9958718202307253	0.0	-5.5952380952380949	1	1
0.36237287521362305	2	0.13988095238095238	-4.7839285714285715	0.13988095238095238	-4.7839285714285715	0	1	75	3.1058285412302489	5.9958718202307253	1	12.105828541230249	4.9958718202307253	0.0	-5.5952380952380949	1	1
0.37900495529174805	2	0.19583333333333333	-4.4761904761904763	0.19583333333333333	-4.4761904761904763	0	1	75	3.1058285412302489	5.9958718202307253	1	12.105828541230249	4.9958718202307253	0.0	-5.5952380952380949	1	1
0.39560389518737793	2	0.22380952380952382	-4.3363095238095237	0.22380952380952382	-4.3363095238095237	0	1	75	3.1058285412302489	5.9958718202307253	1	12.105828541230249	4.9958718202307253	0.0	-5.5952380952380949	1	1
0.4122328758239746	2	0.27976190476190477	-4.0005952380952383	0.27976190476190477	-4.0005952380952383	0	1	75	3.1058285412302489	5.9958718202307253	1	12.105828541230249	4.9958718202307253	0.0	-5.5952380952380949	1	1
0.4287428855895996	2	0.3357142857142857	-3.6369047619047619	0.33571428571428569	-3.6369047619047619	0	1	75	3.1058285412302489	5.9958718202307253	1	12.105828541230249	4.9958718202307253	0.0	-5.5952380952380949	1	1
0.44538187980651855	2	0.39166666666666666	-3.4410714285714286	0.39166666666666666	-3.4410714285714286	0	1	75	3.1058285412302489	5.9958718202307253	1	12.105828541230249	4.9958718202307253	0.0	-5.5952380952380949	1	1
0.4619638919830322	2	0.5035714285714286	-3.0214285714285714	0.50357142857142856	-3.0214285714285714	0	1	75	3.1058285412302489	5.9958718202307253	1	12.105828541230249	4.9958718202307253	0.0	-5.5952380952380949	1	1
0.47850489616394043	2	0.6714285714285714	-2.573809523809524	0.67142857142857137	-2.573809523809524	0	2	75	3.1058285412302489	5.9958718202307253	1	12.105828541230249	4.9958718202307253	0.0	-5.5952380952380949	1	1
0.49512386322021484	2	0.7273809523809524	-2.3500000000000001	0.72738095238095235	-2.3500000000000001	0	2	75	3.1058285412302489	5.9958718202307253	1	12.105828541230249	4.9958718202307253	0.0	-5.5952380952380949	1	1
0.5118238925933838	2	0.8672619047619048	-1.9303571428571429	0.86726190476190479	-1.9303571428571429	0	2	75	3.1058285412302489	5.9958718202307253	1	12.105828541230249	4.9958718202307253	0.0	-5.5952380952380949	1	1
0.5280709266662598	2	0.9791666666666666	-1.5107142857142861	0.97916666666666663	-1.5107142857142857	0	2	75	3.1058285412302489	5.9958718202307253	1	12.105828541230249	4.9958718202307253	0.0	-5.5952380952380949	1	1
0.5446529388427734	2	1.0351190476190477	-1.3148809523809524	1.0351190476190477	-1.3148809523809524	0	2	75	3.1058285412302489	5.9958718202307253	1	12.105828541230249	4.9958718202307253	0.0	-5.5952380952380949	1	1
0.5612330436706543	2	1.1470238095238094	-0.89523809523809561	1.1470238095238094	-0.89523809523809528	0	2	75	3.1058285412302489	5.9958718202307253	1	12.105828541230249	4.9958718202307253	0.0	-5.5952380952380949	1	1
0.5778689384460449	2	1.2589285714285714	-0.44761904761904781	1.2589285714285714	-0.44761904761904764	0	2	75	3.1058285412302489	5.9958718202307253	1	12.105828541230249	4.9958718202307253	0.0	-5.5952380952380949	1	1
0.5944268703460693	2	1.286904761904762	-0.25178571428571406	1.286904761904762	-0.25178571428571428	0	2	75	3.1058285412302489	5.9958718202307253	1	12.105828541230249	4.9958718202307253	0.0	-5.5952380952380949	1	1
0.6111240386962891	2	1.3708333333333333	0.1678571428571427	1.3708333333333333	0.16785714285714284	0	2	75	3.1058285412302489	5.9958718202307253	1	12.105828541230249	4.9958718202307253	0.0	-5.5952380952380949	1	1
0.6276440620422363	2	1.4267857142857143	0.55952380952380931	1.4267857142857143	0.55952380952380953	0	2	75	3.1058285412302489	5.9958718202307253	1	12.105828541230249	4.9958718202307253	0.0	-5.5952380952380949	1	1
0.6442759037017822	2	1.4547619047619047	0.75535714285714306	1.4547619047619047	0.75535714285714284	0	2	75	3.1058285412302489	5.9958718202307253	1	12.105828541230249	4.9958718202307253	0.0	-5.5952380952380949	1	1
0.6608219146728516	2	1.5107142857142857	1.1190476190476186	1.5107142857142857	1.1190476190476191	0	2	75	3.1058285412302489	5.9958718202307253	1	12.105828541230249	4.9958718202307253	0.0	-5.5952380952380949	1	1
0.6773769855499268	2	1.5386904761904763	1.2869047619047622	1.5386904761904763	1.286904761904762	0	2	75	3.1058285412302489	5.9958718202307253	1	12.105828541230249	4.9958718202307253	0.0	-5.5952380952380949	1	1
0.6942439079284668	2	1.5666666666666667	1.6505952380952378	1.5666666666666667	1.650595238095238	0	2	75	3.1058285412302489	5.9958718202307253	1	12.105828541230249	4.9958718202307253	0.0	-5.5952380952380949	1	1
0.7109289169311523	2	1.6226190476190476	2.0142857142857142	1.6226190476190476	2.0142857142857142	0	2	75	3.1058285412302489	5.9958718202307253	1	12.105828541230249	4.9958718202307253	0.0	-5.5952380952380949	1	1
0.7274949550628662	2	1.706547619047619	2.3499999999999996	1.706547619047619	2.3500000000000001	0	2	75	3.1058285412302489	5.9958718202307253	1	12.105828541230249	4.9958718202307253	0.0	-5.5952380952380949	1	1
0.7439708709716797	2	1.706547619047619	2.5178571428571423	1.706547619047619	2.5178571428571428	0	2	75	3.1058285412302489	5.9958718202307253	1	12.105828541230249	4.9958718202307253	0.0	-5.5952380952380949	1	1
0.7606549263000488	2	1.7625	2.8255952380952376	1.7625	2.825595238095238	0	2	75	3.1058285412302489	5.9958718202307253	1	12.105828541230249	4.9958718202307253	0.0	-5.5952380952380949	1	1
0.7773029804229736	2	1.7904761904761906	2.9375	1.7904761904761906	2.9375	0	2	75	3.1058285412302489	5.9958718202307253	1	12.105828541230249	4.9958718202307253	0.0	-5.5952380952380949	1	1
0.7938740253448486	2	1.7904761904761906	3.2172619047619051	1.7904761904761906	3.2172619047619047	0	2	75	3.1058285412302489	5.9958718202307253	1	12.105828541230249	4.9958718202307253	0.0	-5.5952380952380949	1	1
0.8104948997497559	2	1.7904761904761906	3.4410714285714281	1.7904761904761906	3.4410714285714286	0	2	75	3.1058285412302489	5.9958718202307253	1	12.105828541230249	4.9958718202307253	0.0	-5.5952380952380949	1	1
0.8270490169525146	2	1.7904761904761906	3.6648809523809529	1.7904761904761906	3.6648809523809525	0	2	75	3.1058285412302489	5.9958718202307253	1	12.105828541230249	4.9958718202307253	0.0	-5.5952380952380949	1	1
0.8436989784240723	2	1.7904761904761906	3.7488095238095234	1.7904761904761906	3.7488095238095238	0	2	75	3.1058285412302489	5.9958718202307253	1	12.105828541230249	4.9958718202307253	0.0	-5.5952380952380949	1	1
0.8599870204925537	2	1.7904761904761906	3.9446428571428562	1.7904761904761906	3.9446428571428571	0	2	75	3.1058285412302489	5.9958718202307253	1	12.105828541230249	4.9958718202307253	0.0	-5.5952380952380949	1	1
0.8765609264373779	2	1.7904761904761906	4.0285714285714285	1.7904761904761906	4.0285714285714285	0	2	75	3.1058285412302489	5.9958718202307253	1	12.105828541230249	4.9958718202307253	0.0	-5.5952380952380949	1	1
0.8931350708007812	2	1.818452380952381	4.168452380952381	1.8184523809523809	4.168452380952381	0	2	75	3.1058285412302489	5.9958718202307253	1	12.105828541230249	4.9958718202307253	0.0	-5.5952380952380949	1	1
0.9099090099334717	2	1.818452380952381	4.3363095238095237	1.8184523809523809	4.3363095238095237	0	2	75	3.1058285412302489	5.9958718202307253	1	12.105828541230249	4.9958718202307253	0.0	-5.5952380952380949	1	1
0.9263319969177246	2	1.8464285714285715	4.4761904761904763	1.8464285714285715	4.4761904761904763	0	2	75	3.1058285412302489	5.9958718202307253	1	12.105828541230249	4.9958718202307253	0.0	-5.5952380952380949	1	1
0.9429428577423096	2	1.8464285714285715	4.5601190476190467	1.8464285714285715	4.5601190476190476	0	2	75	3.1058285412302489	5.9958718202307253	1	12.105828541230249	4.9958718202307253	0.0	-5.5952380952380949	1	1
0.9595069885253906	2	1.874404761904762	4.6720238095238091	1.8744047619047619	4.6720238095238091	0	2	75	3.1058285412302489	5.9958718202307253	1	12.105828541230249	4.9958718202307253	0.0	-5.5952380952380949	1	1
0.9761600494384766	2	1.9023809523809523	4.7279761904761912	1.9023809523809523	4.7279761904761903	0	2	75	3.1058285412302489	5.9958718202307253	1	12.105828541230249	4.9958718202307253	0.0	-5.5952380952380949	1	1
0.9927048683166504	2	1.9023809523809523	4.8398809523809518	1.9023809523809523	4.8398809523809527	0	2	75	3.1058285412302489	5.9958718202307253	1	12.105828541230249	4.9958718202307253	0.0	-5.5952380952380949	1	1
1.0096080303192139	2	1.9583333333333333	4.9238095238095241	1.9583333333333333	4.9238095238095241	0	2	75	3.1058285412302489	5.9958718202307253	1	12.105828541230249	4.9958718202307253	0.0	-5.5952380952380949	1	1
1.0261619091033936	2	2.0142857142857142	5.0357142857142847	2.0142857142857142	5.0357142857142856	0	2	75	3.1058285412302489	5.9958718202307253	1	12.105828541230249	4.9958718202307253	0.0	-5.5952380952380949	1	1
1.0427939891815186	2	2.0142857142857142	5.0916666666666668	2.0142857142857142	5.0916666666666668	0	2	75	3.1058285412302489	5.9958718202307253	1	12.105828541230249	4.9958718202307253	0.0	-5.5952380952380949	1	1
1.0593669414520264	2	2.0702380952380954	5.1755952380952372	2.0702380952380954	5.1755952380952381	0	2	75	3.1058285412302489	5.9958718202307253	1	12.105828541230249	4.9958718202307253	0.0	-5.5952380952380949	1	1
1.0759408473968506	2	2.0982142857142856	5.2315476190476193	2.0982142857142856	5.2315476190476193	0	2	75	3.1058285412302489	5.9958718202307253	1	12.105828541230249	4.9958718202307253	0.0	-5.5952380952380949	1	1
1.0925159454345703	2	2.154166666666667	5.3154761904761898	2.1541666666666668	5.3154761904761907	0	2	75	3.1058285412302489	5.9958718202307253	1	12.105828541230249	4.9958718202307253	0.0	-5.5952380952380949	1	1
1.1091549396514893	2	2.2101190476190475	5.399404761904762	2.2101190476190475	5.399404761904762	0	2	75	3.1058285412302489	5.9958718202307253	1	12.105828541230249	4.9958718202307253	0.0	-5.5952380952380949	1	1
1.1257660388946533	2	2.238095238095238	5.4553571428571423	2.2380952380952381	5.4553571428571432	0	2	75	3.1058285412302489	5.9958718202307253	1	12.105828541230249	4.9958718202307253	0.0	-5.5952380952380949	1	1
1.1423048973083496	2	2.294047619047619	5.5113095238095227	2.2940476190476189	5.5113095238095235	0	2	75	3.1058285412302489	5.9958718202307253	1	12.105828541230249	4.9958718202307253	0.0	-5.5952380952380949	1	1
1.1589200496673584	2	2.3220238095238095	5.5672619047619047	2.3220238095238095	5.5672619047619047	0	2	75	3.1058285412302489	5.9958718202307253	1	12.105828541230249	4.9958718202307253	0.0	-5.5952380952380949	1	1
1.1752939224243164	2	2.35	5.5952380952380949	2.3500000000000001	5.5952380952380949	0	2	75	3.1058285412302489	5.9958718202307253	1	12.105828541230249	4.9958718202307253	0.0	-5.5952380952380949	1	1
1.1918580532073975	2	2.405952380952381	5.6511904761904752	2.4059523809523808	5.6511904761904761	0	2	75	3.1058285412302489	5.9958718202307253	1	12.105828541230249	4.9958718202307253	0.0	-5.5952380952380949	1	1
1.2084438800811768	2	2.4339285714285714	5.6791666666666671	2.4339285714285714	5.6791666666666663	0	2	75	3.1058285412302489	5.9958718202307253	1	12.105828541230249	4.9958718202307253	0.0	-5.5952380952380949	1	1
1.225066900253296	2	2.4339285714285714	5.7071428571428573	2.4339285714285714	5.7071428571428573	0	2	75	3.1058285412302489	5.9958718202307253	1	12.105828541230249	4.9958718202307253	0.0	-5.5952380952380949	1	1
1.2416410446166992	2	2.489880952380952	5.7630952380952394	2.4898809523809522	5.7630952380952385	0	2	75	3.1058285412302489	5.9958718202307253	1	12.105828541230249	4.9958718202307253	0.0	-5.5952380952380949	1	1
1.258202075958252	2	2.517857142857143	5.7910714285714278	2.5178571428571428	5.7910714285714286	0	2	75	3.1058285412302489	5.9958718202307253	1	12.105828541230249	4.9958718202307253	0.0	-5.5952380952380949	1	1
1.2748088836669922	2	2.5458333333333334	5.8190476190476197	2.5458333333333334	5.8190476190476188	0	2	75	3.1058285412302489	5.9958718202307253	1	12.105828541230249	4.9958718202307253	0.0	-5.5952380952380949	1	1
1.2914109230041504	2	2.5458333333333334	5.8470238095238098	2.5458333333333334	5.8470238095238098	0	2	75	3.1058285412302489	5.9958718202307253	1	12.105828541230249	4.9958718202307253	0.0	-5.5952380952380949	1	1
1.308007001876831	2	2.573809523809524	5.875	2.573809523809524	5.875	0	2	75	3.1058285412302489	5.9958718202307253	1	12.105828541230249	4.9958718202307253	0.0	-5.5952380952380949	1	1
1.3246300220489502	2	2.601785714285714	5.875	2.6017857142857141	5.875	0	2	75	3.1058285412302489	5.9958718202307253	1	12.105828541230249	4.9958718202307253	0.0	-5.5952380952380949	1	1
1.3414509296417236	2	2.6297619047619047	5.9309523809523803	2.6297619047619047	5.9309523809523812	0	2	75	3.1058285412302489	5.9958718202307253	1	12.105828541230249	4.9958718202307253	0.0	-5.5952380952380949	1	1
1.358043909072876	2	2.6857142857142855	5.9589285714285722	2.6857142857142855	5.9589285714285714	0	2	75	3.1058285412302489	5.9958718202307253	1	12.105828541230249	4.9958718202307253	0.0	-5.5952380952380949	1	1
1.374675989151001	2	2.6857142857142855	5.9589285714285722	2.6857142857142855	5.9589285714285714	0	2	75	3.1058285412302489	5.9958718202307253	1	12.105828541230249	4.9958718202307253	0.0	-5.5952380952380949	1	1
1.391252040863037	2	2.713690476190476	5.9869047619047606	2.7136904761904761	5.9869047619047615	0	2	75	3.1058285412302489	5.9958718202307253	1	12.105828541230249	4.9958718202307253	0.0	-5.5952380952380949	1	1
1.4078259468078613	2	2.7416666666666667	5.9869047619047606	2.7416666666666667	5.9869047619047615	0	2	75	3.1058285412302489	5.9958718202307253	1	12.105828541230249	4.9958718202307253	0.0	-5.5952380952380949	1	1
1.42441987991333	2	2.7416666666666667	5.9869047619047606	2.7416666666666667	5.9869047619047615	0	2	75	3.1058285412302489	5.9958718202307253	1	12.105828541230249	4.9958718202307253	0.0	-5.5952380952380949	1	1
1.4410600662231445	2	2.7696428571428573	5.9869047619047606	2.7696428571428573	5.9869047619047615	0	2	75	3.1058285412302489	5.9958718202307253	1	12.105828541230249	4.9958718202307253	0.0	-5.5952380952380949	1	1
1.4576270580291748	2	2.7696428571428573	5.9869047619047606	2.7696428571428573	5.9869047619047615	0	2	75	3.1058285412302489	5.9958718202307253	1	12.105828541230249	4.9958718202307253	0.0	-5.5952380952380949	1	1
1.4742159843444824	2	2.7696428571428573	6.0148809523809526	2.7696428571428573	6.0148809523809526	0	2	75	3.1058285412302489	5.9958718202307253	1	12.105828541230249	4.9958718202307253	0.0	-5.5952380952380949	1	1
1.4905290603637695	2	2.7696428571428573	6.0148809523809526	2.7696428571428573	6.0148809523809526	0	2	75	3.1058285412302489	5.9958718202307253	1	12.105828541230249	4.9958718202307253	0.0	-5.5952380952380949	1	1
1.5071518421173096	2	2.7696428571428573	6.0148809523809526	2.7696428571428573	6.0148809523809526	0	2	75	3.1058285412302489	5.9958718202307253	1	12.105828541230249	4.9958718202307253	0.0	-5.5952380952380949	1	1
1.5238020420074463	2	2.7976190476190474	6.0148809523809526	2.7976190476190474	6.0148809523809526	0	2	75	3.1058285412302489	5.9958718202307253	1	12.105828541230249	4.9958718202307253	0.0	-5.5952380952380949	1	1
1.5403239727020264	2	2.7976190476190474	6.0148809523809526	2.7976190476190474	6.0148809523809526	0	2	75	3.1058285412302489	5.9958718202307253	1	12.105828541230249	4.9958718202307253	0.0	-5.5952380952380949	1	1
1.556894063949585	2	2.825595238095238	6.0148809523809526	2.825595238095238	6.0148809523809526	0	2	75	3.1058285412302489	5.9958718202307253	1	12.105828541230249	4.9958718202307253	0.0	-5.5952380952380949	1	1
1.5735158920288086	2	2.825595238095238	6.0148809523809526	2.825595238095238	6.0148809523809526	0	2	75	3.1058285412302489	5.9958718202307253	1	12.105828541230249	4.9958718202307253	0.0	-5.5952380952380949	1	1
1.590090036392212	2	2.8815476190476192	6.0148809523809526	2.8815476190476192	6.0148809523809526	0	2	75	3.1058285412302489	5.9958718202307253	1	12.105828541230249	4.9958718202307253	0.0	-5.5952380952380949	1	1
1.60673189163208	2	2.8815476190476192	6.0148809523809526	2.8815476190476192	6.0148809523809526	0	2	75	3.1058285412302489	5.9958718202307253	1	12.105828541230249	4.9958718202307253	0.0	-5.5952380952380949	1	1
1.6233718395233154	2	2.9095238095238094	6.0148809523809526	2.9095238095238094	6.0148809523809526	0	2	75	3.1058285412302489	5.9958718202307253	1	12.105828541230249	4.9958718202307253	0.0	-5.5952380952380949	1	1
1.6399359703063965	2	2.9375	6.0148809523809526	2.9375	6.0148809523809526	0	2	75	3.1058285412302489	5.9958718202307253	1	12.105828541230249	4.9958718202307253	0.0	-5.5952380952380949	1	1
1.6564750671386719	2	2.9375	6.0148809523809526	2.9375	6.0148809523809526	0	2	75	3.1058285412302489	5.9958718202307253	1	12.105828541230249	4.9958718202307253	0.0	-5.5952380952380949	1	1
1.6730198860168457	2	2.9654761904761906	6.0148809523809526	2.9654761904761906	6.0148809523809526	0	2	75	3.1058285412302489	5.9958718202307253	1	12.105828541230249	4.9958718202307253	0.0	-5.5952380952380949	1	1
1.6896438598632812	2	2.9654761904761906	6.0148809523809526	2.9654761904761906	6.0148809523809526	0	2	75	3.1058285412302489	5.9958718202307253	1	12.105828541230249	4.9958718202307253	0.0	-5.5952380952380949	1	1
1.7062280178070068	2	2.9934523809523808	6.0148809523809526	2.9934523809523808	6.0148809523809526	0	2	75	3.1058285412302489	5.9958718202307253	1	12.105828541230249	4.9958718202307253	0.0	-5.5952380952380949	1	1
1.7230679988861084	2	3.0214285714285714	6.0148809523809526	3.0214285714285714	6.0148809523809526	0	2	75	3.1058285412302489	5.9958718202307253	1	12.105828541230249	4.9958718202307253	0.0	-5.5952380952380949	1	1
1.739454984664917	2	3.0773809523809526	6.0148809523809526	3.0773809523809526	6.0148809523809526	0	2	75	3.1058285412302489	5.9958718202307253	1	12.105828541230249	4.9958718202307253	0.0	-5.5952380952380949	1	1
1.7560369968414307	2	3.0773809523809526	6.0148809523809526	3.0773809523809526	6.0148809523809526	0	2	75	3.1058285412302489	5.9958718202307253	1	12.105828541230249	4.9958718202307253	0.0	-5.5952380952380949	1	1
1.7726669311523438	2	3.1053571428571427	6.0148809523809526	3.1053571428571427	6.0148809523809526	0	2	75	3.1058285412302489	5.9958718202307253	1	12.105828541230249	4.9958718202307253	0.0	-5.5952380952380949	1	1
1.7891960144042969	2	3.1333333333333333	6.0148809523809526	3.1333333333333333	6.0148809523809526	0	2	75	3.1058285412302489	5.9958718202307253	1	12.105828541230249	4.9958718202307253	0.0	-5.5952380952380949	1	1
1.8057730197906494	2	3.1333333333333333	6.0148809523809526	3.1333333333333333	6.0148809523809526	0	2	75	3.1058285412302489	5.9958718202307253	1	12.105828541230249	4.9958718202307253	0.0	-5.5952380952380949	1	1
1.8224968910217285	2	3.1333333333333333	6.0148809523809526	3.1333333333333333	6.0148809523809526	0	2	75	3.1058285412302489	5.9958718202307253	1	12.105828541230249	4.9958718202307253	0.0	-5.5952380952380949	1	1
1.838836908340454	2	3.161309523809524	6.0148809523809526	3.1613095238095239	6.0148809523809526	0	2	75	3.1058285412302489	5.9958718202307253	1	12.105828541230249	4.9958718202307253	0.0	-5.5952380952380949	1	1
1.855393886566162	2	3.161309523809524	6.0148809523809526	3.1613095238095239	6.0148809523809526	0	2	75	3.1058285412302489	5.9958718202307253	1	12.105828541230249	4.9958718202307253	0.0	-5.5952380952380949	1	1
1.871980905532837	2	3.161309523809524	6.0148809523809526	3.1613095238095239	6.0148809523809526	0	2	75	3.1058285412302489	5.9958718202307253	1	12.105828541230249	4.9958718202307253	0.0	-5.5952380952380949	1	1
1.8885588645935059	2	3.161309523809524	6.0148809523809526	3.1613095238095239	6.0148809523809526	0	2	75	3.1058285412302489	5.9958718202307253	1	12.105828541230249	4.9958718202307253	0.0	-5.5952380952380949	1	1
1.9051408767700195	2	3.161309523809524	6.0148809523809526	3.1613095238095239	6.0148809523809526	0	2	75	3.1058285412302489	5.9958718202307253	1	12.105828541230249	4.9958718202307253	0.0	-5.5952380952380949	1	1
1.9217538833618164	2	3.161309523809524	6.0148809523809526	3.1613095238095239	6.0148809523809526	0	2	75	3.1058285412302489	5.9958718202307253	1	12.105828541230249	4.9958718202307253	0.0	-5.5952380952380949	1	1
1.9383630752563477	2	3.161309523809524	6.0148809523809526	3.1613095238095239	6.0148809523809526	0	2	75	3.1058285412302489	5.9958718202307253	1	12.105828541230249	4.9958718202307253	0.0	-5.5952380952380949	1	1
1.9549839496612549	2	3.1613095238095239	6.0148809523809526	3.1613095238095239	6.0148809523809526	0	2	75	3.1058285412302489	5.9958718202307253	1	12.105828541230249	4.9958718202307253	0.0	-5.5952380952380949	1	1
1.971580982208252	2	3.1613095238095239	6.0148809523809526	3.1613095238095239	6.0148809523809526	0	2	75	3.1058285412302489	5.9958718202307253	1	12.105828541230249	4.9958718202307253	0.0	-5.5952380952380949	1	1
1.9884369373321533	2	3.1613095238095239	6.0148809523809526	3.1613095238095239	6.0148809523809526	0	3	75	3.1058285412302489	5.9958718202307253	1	12.105828541230249	4.9958718202307253	0.0	-5.5952380952380949	1	1
2.0049870014190674	2	3.1613095238095239	6.0148809523809526	3.1613095238095239	6.0148809523809526	0	4	75	3.1058285412302489	5.9958718202307253	1	12.105828541230249	4.9958718202307253	0.0	-5.5952380952380949	1	1
2.0215699672698975	2	3.1892857142857145	6.0148809523809526	3.1892857142857145	6.0148809523809526	0	4	75	3.1058285412302489	5.9958718202307253	1	12.105828541230249	4.9958718202307253	0.0	-5.5952380952380949	1	1
2.038222074508667	2	3.1892857142857145	6.0148809523809526	3.1892857142857145	6.0148809523809526	0	4	75	3.1058285412302489	5.9958718202307253	1	12.105828541230249	4.9958718202307253	0.0	-5.5952380952380949	1	1
2.0548439025878906	2	3.1892857142857145	6.0148809523809526	3.1892857142857145	6.0148809523809526	0	4	75	3.1058285412302489	5.9958718202307253	1	12.105828541230249	4.9958718202307253	0.0	-5.5952380952380949	1	1
2.071402072906494	2	3.1892857142857145	6.0148809523809526	3.1892857142857145	6.0148809523809526	0	4	75	3.1058285412302489	5.9958718202307253	1	12.105828541230249	4.9958718202307253	0.0	-5.5952380952380949	1	1
2.087998867034912	2	3.2172619047619047	6.0148809523809526	3.2172619047619047	6.0148809523809526	0	4	75	3.1058285412302489	5.9958718202307253	1	12.105828541230249	4.9958718202307253	0.0	-5.5952380952380949	1	1
2.1046440601348877	2	3.2172619047619047	6.0148809523809526	3.2172619047619047	6.0148809523809526	0	4	75	3.1058285412302489	5.9958718202307253	1	12.105828541230249	4.9958718202307253	0.0	-5.5952380952380949	1	1
2.12117600440979	2	3.2172619047619047	6.0148809523809526	3.2172619047619047	6.0148809523809526	0	4	75	3.1058285412302489	5.9958718202307253	1	12.105828541230249	4.9958718202307253	0.0	-5.5952380952380949	1	1
2.1378509998321533	2	3.2172619047619047	6.0148809523809526	3.2172619047619047	6.0148809523809526	0	4	75	3.1058285412302489	5.9958718202307253	1	12.105828541230249	4.9958718202307253	0.0	-5.5952380952380949	1	1
2.1540820598602295	2	3.2172619047619047	6.0148809523809526	3.2172619047619047	6.0148809523809526	0	4	75	3.1058285412302489	5.9958718202307253	1	12.105828541230249	4.9958718202307253	0.0	-5.5952380952380949	1	1
2.1707959175109863	2	3.2172619047619047	6.0148809523809526	3.2172619047619047	6.0148809523809526	0	4	75	3.1058285412302489	5.9958718202307253	1	12.105828541230249	4.9958718202307253	0.0	-5.5952380952380949	1	1
2.1873559951782227	2	3.2172619047619047	6.0148809523809526	3.2172619047619047	6.0148809523809526	0	4	75	3.1058285412302489	5.9958718202307253	1	12.105828541230249	4.9958718202307253	0.0	-5.5952380952380949	1	1
2.204042911529541	2	3.2172619047619047	6.0148809523809526	3.2172619047619047	6.0148809523809526	0	4	75	3.1058285412302489	5.9958718202307253	1	12.105828541230249	4.9958718202307253	0.0	-5.5952380952380949	1	1
2.2206039428710938	2	3.2172619047619047	6.0148809523809526	3.2172619047619047	6.0148809523809526	0	4	75	3.1058285412302489	5.9958718202307253	1	12.105828541230249	4.9958718202307253	0.0	-5.5952380952380949	1	1
2.237277030944824	2	3.2452380952380953	6.0148809523809526	3.2452380952380953	6.0148809523809526	0	4	75	3.1058285412302489	5.9958718202307253	1	12.105828541230249	4.9958718202307253	0.0	-5.5952380952380949	1	1
2.253851890563965	2	3.301190476190476	6.0148809523809526	3.301190476190476	6.0148809523809526	0	4	75	3.1058285412302489	5.9958718202307253	1	12.105828541230249	4.9958718202307253	0.0	-5.5952380952380949	1	1
2.2704150676727295	2	3.3571428571428572	6.0148809523809526	3.3571428571428572	6.0148809523809526	0	4	75	3.1058285412302489	5.9958718202307253	1	12.105828541230249	4.9958718202307253	0.0	-5.5952380952380949	1	1
2.287034034729004	2	3.3851190476190478	6.0148809523809526	3.3851190476190478	6.0148809523809526	0	4	75	3.1058285412302489	5.9958718202307253	1	12.105828541230249	4.9958718202307253	0.0	-5.5952380952380949	1	1
2.3039450645446777	2	3.4970238095238093	6.0148809523809526	3.4970238095238093	6.0428571428571427	0	4	75	3.1058285412302489	5.9958718202307253	1	12.105828541230249	4.9958718202307253	0.0	-5.5952380952380949	1	1
2.320486068725586	2	3.6648809523809525	6.0148809523809526	3.6648809523809525	6.0428571428571427	0	4	75	3.1058285412302489	5.9958718202307253	1	12.105828541230249	4.9958718202307253	0.0	-5.5952380952380949	1	1
2.3371388912200928	2	3.7488095238095238	6.0148809523809526	3.7488095238095238	6.0708333333333337	0	4	75	3.1058285412302489	5.9958718202307253	1	12.105828541230249	4.9958718202307253	0.0	-5.5952380952380949	1	1
2.353687047958374	2	3.9446428571428571	6.0148809523809526	3.9446428571428571	6.0988095238095239	0	4	75	3.1058285412302489	5.9958718202307253	1	12.105828541230249	4.9958718202307253	0.0	-5.5952380952380949	1	1
2.3702640533447266	2	4.1964285714285712	6.0148809523809526	4.1964285714285712	6.1267857142857141	0	4	75	3.1058285412302489	5.9958718202307253	1	12.105828541230249	4.9958718202307253	0.0	-5.5952380952380949	1	1
2.3868558406829834	2	4.3642857142857139	6.0148809523809526	4.3642857142857139	6.1267857142857141	0	4	75	3.1058285412302489	5.9958718202307253	1	12.105828541230249	4.9958718202307253	0.0	-5.5952380952380949	1	1
2.403472900390625	2	4.7279761904761903	6.0148809523809526	4.7279761904761903	6.1827380952380953	0	4	75	3.1058285412302489	5.9958718202307253	1	12.105828541230249	4.9958718202307253	0.0	-5.5952380952380949	1	1
2.4200479984283447	2	5.1755952380952381	6.0148809523809526	5.1755952380952381	6.2386904761904765	0	4	75	3.1058285412302489	5.9958718202307253	1	12.105828541230249	4.9958718202307253	0.0	-5.5952380952380949	1	1
2.4367148876190186	2	5.399404761904762	6.0148809523809526	5.399404761904762	6.2386904761904765	0	4	75	3.1058285412302489	5.9958718202307253	1	12.105828541230249	4.9958718202307253	0.0	-5.5952380952380949	1	1
2.4532508850097656	2	5.9309523809523812	6.0148809523809526	5.9309523809523812	6.2946428571428568	0	4	75	3.1058285412302489	5.9958718202307253	1	12.105828541230249	4.9958718202307253	0.0	-5.5952380952380949	1	1
2.469528913497925	2	6.1827380952380953	6.0148809523809526	6.1827380952380953	6.2946428571428568	0	4	75	3.1058285412302489	5.9958718202307253	1	12.105828541230249	4.9958718202307253	0.0	-5.5952380952380949	1	1
2.486114978790283	2	6.7702380952380956	6.0148809523809526	6.7702380952380956	6.3226190476190478	0	4	75	3.1058285412302489	5.9958718202307253	1	12.105828541230249	4.9958718202307253	0.0	-5.5952380952380949	1	1
2.5028278827667236	2	7.4136904761904763	6.0148809523809526	7.4136904761904763	6.350595238095238	0	4	75	3.1058285412302489	5.9958718202307253	1	12.105828541230249	4.9958718202307253	0.0	-5.5952380952380949	1	1
2.519373893737793	2	8.1410714285714292	6.0148809523809526	8.1410714285714292	6.350595238095238	0	4	75	3.1058285412302489	5.9958718202307253	1	12.105828541230249	4.9958718202307253	0.0	-5.5952380952380949	1	1
2.5361859798431396	2	8.5327380952380949	6.0148809523809526	8.5327380952380949	6.350595238095238	0	4	75	3.1058285412302489	5.9958718202307253	1	12.105828541230249	4.9958718202307253	0.0	-5.5952380952380949	1	1
2.5525619983673096	2	9.2601190476190478	6.0148809523809526	9.2601190476190478	6.350595238095238	0	4	75	3.1058285412302489	5.9958718202307253	1	12.105828541230249	4.9958718202307253	0.0	-5.5952380952380949	1	1
2.5691769123077393	2	9.6238095238095234	6.0148809523809526	9.6238095238095234	6.3226190476190478	0	4	75	3.1058285412302489	5.9958718202307253	1	12.105828541230249	4.9958718202307253	0.0	-5.5952380952380949	1	1
2.585707902908325	2	10.295238095238096	6.0148809523809526	10.295238095238096	6.2946428571428568	0	4	75	3.1058285412302489	5.9958718202307253	1	12.105828541230249	4.9958718202307253	0.0	-5.5952380952380949	1	1
2.602293014526367	2	10.994642857142857	6.0148809523809526	10.994642857142857	6.2107142857142854	0	4	75	3.1058285412302489	5.9958718202307253	1	12.105828541230249	4.9958718202307253	0.0	-5.5952380952380949	1	1
2.619158983230591	2	11.358333333333333	6.1827380952380953	11.358333333333333	6.1827380952380953	0	4	75	3.1058285412302489	5.9958718202307253	1	12.105828541230249	4.9958718202307253	0.0	-5.5952380952380949	1	1
2.6358089447021484	2	11.917857142857143	6.0988095238095248	11.917857142857143	6.0988095238095239	0	4	75	3.1058285412302489	5.9958718202307253	1	12.105828541230249	4.9958718202307253	0.0	-5.5952380952380949	1	1
2.6523690223693848	2	12.30952380952381	6.0428571428571427	12.30952380952381	6.0428571428571427	0	4	75	3.1058285412302489	5.9958718202307253	1	12.105828541230249	4.9958718202307253	0.0	-5.5952380952380949	1	1
2.668987989425659	2	12.42142857142857	5.9869047619047606	12.421428571428571	5.9869047619047615	0	4	75	3.1058285412302489	5.9958718202307253	1	12.105828541230249	4.9958718202307253	0.0	-5.5952380952380949	1	1
2.6855390071868896	2	12.561309523809523	5.9029761904761902	12.561309523809523	5.9029761904761902	0	5	75	3.1058285412302489	5.9958718202307253	1	12.105828541230249	4.9958718202307253	0.0	-5.5952380952380949	1	1
2.702141046524048	2	12.589285714285714	5.7910714285714278	12.589285714285714	5.7910714285714286	0	5	75	3.1058285412302489	5.9958718202307253	1	12.105828541230249	4.9958718202307253	0.0	-5.5952380952380949	1	1
2.718698024749756	2	12.589285714285714	5.7071428571428573	12.589285714285714	5.7071428571428573	0	5	75	3.1058285412302489	5.9958718202307253	1	12.105828541230249	4.9958718202307253	0.0	-5.5952380952380949	1	1
2.7353148460388184	2	12.36547619047619	5.4833333333333343	12.365476190476191	5.4833333333333334	0	5	75	3.1058285412302489	5.9958718202307253	1	12.105828541230249	4.9958718202307253	0.0	-5.5952380952380949	1	1
2.751973867416382	2	11.833928571428572	5.1476190476190489	11.833928571428572	5.147619047619048	0	5	75	3.1058285412302489	5.9958718202307253	1	12.105828541230249	4.9958718202307253	0.0	-5.5952380952380949	1	1
2.7685279846191406	2	11.442261904761905	4.9238095238095241	11.442261904761905	4.9238095238095241	0	5	75	3.1058285412302489	5.9958718202307253	1	12.105828541230249	4.9958718202307253	0.0	-5.5952380952380949	1	1
2.7848658561706543	2	10.491071428571429	4.4202380952380942	10.491071428571429	4.4202380952380951	0	5	75	3.1058285412302489	5.9958718202307253	1	12.105828541230249	4.9958718202307253	0.0	-5.5952380952380949	1	1
2.8014349937438965	2	9.9875	4.168452380952381	9.9875000000000007	4.168452380952381	0	5	75	3.1058285412302489	5.9958718202307253	1	12.105828541230249	4.9958718202307253	0.0	-5.5952380952380949	1	1
2.8180339336395264	2	9.036309523809523	3.5809523809523807	9.036309523809523	3.5809523809523811	0	5	75	3.1058285412302489	5.9958718202307253	1	12.105828541230249	4.9958718202307253	0.0	-5.5952380952380949	1	1
2.834657907485962	2	8.057142857142857	2.9654761904761902	8.0571428571428569	2.9654761904761906	0	5	75	3.1058285412302489	5.9958718202307253	1	12.105828541230249	4.9958718202307253	0.0	-5.5952380952380949	1	1
2.851283073425293	2	7.02202380952381	2.2380952380952381	7.0220238095238097	2.2380952380952381	0	5	75	3.1058285412302489	5.9958718202307253	1	12.105828541230249	4.9958718202307253	0.0	-5.5952380952380949	1	1
2.8678760528564453	2	6.4625	1.8464285714285715	6.4625000000000004	1.8464285714285715	0	5	75	3.1058285412302489	5.9958718202307253	1	12.105828541230249	4.9958718202307253	0.0	-5.5952380952380949	1	1
2.8844289779663086	2	5.2595238095238095	0.97916666666666696	5.2595238095238095	0.97916666666666663	0	5	75	3.1058285412302489	5.9958718202307253	1	12.105828541230249	4.9958718202307253	0.0	-5.5952380952380949	1	1
2.9010539054870605	2	4.672023809523809	0.53154761904761916	4.6720238095238091	0.53154761904761905	0	5	75	3.1058285412302489	5.9958718202307253	1	12.105828541230249	4.9958718202307253	0.0	-5.5952380952380949	1	1
2.9175808429718018	2	3.636904761904762	-0.2797619047619051	3.6369047619047619	-0.27976190476190477	0	5	75	3.1058285412302489	5.9958718202307253	1	12.105828541230249	4.9958718202307253	0.0	-5.5952380952380949	1	1
2.9341578483581543	2	2.7976190476190474	-0.97916666666666696	2.7976190476190474	-0.97916666666666663	0	5	75	3.1058285412302489	5.9958718202307253	1	12.105828541230249	4.9958718202307253	0.0	-5.5952380952380949	1	1
2.9508659839630127	2	2.126190476190476	-1.5946428571428575	2.1261904761904762	-1.5946428571428573	0	5	75	3.1058285412302489	5.9958718202307253	1	12.105828541230249	4.9958718202307253	0.0	-5.5952380952380949	1	1
2.967474937438965	2	1.8464285714285715	-1.8464285714285715	1.8464285714285715	-1.8464285714285715	0	5	75	3.1058285412302489	5.9958718202307253	1	12.105828541230249	4.9958718202307253	0.0	-5.5952380952380949	1	1
2.984006881713867	2	1.3988095238095237	-2.2940476190476189	1.3988095238095237	-2.2940476190476189	0	5	75	3.1058285412302489	5.9958718202307253	1	12.105828541230249	4.9958718202307253	0.0	-5.5952380952380949	1	1
3.000596046447754	2	1.2029761904761904	-2.4898809523809522	1.2029761904761904	-2.4898809523809522	0	5	75	3.1058285412302489	5.9958718202307253	1	12.105828541230249	4.9958718202307253	0.0	-5.5952380952380949	1	1
3.0171639919281006	2	0.9232142857142858	-2.825595238095238	0.92321428571428577	-2.825595238095238	0	5	75	3.1058285412302489	5.9958718202307253	1	12.105828541230249	4.9958718202307253	0.0	-5.5952380952380949	1	1
3.0337929725646973	2	0.7553571428571428	-3.049404761904762	0.75535714285714284	-3.049404761904762	0	5	75	3.1058285412302489	5.9958718202307253	1	12.105828541230249	4.9958718202307253	0.0	-5.5952380952380949	1	1
3.0504279136657715	2	0.6994047619047619	-3.1892857142857145	0.69940476190476186	-3.1892857142857145	0	5	75	3.1058285412302489	5.9958718202307253	1	12.105828541230249	4.9958718202307253	0.0	-5.5952380952380949	1	1
3.067007064819336	2	0.6714285714285714	-3.2452380952380953	0.67142857142857137	-3.2452380952380953	0	5	75	3.1058285412302489	5.9958718202307253	1	12.105828541230249	4.9958718202307253	0.0	-5.5952380952380949	1	1
3.083556890487671	2	0.6994047619047619	-3.3571428571428572	0.69940476190476186	-3.3571428571428572	0	5	75	3.1058285412302489	5.9958718202307253	1	12.105828541230249	4.9958718202307253	0.0	-5.5952380952380949	1	1
3.100213050842285	2	0.7273809523809524	-3.413095238095238	0.72738095238095235	-3.413095238095238	0	5	75	3.1058285412302489	5.9958718202307253	1	12.105828541230249	4.9958718202307253	0.0	-5.5952380952380949	1	1
3.1167330741882324	2	0.8113095238095238	-3.4970238095238093	0.81130952380952381	-3.4970238095238093	0	5	75	3.1058285412302489	5.9958718202307253	1	12.105828541230249	4.9958718202307253	0.0	-5.5952380952380949	1	1
3.1333119869232178	2	0.8672619047619048	-3.5529761904761905	0.86726190476190479	-3.5529761904761905	0	5	75	3.1058285412302489	5.9958718202307253	1	12.105828541230249	4.9958718202307253	0.0	-5.5952380952380949	1	1
3.1499979496002197	2	0.8952380952380953	-3.5809523809523811	0.89523809523809528	-3.5809523809523811	0	5	75	3.1058285412302489	5.9958718202307253	1	12.105828541230249	4.9958718202307253	0.0	-5.5952380952380949	1	1
3.166550874710083	2	0.9511904761904761	-3.6369047619047619	0.95119047619047614	-3.6369047619047619	0	5	75	3.1058285412302489	5.9958718202307253	1	12.105828541230249	4.9958718202307253	0.0	-5.5952380952380949	1	1
3.1831209659576416	2	1.0351190476190477	-3.7208333333333332	1.0351190476190477	-3.7208333333333332	0	5	75	3.1058285412302489	5.9958718202307253	1	12.105828541230249	4.9958718202307253	0.0	-5.5952380952380949	1	1
3.1997158527374268	2	1.063095238095238	-3.7488095238095238	1.0630952380952381	-3.7488095238095238	0	5	75	3.1058285412302489	5.9958718202307253	1	12.105828541230249	4.9958718202307253	0.0	-5.5952380952380949	1	1
3.216304063796997	2	1.119047619047619	-3.8607142857142858	1.1190476190476191	-3.8607142857142858	0	5	75	3.1058285412302489	5.9958718202307253	1	12.105828541230249	4.9958718202307253	0.0	-5.5952380952380949	1	1
3.232908010482788	2	1.175	-3.9726190476190477	1.175	-3.9726190476190477	0	5	75	3.1058285412302489	5.9958718202307253	1	12.105828541230249	4.9958718202307253	0.0	-5.5952380952380949	1	1
3.2495310306549072	2	1.175	-4.0285714285714285	1.175	-4.0285714285714285	0	5	75	3.1058285412302489	5.9958718202307253	1	12.105828541230249	4.9958718202307253	0.0	-5.5952380952380949	1	1
3.266213893890381	2	1.175	-4.1124999999999998	1.175	-4.1124999999999998	0	5	75	3.1058285412302489	5.9958718202307253	1	12.105828541230249	4.9958718202307253	0.0	-5.5952380952380949	1	1
3.282949924468994	2	1.175	-4.2244047619047622	1.175	-4.2244047619047622	0	5	75	3.1058285412302489	5.9958718202307253	1	12.105828541230249	4.9958718202307253	0.0	-5.5952380952380949	1	1
3.299609899520874	2	1.1470238095238094	-4.2803571428571425	1.1470238095238094	-4.2803571428571425	0	5	75	3.1058285412302489	5.9958718202307253	1	12.105828541230249	4.9958718202307253	0.0	-5.5952380952380949	1	1
3.3160738945007324	2	1.063095238095238	-4.4482142857142861	1.0630952380952381	-4.4482142857142861	0	5	75	3.1058285412302489	5.9958718202307253	1	12.105828541230249	4.9958718202307253	0.0	-5.5952380952380949	1	1
3.332736015319824	2	0.9232142857142858	-4.644047619047619	0.92321428571428577	-4.644047619047619	0	5	75	3.1058285412302489	5.9958718202307253	1	12.105828541230249	4.9958718202307253	0.0	-5.5952380952380949	1	1
3.3494150638580322	2	0.8113095238095238	-4.7279761904761903	0.81130952380952381	-4.7279761904761903	0	5	75	3.1058285412302489	5.9958718202307253	1	12.105828541230249	4.9958718202307253	0.0	-5.5952380952380949	1	1
3.365964889526367	2	0.5875	-4.9517857142857142	0.58750000000000002	-4.9517857142857142	0	5	75	3.1058285412302489	5.9958718202307253	1	12.105828541230249	4.9958718202307253	0.0	-5.5952380952380949	1	1
3.3824899196624756	2	0.3357142857142857	-5.1196428571428569	0.33571428571428569	-5.1196428571428569	0	5	75	3.1058285412302489	5.9958718202307253	1	12.105828541230249	4.9958718202307253	0.0	-5.5952380952380949	1	1
3.3991289138793945	2	0.22380952380952382	-5.2035714285714283	0.22380952380952382	-5.2035714285714283	0	5	75	3.1058285412302489	5.9958718202307253	1	12.105828541230249	4.9958718202307253	0.0	-5.5952380952380949	1	1
