time	trial	cursor_x	cursor_y	hand_x	hand_Y	rotation	step	target_angle	targetpos_x	targetpos_y	garagelocation	garagepos_x	garagepos_y	homepos_x	homepos_y	group	trial_type
9.5367431640625e-07	4	-0.27976190476190477	-5.1196428571428569	-0.27976190476190477	-5.1196428571428569	0	5	105	-3.1058285412302502	5.9958718202307253	-1	-12.105828541230251	4.9958718202307253	0.0	-5.5952380952380949	1	1
0.02967691421508789	4	-0.11190476190476191	-5.371428571428571	-0.11190476190476191	-5.371428571428571	0	1	105	-3.1058285412302502	5.9958718202307253	-1	-12.105828541230251	4.9958718202307253	0.0	-5.5952380952380949	1	1
0.0463259220123291	4	0.027976190476190477	-5.5392857142857146	0.027976190476190477	-5.5392857142857146	0	1	105	-3.1058285412302502	5.9958718202307253	-1	-12.105828541230251	4.9958718202307253	0.0	-5.5952380952380949	1	1
0.062376976013183594	4	0.13988095238095238	-5.6511904761904761	0.13988095238095238	-5.6511904761904761	0	1	105	-3.1058285412302502	5.9958718202307253	-1	-12.105828541230251	4.9958718202307253	0.0	-5.5952380952380949	1	1
0.08126187324523926	4	0.22380952380952382	-5.7351190476190474	0.22380952380952382	-5.7351190476190474	0	1	105	-3.1058285412302502	5.9958718202307253	-1	-12.105828541230251	4.9958718202307253	0.0	-5.5952380952380949	1	1
0.09544801712036133	4	0.27976190476190477	-5.8190476190476188	0.27976190476190477	-5.8190476190476188	0	1	105	-3.1058285412302502	5.9958718202307253	-1	-12.105828541230251	4.9958718202307253	0.0	-5.5952380952380949	1	1
0.11262989044189453	4	0.30773809523809526	-5.8470238095238098	0.30773809523809526	-5.8470238095238098	0	1	105	-3.1058285412302502	5.9958718202307253	-1	-12.105828541230251	4.9958718202307253	0.0	-5.5952380952380949	1	1
0.13087987899780273	4	0.30773809523809526	-5.8470238095238098	0.30773809523809526	-5.8470238095238098	0	1	105	-3.1058285412302502	5.9958718202307253	-1	-12.105828541230251	4.9958718202307253	0.0	-5.5952380952380949	1	1
0.14540505409240723	4	0.30773809523809526	-5.8470238095238098	0.30773809523809526	-5.8470238095238098	0	1	105	-3.1058285412302502	5.9958718202307253	-1	-12.105828541230251	4.9958718202307253	0.0	-5.5952380952380949	1	1
0.16273093223571777	4	0.30773809523809526	-5.8470238095238098	0.30773809523809526	-5.8470238095238098	0	1	105	-3.1058285412302502	5.9958718202307253	-1	-12.105828541230251	4.9958718202307253	0.0	-5.5952380952380949	1	1
0.17926907539367676	4	0.30773809523809526	-5.8470238095238098	0.30773809523809526	-5.8470238095238098	0	1	105	-3.1058285412302502	5.9958718202307253	-1	-12.105828541230251	4.9958718202307253	0.0	-5.5952380952380949	1	1
0.19540786743164062	4	0.30773809523809526	-5.8470238095238098	0.30773809523809526	-5.8470238095238098	0	1	105	-3.1058285412302502	5.9958718202307253	-1	-12.105828541230251	4.9958718202307253	0.0	-5.5952380952380949	1	1
0.21277594566345215	4	0.30773809523809526	-5.8470238095238098	0.30773809523809526	-5.8470238095238098	0	1	105	-3.1058285412302502	5.9958718202307253	-1	-12.105828541230251	4.9958718202307253	0.0	-5.5952380952380949	1	1
0.22962188720703125	4	0.30773809523809526	-5.8470238095238098	0.30773809523809526	-5.8470238095238098	0	1	105	-3.1058285412302502	5.9958718202307253	-1	-12.105828541230251	4.9958718202307253	0.0	-5.5952380952380949	1	1
0.2455599308013916	4	0.30773809523809526	-5.8470238095238098	0.30773809523809526	-5.8470238095238098	0	1	105	-3.1058285412302502	5.9958718202307253	-1	-12.105828541230251	4.9958718202307253	0.0	-5.5952380952380949	1	1
0.2620429992675781	4	0.30773809523809526	-5.8190476190476188	0.30773809523809526	-5.8190476190476188	0	1	105	-3.1058285412302502	5.9958718202307253	-1	-12.105828541230251	4.9958718202307253	0.0	-5.5952380952380949	1	1
0.27871108055114746	4	0.27976190476190477	-5.6511904761904761	0.27976190476190477	-5.6511904761904761	0	1	105	-3.1058285412302502	5.9958718202307253	-1	-12.105828541230251	4.9958718202307253	0.0	-5.5952380952380949	1	1
0.29727888107299805	4	0.11190476190476191	-5.2315476190476193	0.11190476190476191	-5.2315476190476193	0	1	105	-3.1058285412302502	5.9958718202307253	-1	-12.105828541230251	4.9958718202307253	0.0	-5.5952380952380949	1	1
0.31207895278930664	4	-0.30773809523809526	-4.0845238095238097	-0.30773809523809526	-4.0845238095238097	0	1	105	-3.1058285412302502	5.9958718202307253	-1	-12.105828541230251	4.9958718202307253	0.0	-5.5952380952380949	1	1
0.3283848762512207	4	-0.8392857142857143	-2.4059523809523808	-0.8392857142857143	-2.4059523809523808	0	1	105	-3.1058285412302502	5.9958718202307253	-1	-12.105828541230251	4.9958718202307253	0.0	-5.5952380952380949	1	1
0.34598708152770996	4	-1.3148809523809524	-0.33571428571428541	-1.3148809523809524	-0.33571428571428569	0	1	105	-3.1058285412302502	5.9958718202307253	-1	-12.105828541230251	4.9958718202307253	0.0	-5.5952380952380949	1	1
0.3619539737701416	4	-1.7345238095238096	1.7904761904761903	-1.7345238095238096	1.7904761904761906	0	2	105	-3.1058285412302502	5.9958718202307253	-1	-12.105828541230251	4.9958718202307253	0.0	-5.5952380952380949	1	1
0.3784918785095215	4	-2.182142857142857	4.0005952380952383	-2.1821428571428569	4.0005952380952383	0	2	105	-3.1058285412302502	5.9958718202307253	-1	-12.105828541230251	4.9958718202307253	0.0	-5.5952380952380949	1	1
0.3961479663848877	4	-2.4339285714285714	5.399404761904762	-2.4339285714285714	5.399404761904762	0	2	105	-3.1058285412302502	5.9958718202307253	-1	-12.105828541230251	4.9958718202307253	0.0	-5.5952380952380949	1	1
0.4123849868774414	4	-2.489880952380952	5.9029761904761902	-2.4898809523809522	5.9029761904761902	0	2	105	-3.1058285412302502	5.9958718202307253	-1	-12.105828541230251	4.9958718202307253	0.0	-5.5952380952380949	1	1
0.4295060634613037	4	-2.573809523809524	6.5744047619047628	-2.573809523809524	6.5744047619047619	0	2	105	-3.1058285412302502	5.9958718202307253	-1	-12.105828541230251	4.9958718202307253	0.0	-5.5952380952380949	1	1
0.44611597061157227	4	-2.601785714285714	6.8821428571428562	-2.6017857142857141	6.8821428571428571	0	2	105	-3.1058285412302502	5.9958718202307253	-1	-12.105828541230251	4.9958718202307253	0.0	-5.5952380952380949	1	1
0.4628598690032959	4	-2.601785714285714	6.9101190476190482	-2.6017857142857141	6.9101190476190473	0	2	105	-3.1058285412302502	5.9958718202307253	-1	-12.105828541230251	4.9958718202307253	0.0	-5.5952380952380949	1	1
0.4790530204772949	4	-2.601785714285714	6.9101190476190482	-2.6017857142857141	6.9101190476190473	0	2	105	-3.1058285412302502	5.9958718202307253	-1	-12.105828541230251	4.9958718202307253	0.0	-5.5952380952380949	1	1
0.49437499046325684	4	-2.601785714285714	6.9101190476190482	-2.6017857142857141	6.9101190476190473	0	2	105	-3.1058285412302502	5.9958718202307253	-1	-12.105828541230251	4.9958718202307253	0.0	-5.5952380952380949	1	1
0.510329008102417	4	-2.6297619047619047	6.8261904761904759	-2.6297619047619047	6.8261904761904759	0	2	105	-3.1058285412302502	5.9958718202307253	-1	-12.105828541230251	4.9958718202307253	0.0	-5.5952380952380949	1	1
0.5273470878601074	4	-2.6577380952380953	6.7142857142857153	-2.6577380952380953	6.7142857142857144	0	2	105	-3.1058285412302502	5.9958718202307253	-1	-12.105828541230251	4.9958718202307253	0.0	-5.5952380952380949	1	1
0.54544997215271	4	-2.6857142857142855	6.6303571428571431	-2.6857142857142855	6.6303571428571431	0	2	105	-3.1058285412302502	5.9958718202307253	-1	-12.105828541230251	4.9958718202307253	0.0	-5.5952380952380949	1	1
0.5603559017181396	4	-2.713690476190476	6.5464285714285708	-2.7136904761904761	6.5464285714285717	0	2	105	-3.1058285412302502	5.9958718202307253	-1	-12.105828541230251	4.9958718202307253	0.0	-5.5952380952380949	1	1
0.5775740146636963	4	-2.7416666666666667	6.4625000000000004	-2.7416666666666667	6.4625000000000004	0	2	105	-3.1058285412302502	5.9958718202307253	-1	-12.105828541230251	4.9958718202307253	0.0	-5.5952380952380949	1	1
0.5940959453582764	4	-2.7696428571428573	6.4065476190476183	-2.7696428571428573	6.4065476190476192	0	2	105	-3.1058285412302502	5.9958718202307253	-1	-12.105828541230251	4.9958718202307253	0.0	-5.5952380952380949	1	1
0.6107769012451172	4	-2.7976190476190474	6.3785714285714299	-2.7976190476190474	6.378571428571429	0	2	105	-3.1058285412302502	5.9958718202307253	-1	-12.105828541230251	4.9958718202307253	0.0	-5.5952380952380949	1	1
0.6266119480133057	4	-2.825595238095238	6.3785714285714299	-2.825595238095238	6.378571428571429	0	2	105	-3.1058285412302502	5.9958718202307253	-1	-12.105828541230251	4.9958718202307253	0.0	-5.5952380952380949	1	1
0.6447029113769531	4	-2.825595238095238	6.350595238095238	-2.825595238095238	6.350595238095238	0	2	105	-3.1058285412302502	5.9958718202307253	-1	-12.105828541230251	4.9958718202307253	0.0	-5.5952380952380949	1	1
0.6604099273681641	4	-2.825595238095238	6.350595238095238	-2.825595238095238	6.350595238095238	0	2	105	-3.1058285412302502	5.9958718202307253	-1	-12.105828541230251	4.9958718202307253	0.0	-5.5952380952380949	1	1
0.6771318912506104	4	-2.825595238095238	6.350595238095238	-2.825595238095238	6.350595238095238	0	2	105	-3.1058285412302502	5.9958718202307253	-1	-12.105828541230251	4.9958718202307253	0.0	-5.5952380952380949	1	1
0.6939289569854736	4	-2.825595238095238	6.3226190476190478	-2.825595238095238	6.3226190476190478	0	2	105	-3.1058285412302502	5.9958718202307253	-1	-12.105828541230251	4.9958718202307253	0.0	-5.5952380952380949	1	1
0.7105510234832764	4	-2.825595238095238	6.2946428571428577	-2.825595238095238	6.2946428571428568	0	2	105	-3.1058285412302502	5.9958718202307253	-1	-12.105828541230251	4.9958718202307253	0.0	-5.5952380952380949	1	1
0.7274429798126221	4	-2.825595238095238	6.2666666666666657	-2.825595238095238	6.2666666666666666	0	2	105	-3.1058285412302502	5.9958718202307253	-1	-12.105828541230251	4.9958718202307253	0.0	-5.5952380952380949	1	1
0.743354082107544	4	-2.825595238095238	6.2386904761904773	-2.825595238095238	6.2386904761904765	0	2	105	-3.1058285412302502	5.9958718202307253	-1	-12.105828541230251	4.9958718202307253	0.0	-5.5952380952380949	1	1
0.7626190185546875	4	-2.825595238095238	6.1827380952380953	-2.825595238095238	6.1827380952380953	0	2	105	-3.1058285412302502	5.9958718202307253	-1	-12.105828541230251	4.9958718202307253	0.0	-5.5952380952380949	1	1
0.7770960330963135	4	-2.825595238095238	6.1827380952380953	-2.825595238095238	6.1827380952380953	0	2	105	-3.1058285412302502	5.9958718202307253	-1	-12.105828541230251	4.9958718202307253	0.0	-5.5952380952380949	1	1
0.7940349578857422	4	-2.825595238095238	6.1827380952380953	-2.825595238095238	6.1827380952380953	0	2	105	-3.1058285412302502	5.9958718202307253	-1	-12.105828541230251	4.9958718202307253	0.0	-5.5952380952380949	1	1
0.8103749752044678	4	-2.825595238095238	6.1827380952380953	-2.825595238095238	6.1827380952380953	0	2	105	-3.1058285412302502	5.9958718202307253	-1	-12.105828541230251	4.9958718202307253	0.0	-5.5952380952380949	1	1
0.8274428844451904	4	-2.825595238095238	6.1827380952380953	-2.825595238095238	6.1827380952380953	0	2	105	-3.1058285412302502	5.9958718202307253	-1	-12.105828541230251	4.9958718202307253	0.0	-5.5952380952380949	1	1
0.8436329364776611	4	-2.825595238095238	6.1827380952380953	-2.825595238095238	6.1827380952380953	0	2	105	-3.1058285412302502	5.9958718202307253	-1	-12.105828541230251	4.9958718202307253	0.0	-5.5952380952380949	1	1
0.8605799674987793	4	-2.825595238095238	6.1827380952380953	-2.825595238095238	6.1827380952380953	0	2	105	-3.1058285412302502	5.9958718202307253	-1	-12.105828541230251	4.9958718202307253	0.0	-5.5952380952380949	1	1
0.8776209354400635	4	-2.825595238095238	6.1827380952380953	-2.825595238095238	6.1827380952380953	0	2	105	-3.1058285412302502	5.9958718202307253	-1	-12.105828541230251	4.9958718202307253	0.0	-5.5952380952380949	1	1
0.8943068981170654	4	-2.825595238095238	6.1827380952380953	-2.825595238095238	6.1827380952380953	0	3	105	-3.1058285412302502	5.9958718202307253	-1	-12.105828541230251	4.9958718202307253	0.0	-5.5952380952380949	1	1
0.9104359149932861	4	-2.825595238095238	6.1827380952380953	-2.825595238095238	6.1827380952380953	0	4	105	-3.1058285412302502	5.9958718202307253	-1	-12.105828541230251	4.9958718202307253	0.0	-5.5952380952380949	1	1
0.9296979904174805	4	-2.825595238095238	6.1827380952380953	-2.825595238095238	6.1827380952380953	0	4	105	-3.1058285412302502	5.9958718202307253	-1	-12.105828541230251	4.9958718202307253	0.0	-5.5952380952380949	1	1
0.9434859752655029	4	-2.825595238095238	6.1827380952380953	-2.825595238095238	6.1827380952380953	0	4	105	-3.1058285412302502	5.9958718202307253	-1	-12.105828541230251	4.9958718202307253	0.0	-5.5952380952380949	1	1
0.9611279964447021	4	-2.825595238095238	6.1827380952380953	-2.825595238095238	6.1827380952380953	0	4	105	-3.1058285412302502	5.9958718202307253	-1	-12.105828541230251	4.9958718202307253	0.0	-5.5952380952380949	1	1
0.9778709411621094	4	-2.825595238095238	6.1827380952380953	-2.825595238095238	6.1827380952380953	0	4	105	-3.1058285412302502	5.9958718202307253	-1	-12.105828541230251	4.9958718202307253	0.0	-5.5952380952380949	1	1
0.9941229820251465	4	-2.825595238095238	6.1827380952380953	-2.825595238095238	6.1827380952380953	0	4	105	-3.1058285412302502	5.9958718202307253	-1	-12.105828541230251	4.9958718202307253	0.0	-5.5952380952380949	1	1
1.010848045349121	4	-2.825595238095238	6.1827380952380953	-2.825595238095238	6.1827380952380953	0	4	105	-3.1058285412302502	5.9958718202307253	-1	-12.105828541230251	4.9958718202307253	0.0	-5.5952380952380949	1	1
1.0268049240112305	4	-2.825595238095238	6.1827380952380953	-2.825595238095238	6.1267857142857141	0	4	105	-3.1058285412302502	5.9958718202307253	-1	-12.105828541230251	4.9958718202307253	0.0	-5.5952380952380949	1	1
1.0446159839630127	4	-2.825595238095238	6.1827380952380953	-2.825595238095238	6.0428571428571427	0	4	105	-3.1058285412302502	5.9958718202307253	-1	-12.105828541230251	4.9958718202307253	0.0	-5.5952380952380949	1	1
1.0603089332580566	4	-2.8535714285714286	6.1827380952380953	-2.8535714285714286	5.9869047619047615	0	4	105	-3.1058285412302502	5.9958718202307253	-1	-12.105828541230251	4.9958718202307253	0.0	-5.5952380952380949	1	1
1.077805995941162	4	-2.8535714285714286	6.1827380952380953	-2.8535714285714286	5.9589285714285714	0	4	105	-3.1058285412302502	5.9958718202307253	-1	-12.105828541230251	4.9958718202307253	0.0	-5.5952380952380949	1	1
1.093764066696167	4	-2.8815476190476192	6.1827380952380953	-2.8815476190476192	5.9309523809523812	0	4	105	-3.1058285412302502	5.9958718202307253	-1	-12.105828541230251	4.9958718202307253	0.0	-5.5952380952380949	1	1
1.1103670597076416	4	-2.9095238095238094	6.1827380952380953	-2.9095238095238094	5.9309523809523812	0	4	105	-3.1058285412302502	5.9958718202307253	-1	-12.105828541230251	4.9958718202307253	0.0	-5.5952380952380949	1	1
1.1274440288543701	4	-3.1053571428571427	6.1827380952380953	-3.1053571428571427	5.9309523809523812	0	4	105	-3.1058285412302502	5.9958718202307253	-1	-12.105828541230251	4.9958718202307253	0.0	-5.5952380952380949	1	1
1.143812894821167	4	-3.4410714285714286	6.1827380952380953	-3.4410714285714286	5.9309523809523812	0	4	105	-3.1058285412302502	5.9958718202307253	-1	-12.105828541230251	4.9958718202307253	0.0	-5.5952380952380949	1	1
1.1607110500335693	4	-4.4482142857142861	6.1827380952380953	-4.4482142857142861	6.0428571428571427	0	4	105	-3.1058285412302502	5.9958718202307253	-1	-12.105828541230251	4.9958718202307253	0.0	-5.5952380952380949	1	1
1.1778180599212646	4	-5.9309523809523812	6.1827380952380953	-5.9309523809523812	6.2107142857142854	0	4	105	-3.1058285412302502	5.9958718202307253	-1	-12.105828541230251	4.9958718202307253	0.0	-5.5952380952380949	1	1
1.1947379112243652	4	-7.7773809523809527	6.1827380952380953	-7.7773809523809527	6.378571428571429	0	4	105	-3.1058285412302502	5.9958718202307253	-1	-12.105828541230251	4.9958718202307253	0.0	-5.5952380952380949	1	1
1.211003065109253	4	-8.7845238095238098	6.1827380952380953	-8.7845238095238098	6.378571428571429	0	4	105	-3.1058285412302502	5.9958718202307253	-1	-12.105828541230251	4.9958718202307253	0.0	-5.5952380952380949	1	1
1.227341890335083	4	-9.4839285714285708	6.1827380952380953	-9.4839285714285708	6.378571428571429	0	4	105	-3.1058285412302502	5.9958718202307253	-1	-12.105828541230251	4.9958718202307253	0.0	-5.5952380952380949	1	1
1.2436208724975586	4	-9.9035714285714285	6.1827380952380953	-9.9035714285714285	6.2946428571428568	0	4	105	-3.1058285412302502	5.9958718202307253	-1	-12.105828541230251	4.9958718202307253	0.0	-5.5952380952380949	1	1
1.260887861251831	4	-10.211309523809524	6.1827380952380953	-10.211309523809524	6.2107142857142854	0	4	105	-3.1058285412302502	5.9958718202307253	-1	-12.105828541230251	4.9958718202307253	0.0	-5.5952380952380949	1	1
1.278148889541626	4	-10.323214285714286	6.1827380952380953	-10.323214285714286	6.1827380952380953	0	4	105	-3.1058285412302502	5.9958718202307253	-1	-12.105828541230251	4.9958718202307253	0.0	-5.5952380952380949	1	1
1.294076919555664	4	-10.379166666666666	6.1827380952380953	-10.379166666666666	6.1547619047619051	0	4	105	-3.1058285412302502	5.9958718202307253	-1	-12.105828541230251	4.9958718202307253	0.0	-5.5952380952380949	1	1
1.3109850883483887	4	-10.379166666666666	6.1827380952380953	-10.379166666666666	6.1267857142857141	0	4	105	-3.1058285412302502	5.9958718202307253	-1	-12.105828541230251	4.9958718202307253	0.0	-5.5952380952380949	1	1
1.3279318809509277	4	-10.379166666666666	6.1827380952380953	-10.379166666666666	6.1267857142857141	0	4	105	-3.1058285412302502	5.9958718202307253	-1	-12.105828541230251	4.9958718202307253	0.0	-5.5952380952380949	1	1
1.3450539112091064	4	-10.379166666666666	6.1827380952380953	-10.379166666666666	6.1267857142857141	0	4	105	-3.1058285412302502	5.9958718202307253	-1	-12.105828541230251	4.9958718202307253	0.0	-5.5952380952380949	1	1
1.3603370189666748	4	-10.379166666666666	6.1827380952380953	-10.379166666666666	6.1267857142857141	0	4	105	-3.1058285412302502	5.9958718202307253	-1	-12.105828541230251	4.9958718202307253	0.0	-5.5952380952380949	1	1
1.377798080444336	4	-10.379166666666666	6.1827380952380953	-10.379166666666666	6.1267857142857141	0	4	105	-3.1058285412302502	5.9958718202307253	-1	-12.105828541230251	4.9958718202307253	0.0	-5.5952380952380949	1	1
1.394232988357544	4	-10.379166666666666	6.1827380952380953	-10.379166666666666	6.1267857142857141	0	4	105	-3.1058285412302502	5.9958718202307253	-1	-12.105828541230251	4.9958718202307253	0.0	-5.5952380952380949	1	1
1.4111900329589844	4	-10.379166666666666	6.1827380952380953	-10.379166666666666	6.1267857142857141	0	4	105	-3.1058285412302502	5.9958718202307253	-1	-12.105828541230251	4.9958718202307253	0.0	-5.5952380952380949	1	1
1.4273779392242432	4	-10.379166666666666	6.1827380952380953	-10.379166666666666	6.1267857142857141	0	4	105	-3.1058285412302502	5.9958718202307253	-1	-12.105828541230251	4.9958718202307253	0.0	-5.5952380952380949	1	1
1.444072961807251	4	-10.379166666666666	6.1827380952380953	-10.379166666666666	6.1267857142857141	0	4	105	-3.1058285412302502	5.9958718202307253	-1	-12.105828541230251	4.9958718202307253	0.0	-5.5952380952380949	1	1
1.461677074432373	4	-10.379166666666666	6.1827380952380953	-10.379166666666666	6.1267857142857141	0	4	105	-3.1058285412302502	5.9958718202307253	-1	-12.105828541230251	4.9958718202307253	0.0	-5.5952380952380949	1	1
1.4771630764007568	4	-10.379166666666666	6.1827380952380953	-10.379166666666666	6.1267857142857141	0	4	105	-3.1058285412302502	5.9958718202307253	-1	-12.105828541230251	4.9958718202307253	0.0	-5.5952380952380949	1	1
1.4947450160980225	4	-10.379166666666666	6.1827380952380953	-10.379166666666666	6.0988095238095239	0	4	105	-3.1058285412302502	5.9958718202307253	-1	-12.105828541230251	4.9958718202307253	0.0	-5.5952380952380949	1	1
1.511044979095459	4	-10.379166666666666	6.1827380952380953	-10.379166666666666	6.0708333333333337	0	4	105	-3.1058285412302502	5.9958718202307253	-1	-12.105828541230251	4.9958718202307253	0.0	-5.5952380952380949	1	1
1.5276758670806885	4	-10.379166666666666	6.1827380952380953	-10.379166666666666	5.9589285714285714	0	4	105	-3.1058285412302502	5.9958718202307253	-1	-12.105828541230251	4.9958718202307253	0.0	-5.5952380952380949	1	1
1.546125888824463	4	-10.435119047619047	6.1827380952380953	-10.435119047619047	5.6791666666666663	0	4	105	-3.1058285412302502	5.9958718202307253	-1	-12.105828541230251	4.9958718202307253	0.0	-5.5952380952380949	1	1
1.5606160163879395	4	-10.602976190476191	6.1827380952380953	-10.602976190476191	5.399404761904762	0	4	105	-3.1058285412302502	5.9958718202307253	-1	-12.105828541230251	4.9958718202307253	0.0	-5.5952380952380949	1	1
1.5780658721923828	4	-10.826785714285714	5.0636904761904766	-10.826785714285714	5.0636904761904766	0	4	105	-3.1058285412302502	5.9958718202307253	-1	-12.105828541230251	4.9958718202307253	0.0	-5.5952380952380949	1	1
1.5947539806365967	4	-10.994642857142857	4.8958333333333321	-10.994642857142857	4.895833333333333	0	4	105	-3.1058285412302502	5.9958718202307253	-1	-12.105828541230251	4.9958718202307253	0.0	-5.5952380952380949	1	1
1.6116929054260254	4	-11.1625	4.7559523809523814	-11.1625	4.7559523809523814	0	4	105	-3.1058285412302502	5.9958718202307253	-1	-12.105828541230251	4.9958718202307253	0.0	-5.5952380952380949	1	1
1.6272408962249756	4	-11.274404761904762	4.6999999999999993	-11.274404761904762	4.7000000000000002	0	4	105	-3.1058285412302502	5.9958718202307253	-1	-12.105828541230251	4.9958718202307253	0.0	-5.5952380952380949	1	1
1.6446270942687988	4	-11.302380952380952	4.6720238095238091	-11.302380952380952	4.6720238095238091	0	5	105	-3.1058285412302502	5.9958718202307253	-1	-12.105828541230251	4.9958718202307253	0.0	-5.5952380952380949	1	1
1.6616618633270264	4	-11.330357142857142	4.644047619047619	-11.330357142857142	4.644047619047619	0	5	105	-3.1058285412302502	5.9958718202307253	-1	-12.105828541230251	4.9958718202307253	0.0	-5.5952380952380949	1	1
1.6779110431671143	4	-11.330357142857142	4.644047619047619	-11.330357142857142	4.644047619047619	0	5	105	-3.1058285412302502	5.9958718202307253	-1	-12.105828541230251	4.9958718202307253	0.0	-5.5952380952380949	1	1
1.6949028968811035	4	-11.330357142857142	4.644047619047619	-11.330357142857142	4.644047619047619	0	5	105	-3.1058285412302502	5.9958718202307253	-1	-12.105828541230251	4.9958718202307253	0.0	-5.5952380952380949	1	1
1.7108609676361084	4	-10.882738095238095	4.3642857142857139	-10.882738095238095	4.3642857142857139	0	5	105	-3.1058285412302502	5.9958718202307253	-1	-12.105828541230251	4.9958718202307253	0.0	-5.5952380952380949	1	1
1.727776050567627	4	-10.267261904761904	3.9166666666666661	-10.267261904761904	3.9166666666666665	0	5	105	-3.1058285412302502	5.9958718202307253	-1	-12.105828541230251	4.9958718202307253	0.0	-5.5952380952380949	1	1
1.7439050674438477	4	-6.938095238095238	1.706547619047619	-6.9380952380952383	1.706547619047619	0	5	105	-3.1058285412302502	5.9958718202307253	-1	-12.105828541230251	4.9958718202307253	0.0	-5.5952380952380949	1	1
1.7627999782562256	4	-3.2452380952380953	-0.67142857142857171	-3.2452380952380953	-0.67142857142857137	0	5	105	-3.1058285412302502	5.9958718202307253	-1	-12.105828541230251	4.9958718202307253	0.0	-5.5952380952380949	1	1
1.7775139808654785	4	0.3357142857142857	-2.8815476190476192	0.33571428571428569	-2.8815476190476192	0	5	105	-3.1058285412302502	5.9958718202307253	-1	-12.105828541230251	4.9958718202307253	0.0	-5.5952380952380949	1	1
1.7951490879058838	4	1.2589285714285714	-3.5249999999999999	1.2589285714285714	-3.5249999999999999	0	5	105	-3.1058285412302502	5.9958718202307253	-1	-12.105828541230251	4.9958718202307253	0.0	-5.5952380952380949	1	1
1.8124439716339111	4	1.650595238095238	-3.8047619047619046	1.650595238095238	-3.8047619047619046	0	5	105	-3.1058285412302502	5.9958718202307253	-1	-12.105828541230251	4.9958718202307253	0.0	-5.5952380952380949	1	1
1.8273470401763916	4	2.238095238095238	-4.1964285714285712	2.2380952380952381	-4.1964285714285712	0	5	105	-3.1058285412302502	5.9958718202307253	-1	-12.105828541230251	4.9958718202307253	0.0	-5.5952380952380949	1	1
1.8449029922485352	4	2.461904761904762	-4.3363095238095237	2.461904761904762	-4.3363095238095237	0	5	105	-3.1058285412302502	5.9958718202307253	-1	-12.105828541230251	4.9958718202307253	0.0	-5.5952380952380949	1	1
1.861872911453247	4	2.461904761904762	-4.3083333333333336	2.461904761904762	-4.3083333333333336	0	5	105	-3.1058285412302502	5.9958718202307253	-1	-12.105828541230251	4.9958718202307253	0.0	-5.5952380952380949	1	1
1.8778319358825684	4	2.461904761904762	-4.3083333333333336	2.461904761904762	-4.3083333333333336	0	5	105	-3.1058285412302502	5.9958718202307253	-1	-12.105828541230251	4.9958718202307253	0.0	-5.5952380952380949	1	1
1.8939499855041504	4	2.461904761904762	-4.3083333333333336	2.461904761904762	-4.3083333333333336	0	5	105	-3.1058285412302502	5.9958718202307253	-1	-12.105828541230251	4.9958718202307253	0.0	-5.5952380952380949	1	1
1.9107539653778076	4	2.461904761904762	-4.3083333333333336	2.461904761904762	-4.3083333333333336	0	5	105	-3.1058285412302502	5.9958718202307253	-1	-12.105828541230251	4.9958718202307253	0.0	-5.5952380952380949	1	1
1.9286248683929443	4	2.461904761904762	-4.3083333333333336	2.461904761904762	-4.3083333333333336	0	5	105	-3.1058285412302502	5.9958718202307253	-1	-12.105828541230251	4.9958718202307253	0.0	-5.5952380952380949	1	1
1.9444780349731445	4	2.461904761904762	-4.3083333333333336	2.461904761904762	-4.3083333333333336	0	5	105	-3.1058285412302502	5.9958718202307253	-1	-12.105828541230251	4.9958718202307253	0.0	-5.5952380952380949	1	1
1.9609150886535645	4	2.461904761904762	-4.3083333333333336	2.461904761904762	-4.3083333333333336	0	5	105	-3.1058285412302502	5.9958718202307253	-1	-12.105828541230251	4.9958718202307253	0.0	-5.5952380952380949	1	1
1.9776220321655273	4	2.461904761904762	-4.3083333333333336	2.461904761904762	-4.3083333333333336	0	5	105	-3.1058285412302502	5.9958718202307253	-1	-12.105828541230251	4.9958718202307253	0.0	-5.5952380952380949	1	1
1.9946238994598389	4	2.461904761904762	-4.3083333333333336	2.461904761904762	-4.3083333333333336	0	5	105	-3.1058285412302502	5.9958718202307253	-1	-12.105828541230251	4.9958718202307253	0.0	-5.5952380952380949	1	1
2.0128159523010254	4	2.461904761904762	-4.4202380952380951	2.461904761904762	-4.4202380952380951	0	5	105	-3.1058285412302502	5.9958718202307253	-1	-12.105828541230251	4.9958718202307253	0.0	-5.5952380952380949	1	1
2.0273659229278564	4	2.461904761904762	-4.644047619047619	2.461904761904762	-4.644047619047619	0	5	105	-3.1058285412302502	5.9958718202307253	-1	-12.105828541230251	4.9958718202307253	0.0	-5.5952380952380949	1	1
2.0438950061798096	4	2.461904761904762	-5.0916666666666668	2.461904761904762	-5.0916666666666668	0	5	105	-3.1058285412302502	5.9958718202307253	-1	-12.105828541230251	4.9958718202307253	0.0	-5.5952380952380949	1	1
2.06083607673645	4	2.35	-5.5952380952380949	2.3500000000000001	-5.5952380952380949	0	5	105	-3.1058285412302502	5.9958718202307253	-1	-12.105828541230251	4.9958718202307253	0.0	-5.5952380952380949	1	1
2.0778980255126953	4	2.182142857142857	-5.9869047619047615	2.1821428571428569	-5.9869047619047615	0	5	105	-3.1058285412302502	5.9958718202307253	-1	-12.105828541230251	4.9958718202307253	0.0	-5.5952380952380949	1	1
2.0945138931274414	4	1.9583333333333333	-6.4345238095238093	1.9583333333333333	-6.4345238095238093	0	5	105	-3.1058285412302502	5.9958718202307253	-1	-12.105828541230251	4.9958718202307253	0.0	-5.5952380952380949	1	1
2.111466884613037	4	1.6785714285714286	-6.7702380952380956	1.6785714285714286	-6.7702380952380956	0	5	105	-3.1058285412302502	5.9958718202307253	-1	-12.105828541230251	4.9958718202307253	0.0	-5.5952380952380949	1	1
2.127855062484741	4	1.3988095238095237	-6.9940476190476186	1.3988095238095237	-6.9940476190476186	0	5	105	-3.1058285412302502	5.9958718202307253	-1	-12.105828541230251	4.9958718202307253	0.0	-5.5952380952380949	1	1
2.1443870067596436	4	1.1470238095238094	-7.0499999999999998	1.1470238095238094	-7.0499999999999998	0	5	105	-3.1058285412302502	5.9958718202307253	-1	-12.105828541230251	4.9958718202307253	0.0	-5.5952380952380949	1	1
2.1606810092926025	4	1.0071428571428571	-7.0779761904761909	1.0071428571428571	-7.0779761904761909	0	5	105	-3.1058285412302502	5.9958718202307253	-1	-12.105828541230251	4.9958718202307253	0.0	-5.5952380952380949	1	1
2.1797780990600586	4	0.9232142857142858	-7.0779761904761909	0.92321428571428577	-7.0779761904761909	0	5	105	-3.1058285412302502	5.9958718202307253	-1	-12.105828541230251	4.9958718202307253	0.0	-5.5952380952380949	1	1
2.194827079772949	4	0.8392857142857143	-7.0499999999999998	0.8392857142857143	-7.0499999999999998	0	5	105	-3.1058285412302502	5.9958718202307253	-1	-12.105828541230251	4.9958718202307253	0.0	-5.5952380952380949	1	1
2.2110788822174072	4	0.7553571428571428	-6.9660714285714285	0.75535714285714284	-6.9660714285714285	0	5	105	-3.1058285412302502	5.9958718202307253	-1	-12.105828541230251	4.9958718202307253	0.0	-5.5952380952380949	1	1
2.2292258739471436	4	0.6994047619047619	-6.854166666666667	0.69940476190476186	-6.854166666666667	0	5	105	-3.1058285412302502	5.9958718202307253	-1	-12.105828541230251	4.9958718202307253	0.0	-5.5952380952380949	1	1
2.2439310550689697	4	0.643452380952381	-6.7142857142857144	0.643452380952381	-6.7142857142857144	0	5	105	-3.1058285412302502	5.9958718202307253	-1	-12.105828541230251	4.9958718202307253	0.0	-5.5952380952380949	1	1
2.2612218856811523	4	0.6154761904761905	-6.602380952380952	0.61547619047619051	-6.602380952380952	0	5	105	-3.1058285412302502	5.9958718202307253	-1	-12.105828541230251	4.9958718202307253	0.0	-5.5952380952380949	1	1
2.278048038482666	4	0.5595238095238095	-6.4904761904761905	0.55952380952380953	-6.4904761904761905	0	5	105	-3.1058285412302502	5.9958718202307253	-1	-12.105828541230251	4.9958718202307253	0.0	-5.5952380952380949	1	1
2.2951579093933105	4	0.5035714285714286	-6.4345238095238093	0.50357142857142856	-6.4345238095238093	0	5	105	-3.1058285412302502	5.9958718202307253	-1	-12.105828541230251	4.9958718202307253	0.0	-5.5952380952380949	1	1
2.3111860752105713	4	0.47559523809523807	-6.378571428571429	0.47559523809523807	-6.378571428571429	0	5	105	-3.1058285412302502	5.9958718202307253	-1	-12.105828541230251	4.9958718202307253	0.0	-5.5952380952380949	1	1
2.3282110691070557	4	0.41964285714285715	-6.2946428571428568	0.41964285714285715	-6.2946428571428568	0	5	105	-3.1058285412302502	5.9958718202307253	-1	-12.105828541230251	4.9958718202307253	0.0	-5.5952380952380949	1	1
2.345172882080078	4	0.3357142857142857	-6.1547619047619051	0.33571428571428569	-6.1547619047619051	0	5	105	-3.1058285412302502	5.9958718202307253	-1	-12.105828541230251	4.9958718202307253	0.0	-5.5952380952380949	1	1
2.360743999481201	4	0.27976190476190477	-6.0148809523809526	0.27976190476190477	-6.0148809523809526	0	5	105	-3.1058285412302502	5.9958718202307253	-1	-12.105828541230251	4.9958718202307253	0.0	-5.5952380952380949	1	1
