time	trial	cursorx	cursory	hand_x	hand_Y	rotation	step	targetangle	targetposx	targetposy	garagelocation	garageposx	garageposy	homex	homey	group	trial_type
9.5367431640625e-07	3	-0.3559251771570036	-5.9299480808996874	-0.47559523809523807	-5.7071428571428573	-30	5	90	7.3478807948841188e-16	6.4047619047619051	-1	-9.0	5.4047619047619051	0.0	-5.5952380952380949	1	1
0.029593944549560547	3	-0.2590128105430307	-5.8739956999473062	-0.36369047619047618	-5.7071428571428573	-30	1	90	7.3478807948841188e-16	6.4047619047619051	-1	-9.0	5.4047619047619051	0.0	-5.5952380952380949	1	1
0.046293020248413086	3	-0.2105566272360443	-5.846019509471116	-0.30773809523809526	-5.7071428571428573	-30	1	90	7.3478807948841188e-16	6.4047619047619051	-1	-9.0	5.4047619047619051	0.0	-5.5952380952380949	1	1
0.06284594535827637	3	-0.2105566272360443	-5.846019509471116	-0.30773809523809526	-5.7071428571428573	-30	1	90	7.3478807948841188e-16	6.4047619047619051	-1	-9.0	5.4047619047619051	0.0	-5.5952380952380949	1	1
0.07940387725830078	3	-0.18632853558255105	-5.832031414233021	-0.27976190476190477	-5.7071428571428573	-30	1	90	7.3478807948841188e-16	6.4047619047619051	-1	-9.0	5.4047619047619051	0.0	-5.5952380952380949	1	1
0.09595203399658203	3	-0.20031663082064657	-5.8078033225795265	-0.27976190476190477	-5.6791666666666663	-30	1	90	7.3478807948841188e-16	6.4047619047619051	-1	-9.0	5.4047619047619051	0.0	-5.5952380952380949	1	1
0.11262297630310059	3	-0.17608853916715336	-5.7938152273414314	-0.25178571428571428	-5.6791666666666663	-30	1	90	7.3478807948841188e-16	6.4047619047619051	-1	-9.0	5.4047619047619051	0.0	-5.5952380952380949	1	1
0.12915301322937012	3	-0.17608853916715336	-5.7938152273414314	-0.25178571428571428	-5.6791666666666663	-30	1	90	7.3478807948841188e-16	6.4047619047619051	-1	-9.0	5.4047619047619051	0.0	-5.5952380952380949	1	1
0.1457359790802002	3	-0.17608853916715336	-5.7938152273414314	-0.25178571428571428	-5.6791666666666663	-30	1	90	7.3478807948841188e-16	6.4047619047619051	-1	-9.0	5.4047619047619051	0.0	-5.5952380952380949	1	1
0.16239094734191895	3	-0.17608853916715336	-5.7938152273414314	-0.25178571428571428	-5.6791666666666663	-30	1	90	7.3478807948841188e-16	6.4047619047619051	-1	-9.0	5.4047619047619051	0.0	-5.5952380952380949	1	1
0.17897295951843262	3	-0.17608853916715336	-5.7938152273414314	-0.25178571428571428	-5.6791666666666663	-30	1	90	7.3478807948841188e-16	6.4047619047619051	-1	-9.0	5.4047619047619051	0.0	-5.5952380952380949	1	1
0.19554686546325684	3	-0.17608853916715336	-5.7938152273414314	-0.25178571428571428	-5.6791666666666663	-30	1	90	7.3478807948841188e-16	6.4047619047619051	-1	-9.0	5.4047619047619051	0.0	-5.5952380952380949	1	1
0.21211004257202148	3	-0.17608853916715336	-5.7938152273414314	-0.25178571428571428	-5.6791666666666663	-30	1	90	7.3478807948841188e-16	6.4047619047619051	-1	-9.0	5.4047619047619051	0.0	-5.5952380952380949	1	1
0.2287309169769287	3	-0.17608853916715336	-5.7938152273414314	-0.25178571428571428	-5.6791666666666663	-30	1	90	7.3478807948841188e-16	6.4047619047619051	-1	-9.0	5.4047619047619051	0.0	-5.5952380952380949	1	1
0.2453460693359375	3	-0.17608853916715336	-5.7938152273414314	-0.25178571428571428	-5.6791666666666663	-30	1	90	7.3478807948841188e-16	6.4047619047619051	-1	-9.0	5.4047619047619051	0.0	-5.5952380952380949	1	1
0.26196885108947754	3	-0.17608853916715336	-5.7938152273414314	-0.25178571428571428	-5.6791666666666663	-30	1	90	7.3478807948841188e-16	6.4047619047619051	-1	-9.0	5.4047619047619051	0.0	-5.5952380952380949	1	1
0.2784860134124756	3	-0.17608853916715336	-5.7938152273414314	-0.25178571428571428	-5.6791666666666663	-30	1	90	7.3478807948841188e-16	6.4047619047619051	-1	-9.0	5.4047619047619051	0.0	-5.5952380952380949	1	1
0.29511499404907227	3	-0.17608853916715336	-5.7938152273414314	-0.25178571428571428	-5.6791666666666663	-30	1	90	7.3478807948841188e-16	6.4047619047619051	-1	-9.0	5.4047619047619051	0.0	-5.5952380952380949	1	1
0.31173205375671387	3	-0.17608853916715336	-5.7938152273414314	-0.25178571428571428	-5.6791666666666663	-30	1	90	7.3478807948841188e-16	6.4047619047619051	-1	-9.0	5.4047619047619051	0.0	-5.5952380952380949	1	1
0.32819485664367676	3	-0.17608853916715336	-5.7938152273414314	-0.25178571428571428	-5.6791666666666663	-30	1	90	7.3478807948841188e-16	6.4047619047619051	-1	-9.0	5.4047619047619051	0.0	-5.5952380952380949	1	1
0.3448910713195801	3	-0.17608853916715336	-5.7938152273414314	-0.25178571428571428	-5.6791666666666663	-30	1	90	7.3478807948841188e-16	6.4047619047619051	-1	-9.0	5.4047619047619051	0.0	-5.5952380952380949	1	1
0.36150288581848145	3	-0.17608853916715336	-5.7938152273414314	-0.25178571428571428	-5.6791666666666663	-30	1	90	7.3478807948841188e-16	6.4047619047619051	-1	-9.0	5.4047619047619051	0.0	-5.5952380952380949	1	1
0.3778090476989746	3	-0.17608853916715336	-5.7938152273414314	-0.25178571428571428	-5.6791666666666663	-30	1	90	7.3478807948841188e-16	6.4047619047619051	-1	-9.0	5.4047619047619051	0.0	-5.5952380952380949	1	1
0.3944220542907715	3	-0.17608853916715336	-5.7938152273414314	-0.25178571428571428	-5.6791666666666663	-30	1	90	7.3478807948841188e-16	6.4047619047619051	-1	-9.0	5.4047619047619051	0.0	-5.5952380952380949	1	1
0.41102099418640137	3	-0.21430472605874165	-5.7835752309260338	-0.27976190476190477	-5.6511904761904761	-30	1	90	7.3478807948841188e-16	6.4047619047619051	-1	-9.0	5.4047619047619051	0.0	-5.5952380952380949	1	1
0.4275979995727539	3	-0.3047251950800138	-5.7388671464417449	-0.33571428571428569	-5.5672619047619047	-30	1	90	7.3478807948841188e-16	6.4047619047619051	-1	-9.0	5.4047619047619051	0.0	-5.5952380952380949	1	1
0.4442138671875	3	-0.3569294772096976	-5.7043990583728537	-0.36369047619047618	-5.5113095238095235	-30	1	90	7.3478807948841188e-16	6.4047619047619051	-1	-9.0	5.4047619047619051	0.0	-5.5952380952380949	1	1
0.4608490467071533	3	-0.5657466057284324	-5.5665267060972887	-0.47559523809523807	-5.2874999999999996	-30	1	90	7.3478807948841188e-16	6.4047619047619051	-1	-9.0	5.4047619047619051	0.0	-5.5952380952380949	1	1
0.4773869514465332	3	-0.7083713568793879	-5.4873505335441086	-0.55952380952380953	-5.147619047619048	-30	1	90	7.3478807948841188e-16	6.4047619047619051	-1	-9.0	5.4047619047619051	0.0	-5.5952380952380949	1	1
0.4939229488372803	3	-0.997368958003997	-5.2665539098926653	-0.69940476190476186	-4.8119047619047617	-30	1	90	7.3478807948841188e-16	6.4047619047619051	-1	-9.0	5.4047619047619051	0.0	-5.5952380952380949	1	1
0.5106170177459717	3	-1.3041027531893983	-4.9590849160426487	-0.81130952380952381	-4.3922619047619049	-30	1	90	7.3478807948841188e-16	6.4047619047619051	-1	-9.0	5.4047619047619051	0.0	-5.5952380952380949	1	1
0.5271539688110352	3	-1.6183327460201946	-4.5267273651024675	-0.86726190476190479	-3.8607142857142858	-30	1	90	7.3478807948841188e-16	6.4047619047619051	-1	-9.0	5.4047619047619051	0.0	-5.5952380952380949	1	1
0.5437719821929932	3	-1.7964298852927354	-4.2742064521521375	-0.89523809523809528	-3.5529761904761905	-30	1	90	7.3478807948841188e-16	6.4047619047619051	-1	-9.0	5.4047619047619051	0.0	-5.5952380952380949	1	1
0.5604119300842285	3	-2.1079160793535276	-3.6787441572302049	-0.86726190476190479	-2.8815476190476192	-30	1	90	7.3478807948841188e-16	6.4047619047619051	-1	-9.0	5.4047619047619051	0.0	-5.5952380952380949	1	1
0.5769920349121094	3	-2.289761317448766	-3.3637789657347925	-0.86726190476190479	-2.5178571428571428	-30	2	90	7.3478807948841188e-16	6.4047619047619051	-1	-9.0	5.4047619047619051	0.0	-5.5952380952380949	1	1
0.5935320854187012	3	-2.5807675186787624	-2.691884297029683	-0.78333333333333333	-1.7904761904761906	-30	2	90	7.3478807948841188e-16	6.4047619047619051	-1	-9.0	5.4047619047619051	0.0	-5.5952380952380949	1	1
0.6101059913635254	3	-2.8577856246706634	-2.0442177199780667	-0.69940476190476186	-1.0910714285714285	-30	2	90	7.3478807948841188e-16	6.4047619047619051	-1	-9.0	5.4047619047619051	0.0	-5.5952380952380949	1	1
0.6266698837280273	3	-3.1245637342471664	-1.3583349560348621	-0.58750000000000002	-0.36369047619047618	-30	2	90	7.3478807948841188e-16	6.4047619047619051	-1	-9.0	5.4047619047619051	0.0	-5.5952380952380949	1	1
0.6433348655700684	3	-3.2579527890354183	-1.0153935740632596	-0.53154761904761905	0.0	-30	2	90	7.3478807948841188e-16	6.4047619047619051	-1	-9.0	5.4047619047619051	0.0	-5.5952380952380949	1	1
0.6599810123443604	3	-3.3998423415217585	-0.32201461247465968	-0.30773809523809526	0.67142857142857137	-30	2	90	7.3478807948841188e-16	6.4047619047619051	-1	-9.0	5.4047619047619051	0.0	-5.5952380952380949	1	1
0.6765198707580566	3	-3.4847752130030236	0.048902959973132987	-0.19583333333333333	1.0351190476190477	-30	2	90	7.3478807948841188e-16	6.4047619047619051	-1	-9.0	5.4047619047619051	0.0	-5.5952380952380949	1	1
0.6930909156799316	3	-3.60243667383587	0.75627001679982708	0.055952380952380955	1.706547619047619	-30	2	90	7.3478807948841188e-16	6.4047619047619051	-1	-9.0	5.4047619047619051	0.0	-5.5952380952380949	1	1
0.7097029685974121	3	-3.681881947777128	1.4533970772111235	0.33571428571428569	2.3500000000000001	-30	2	90	7.3478807948841188e-16	6.4047619047619051	-1	-9.0	5.4047619047619051	0.0	-5.5952380952380949	1	1
0.7262430191040039	3	-3.7333510312421954	2.1020679543154337	0.61547619047619051	2.9375	-30	2	90	7.3478807948841188e-16	6.4047619047619051	-1	-9.0	5.4047619047619051	0.0	-5.5952380952380949	1	1
0.7428429126739502	3	-3.741851528940284	2.4525055339324311	0.78333333333333333	3.2452380952380953	-30	2	90	7.3478807948841188e-16	6.4047619047619051	-1	-9.0	5.4047619047619051	0.0	-5.5952380952380949	1	1
0.7595319747924805	3	-3.692660146968682	3.0946845134440402	1.1470238095238094	3.7767857142857144	-30	2	90	7.3478807948841188e-16	6.4047619047619051	-1	-9.0	5.4047619047619051	0.0	-5.5952380952380949	1	1
0.7761199474334717	3	-3.6489563625370858	3.4106540049921446	1.3428571428571427	4.0285714285714285	-30	2	90	7.3478807948841188e-16	6.4047619047619051	-1	-9.0	5.4047619047619051	0.0	-5.5952380952380949	1	1
0.7926678657531738	3	-3.5373207020204025	4.0565810833264528	1.7625	4.5321428571428575	-30	2	90	7.3478807948841188e-16	6.4047619047619051	-1	-9.0	5.4047619047619051	0.0	-5.5952380952380949	1	1
0.809257984161377	3	-3.3594926641359386	4.6438119819383736	2.2101190476190475	4.9517857142857142	-30	2	90	7.3478807948841188e-16	6.4047619047619051	-1	-9.0	5.4047619047619051	0.0	-5.5952380952380949	1	1
0.825793981552124	3	-3.163928432190683	5.1443705103517203	2.6297619047619047	5.2874999999999996	-30	2	90	7.3478807948841188e-16	6.4047619047619051	-1	-9.0	5.4047619047619051	0.0	-5.5952380952380949	1	1
0.8424398899078369	3	-3.0400441751532137	5.3774157305239498	2.8535714285714286	5.4273809523809522	-30	2	90	7.3478807948841188e-16	6.4047619047619051	-1	-9.0	5.4047619047619051	0.0	-5.5952380952380949	1	1
0.8592228889465332	3	-2.798767558670976	5.7428457054317352	3.2452380952380953	5.6232142857142859	-30	2	90	7.3478807948841188e-16	6.4047619047619051	-1	-9.0	5.4047619047619051	0.0	-5.5952380952380949	1	1
0.8759100437164307	3	-2.6571471075727136	5.8892185554053889	3.4410714285714286	5.6791666666666663	-30	2	90	7.3478807948841188e-16	6.4047619047619051	-1	-9.0	5.4047619047619051	0.0	-5.5952380952380949	1	1
0.8924949169158936	3	-2.4083742934450805	6.1297599732230132	3.7767857142857144	5.7630952380952385	-30	2	90	7.3478807948841188e-16	6.4047619047619051	-1	-9.0	5.4047619047619051	0.0	-5.5952380952380949	1	1
0.9091448783874512	3	-2.194069567386339	6.3180971089109494	4.0565476190476186	5.8190476190476188	-30	2	90	7.3478807948841188e-16	6.4047619047619051	-1	-9.0	5.4047619047619051	0.0	-5.5952380952380949	1	1
0.9256820678710938	3	-1.9760167425048993	6.4439899660538078	4.3083333333333336	5.8190476190476188	-30	2	90	7.3478807948841188e-16	6.4047619047619051	-1	-9.0	5.4047619047619051	0.0	-5.5952380952380949	1	1
0.9422259330749512	3	-1.8408881889993371	6.4897023505907896	4.4482142857142861	5.7910714285714286	-30	2	90	7.3478807948841188e-16	6.4047619047619051	-1	-9.0	5.4047619047619051	0.0	-5.5952380952380949	1	1
0.958798885345459	3	-1.5948591736417086	6.5671390244266608	4.7000000000000002	5.7351190476190474	-30	2	90	7.3478807948841188e-16	6.4047619047619051	-1	-9.0	5.4047619047619051	0.0	-5.5952380952380949	1	1
0.9754638671875	3	-1.483958711789641	6.5988633137255484	4.8119047619047617	5.7071428571428573	-30	2	90	7.3478807948841188e-16	6.4047619047619051	-1	-9.0	5.4047619047619051	0.0	-5.5952380952380949	1	1
0.9919209480285645	3	-1.223941601193916	6.6520718959079268	5.0636904761904766	5.6232142857142859	-30	2	90	7.3478807948841188e-16	6.4047619047619051	-1	-9.0	5.4047619047619051	0.0	-5.5952380952380949	1	1
1.0086610317230225	3	-0.9844044834289871	6.6288481043071279	5.2595238095238095	5.4833333333333334	-30	2	90	7.3478807948841188e-16	6.4047619047619051	-1	-9.0	5.4047619047619051	0.0	-5.5952380952380949	1	1
1.0252559185028076	3	-0.8595159263388235	6.636344301952521	5.371428571428571	5.4273809523809522	-30	2	90	7.3478807948841188e-16	6.4047619047619051	-1	-9.0	5.4047619047619051	0.0	-5.5952380952380949	1	1
1.0415740013122559	3	-0.6199788085738946	6.6131205103517203	5.5672619047619047	5.2874999999999996	-30	2	90	7.3478807948841188e-16	6.4047619047619051	-1	-9.0	5.4047619047619051	0.0	-5.5952380952380949	1	1
1.058129072189331	3	-0.42889787411595304	6.561920528274733	5.7071428571428573	5.147619047619048	-30	2	90	7.3478807948841188e-16	6.4047619047619051	-1	-9.0	5.4047619047619051	0.0	-5.5952380952380949	1	1
1.0748159885406494	3	-0.314249313441187	6.5312005390285375	5.7910714285714286	5.0636904761904766	-30	2	90	7.3478807948841188e-16	6.4047619047619051	-1	-9.0	5.4047619047619051	0.0	-5.5952380952380949	1	1
1.091346025466919	3	-0.1473964706367381	6.4660124617134525	5.9029761904761902	4.9238095238095241	-30	2	90	7.3478807948841188e-16	6.4047619047619051	-1	-9.0	5.4047619047619051	0.0	-5.5952380952380949	1	1
1.107969045639038	3	-0.05697600161546568	6.4213043772291627	5.9589285714285714	4.8398809523809527	-30	2	90	7.3478807948841188e-16	6.4047619047619051	-1	-9.0	5.4047619047619051	0.0	-5.5952380952380949	1	1
1.1245510578155518	3	0.07166065429739454	6.3663562963294762	6.0428571428571427	4.7279761904761903	-30	2	90	7.3478807948841188e-16	6.4047619047619051	-1	-9.0	5.4047619047619051	0.0	-5.5952380952380949	1	1
1.1411309242248535	3	0.20029731021025565	6.3114082154297897	6.1267857142857141	4.6160714285714288	-30	2	90	7.3478807948841188e-16	6.4047619047619051	-1	-9.0	5.4047619047619051	0.0	-5.5952380952380949	1	1
1.1577050685882568	3	0.2525015923399403	6.2769401273608967	6.1547619047619051	4.5601190476190476	-30	2	90	7.3478807948841188e-16	6.4047619047619051	-1	-9.0	5.4047619047619051	0.0	-5.5952380952380949	1	1
1.1743500232696533	3	0.34292206136121095	6.2322320428766087	6.2107142857142854	4.4761904761904763	-30	2	90	7.3478807948841188e-16	6.4047619047619051	-1	-9.0	5.4047619047619051	0.0	-5.5952380952380949	1	1
1.19120192527771	3	0.4193544351443892	6.2117520500458117	6.2666666666666666	4.4202380952380951	-30	2	90	7.3478807948841188e-16	6.4047619047619051	-1	-9.0	5.4047619047619051	0.0	-5.5952380952380949	1	1
1.2077739238739014	3	0.4575706220359761	6.2015120536304167	6.2946428571428568	4.3922619047619049	-30	2	90	7.3478807948841188e-16	6.4047619047619051	-1	-9.0	5.4047619047619051	0.0	-5.5952380952380949	1	1
1.224355936050415	3	0.49578680892756566	6.1912720572150164	6.3226190476190478	4.3642857142857139	-30	2	90	7.3478807948841188e-16	6.4047619047619051	-1	-9.0	5.4047619047619051	0.0	-5.5952380952380949	1	1
1.241020917892456	3	0.5340029958191534	6.1810320607996196	6.350595238095238	4.3363095238095237	-30	2	90	7.3478807948841188e-16	6.4047619047619051	-1	-9.0	5.4047619047619051	0.0	-5.5952380952380949	1	1
1.2573108673095703	3	0.5340029958191534	6.1810320607996196	6.350595238095238	4.3363095238095237	-30	2	90	7.3478807948841188e-16	6.4047619047619051	-1	-9.0	5.4047619047619051	0.0	-5.5952380952380949	1	1
1.2742328643798828	3	0.5340029958191534	6.1810320607996196	6.350595238095238	4.3363095238095237	-30	2	90	7.3478807948841188e-16	6.4047619047619051	-1	-9.0	5.4047619047619051	0.0	-5.5952380952380949	1	1
1.2907929420471191	3	0.5340029958191534	6.1810320607996196	6.350595238095238	4.3363095238095237	-30	2	90	7.3478807948841188e-16	6.4047619047619051	-1	-9.0	5.4047619047619051	0.0	-5.5952380952380949	1	1
1.307379961013794	3	0.5340029958191534	6.1810320607996196	6.350595238095238	4.3363095238095237	-30	2	90	7.3478807948841188e-16	6.4047619047619051	-1	-9.0	5.4047619047619051	0.0	-5.5952380952380949	1	1
1.3239409923553467	3	0.5340029958191534	6.1810320607996196	6.350595238095238	4.3363095238095237	-30	2	90	7.3478807948841188e-16	6.4047619047619051	-1	-9.0	5.4047619047619051	0.0	-5.5952380952380949	1	1
1.3405239582061768	3	0.5340029958191534	6.1810320607996196	6.350595238095238	4.3363095238095237	-30	2	90	7.3478807948841188e-16	6.4047619047619051	-1	-9.0	5.4047619047619051	0.0	-5.5952380952380949	1	1
1.3568060398101807	3	0.5340029958191534	6.1810320607996196	6.350595238095238	4.3363095238095237	-30	2	90	7.3478807948841188e-16	6.4047619047619051	-1	-9.0	5.4047619047619051	0.0	-5.5952380952380949	1	1
1.3733429908752441	3	0.5340029958191534	6.1810320607996196	6.350595238095238	4.3363095238095237	-30	2	90	7.3478807948841188e-16	6.4047619047619051	-1	-9.0	5.4047619047619051	0.0	-5.5952380952380949	1	1
1.3898050785064697	3	0.5340029958191534	6.1810320607996196	6.350595238095238	4.3363095238095237	-30	2	90	7.3478807948841188e-16	6.4047619047619051	-1	-9.0	5.4047619047619051	0.0	-5.5952380952380949	1	1
1.406416893005371	3	0.5340029958191534	6.1810320607996196	6.350595238095238	4.3363095238095237	-30	2	90	7.3478807948841188e-16	6.4047619047619051	-1	-9.0	5.4047619047619051	0.0	-5.5952380952380949	1	1
1.4230239391326904	3	0.5340029958191534	6.1810320607996196	6.350595238095238	4.3363095238095237	-30	2	90	7.3478807948841188e-16	6.4047619047619051	-1	-9.0	5.4047619047619051	0.0	-5.5952380952380949	1	1
1.4396069049835205	3	0.5340029958191534	6.1810320607996196	6.350595238095238	4.3363095238095237	-30	2	90	7.3478807948841188e-16	6.4047619047619051	-1	-9.0	5.4047619047619051	0.0	-5.5952380952380949	1	1
1.4562230110168457	3	0.5340029958191534	6.1810320607996196	6.350595238095238	4.3363095238095237	-30	2	90	7.3478807948841188e-16	6.4047619047619051	-1	-9.0	5.4047619047619051	0.0	-5.5952380952380949	1	1
1.4728820323944092	3	0.5340029958191534	6.1810320607996196	6.350595238095238	4.3363095238095237	-30	2	90	7.3478807948841188e-16	6.4047619047619051	-1	-9.0	5.4047619047619051	0.0	-5.5952380952380949	1	1
1.4894070625305176	3	0.5340029958191534	6.1810320607996196	6.350595238095238	4.3363095238095237	-30	2	90	7.3478807948841188e-16	6.4047619047619051	-1	-9.0	5.4047619047619051	0.0	-5.5952380952380949	1	1
1.5059988498687744	3	0.5340029958191534	6.1810320607996196	6.350595238095238	4.3363095238095237	-30	2	90	7.3478807948841188e-16	6.4047619047619051	-1	-9.0	5.4047619047619051	0.0	-5.5952380952380949	1	1
1.5229129791259766	3	0.5340029958191534	6.1810320607996196	6.350595238095238	4.3363095238095237	-30	2	90	7.3478807948841188e-16	6.4047619047619051	-1	-9.0	5.4047619047619051	0.0	-5.5952380952380949	1	1
1.5394539833068848	3	0.5340029958191534	6.1810320607996196	6.350595238095238	4.3363095238095237	-30	2	90	7.3478807948841188e-16	6.4047619047619051	-1	-9.0	5.4047619047619051	0.0	-5.5952380952380949	1	1
1.5560650825500488	3	0.5340029958191534	6.1810320607996196	6.350595238095238	4.3363095238095237	-30	2	90	7.3478807948841188e-16	6.4047619047619051	-1	-9.0	5.4047619047619051	0.0	-5.5952380952380949	1	1
1.5727300643920898	3	0.5340029958191534	6.1810320607996196	6.350595238095238	4.3363095238095237	-30	2	90	7.3478807948841188e-16	6.4047619047619051	-1	-9.0	5.4047619047619051	0.0	-5.5952380952380949	1	1
1.5893728733062744	3	0.5200149005810584	6.2052601524531124	6.350595238095238	4.3642857142857139	-30	2	90	7.3478807948841188e-16	6.4047619047619051	-1	-9.0	5.4047619047619051	0.0	-5.5952380952380949	1	1
1.6059629917144775	3	0.49578680892756566	6.1912720572150164	6.3226190476190478	4.3642857142857139	-30	2	90	7.3478807948841188e-16	6.4047619047619051	-1	-9.0	5.4047619047619051	0.0	-5.5952380952380949	1	1
1.6225578784942627	3	0.4575706220359761	6.2015120536304167	6.2946428571428568	4.3922619047619049	-30	2	90	7.3478807948841188e-16	6.4047619047619051	-1	-9.0	5.4047619047619051	0.0	-5.5952380952380949	1	1
1.6391940116882324	3	0.4193544351443892	6.2117520500458117	6.2666666666666666	4.4202380952380951	-30	2	90	7.3478807948841188e-16	6.4047619047619051	-1	-9.0	5.4047619047619051	0.0	-5.5952380952380949	1	1
1.655735969543457	3	0.4193544351443892	6.2117520500458117	6.2666666666666666	4.4202380952380951	-30	2	90	7.3478807948841188e-16	6.4047619047619051	-1	-9.0	5.4047619047619051	0.0	-5.5952380952380949	1	1
1.6724228858947754	3	0.4193544351443892	6.2117520500458117	6.2666666666666666	4.4202380952380951	-30	2	90	7.3478807948841188e-16	6.4047619047619051	-1	-9.0	5.4047619047619051	0.0	-5.5952380952380949	1	1
1.6886210441589355	3	0.4193544351443892	6.2117520500458117	6.2666666666666666	4.4202380952380951	-30	2	90	7.3478807948841188e-16	6.4047619047619051	-1	-9.0	5.4047619047619051	0.0	-5.5952380952380949	1	1
1.7053070068359375	3	0.4193544351443892	6.2117520500458117	6.2666666666666666	4.4202380952380951	-30	2	90	7.3478807948841188e-16	6.4047619047619051	-1	-9.0	5.4047619047619051	0.0	-5.5952380952380949	1	1
1.7218780517578125	3	0.4193544351443892	6.2117520500458117	6.2666666666666666	4.4202380952380951	-30	2	90	7.3478807948841188e-16	6.4047619047619051	-1	-9.0	5.4047619047619051	0.0	-5.5952380952380949	1	1
1.7384998798370361	3	0.4193544351443892	6.2117520500458117	6.2666666666666666	4.4202380952380951	-30	2	90	7.3478807948841188e-16	6.4047619047619051	-1	-9.0	5.4047619047619051	0.0	-5.5952380952380949	1	1
1.7551229000091553	3	0.41935443514438919	6.2117520500458117	6.2666666666666666	4.4202380952380951	-30	2	90	7.3478807948841188e-16	6.4047619047619051	-1	-9.0	5.4047619047619051	0.0	-5.5952380952380949	1	1
1.7717220783233643	3	0.41935443514438919	6.2117520500458117	6.2666666666666666	4.4482142857142861	-30	2	90	7.3478807948841188e-16	6.4047619047619051	-1	-9.0	5.4047619047619051	0.0	-5.5952380952380949	1	1
1.7882978916168213	3	0.39137824466819904	6.2117520500458117	6.2386904761904765	4.4761904761904763	-30	3	90	7.3478807948841188e-16	6.4047619047619051	-1	-9.0	5.4047619047619051	0.0	-5.5952380952380949	1	1
1.8048889636993408	3	0.36340205419200799	6.2117520500458117	6.2107142857142854	4.5041666666666664	-30	4	90	7.3478807948841188e-16	6.4047619047619051	-1	-9.0	5.4047619047619051	0.0	-5.5952380952380949	1	1
1.8214459419250488	3	0.36340205419200799	6.2117520500458117	6.2107142857142854	4.5321428571428575	-30	4	90	7.3478807948841188e-16	6.4047619047619051	-1	-9.0	5.4047619047619051	0.0	-5.5952380952380949	1	1
1.8383939266204834	3	0.33542586371581784	6.2117520500458117	6.1827380952380953	4.5601190476190476	-30	4	90	7.3478807948841188e-16	6.4047619047619051	-1	-9.0	5.4047619047619051	0.0	-5.5952380952380949	1	1
1.8549878597259521	3	0.30744967323962769	6.2117520500458117	6.1547619047619051	4.5880952380952378	-30	4	90	7.3478807948841188e-16	6.4047619047619051	-1	-9.0	5.4047619047619051	0.0	-5.5952380952380949	1	1
1.8715500831604004	3	0.27947348276343664	6.2117520500458117	6.1267857142857141	4.6160714285714288	-30	4	90	7.3478807948841188e-16	6.4047619047619051	-1	-9.0	5.4047619047619051	0.0	-5.5952380952380949	1	1
1.8881499767303467	3	0.27947348276343664	6.2117520500458117	6.1267857142857141	4.6160714285714288	-30	4	90	7.3478807948841188e-16	6.4047619047619051	-1	-9.0	5.4047619047619051	0.0	-5.5952380952380949	1	1
1.904728889465332	3	0.25149729228724649	6.2117520500458117	6.0988095238095239	4.644047619047619	-30	4	90	7.3478807948841188e-16	6.4047619047619051	-1	-9.0	5.4047619047619051	0.0	-5.5952380952380949	1	1
1.9213249683380127	3	0.25149729228724649	6.2117520500458117	6.0988095238095239	4.6720238095238091	-30	4	90	7.3478807948841188e-16	6.4047619047619051	-1	-9.0	5.4047619047619051	0.0	-5.5952380952380949	1	1
1.937882900238037	3	0.22352110181105633	6.2117520500458117	6.0708333333333337	4.7000000000000002	-30	4	90	7.3478807948841188e-16	6.4047619047619051	-1	-9.0	5.4047619047619051	0.0	-5.5952380952380949	1	1
1.9545269012451172	3	0.22352110181105633	6.2117520500458117	6.0708333333333337	4.7000000000000002	-30	4	90	7.3478807948841188e-16	6.4047619047619051	-1	-9.0	5.4047619047619051	0.0	-5.5952380952380949	1	1
1.9711029529571533	3	0.19554491133486529	6.2117520500458117	6.0428571428571427	4.7279761904761903	-30	4	90	7.3478807948841188e-16	6.4047619047619051	-1	-9.0	5.4047619047619051	0.0	-5.5952380952380949	1	1
1.987720012664795	3	0.19554491133486529	6.2117520500458117	6.0428571428571427	4.7279761904761903	-30	4	90	7.3478807948841188e-16	6.4047619047619051	-1	-9.0	5.4047619047619051	0.0	-5.5952380952380949	1	1
2.0040318965911865	3	0.19554491133486529	6.2117520500458117	6.0428571428571427	4.7559523809523814	-30	4	90	7.3478807948841188e-16	6.4047619047619051	-1	-9.0	5.4047619047619051	0.0	-5.5952380952380949	1	1
2.0206079483032227	3	0.19554491133486529	6.2117520500458117	6.0428571428571427	4.7839285714285715	-30	4	90	7.3478807948841188e-16	6.4047619047619051	-1	-9.0	5.4047619047619051	0.0	-5.5952380952380949	1	1
2.0372369289398193	3	0.16756872085867514	6.2117520500458117	6.0148809523809526	4.7839285714285715	-30	4	90	7.3478807948841188e-16	6.4047619047619051	-1	-9.0	5.4047619047619051	0.0	-5.5952380952380949	1	1
2.05377197265625	3	0.16756872085867514	6.2117520500458117	6.0148809523809526	4.8119047619047617	-30	4	90	7.3478807948841188e-16	6.4047619047619051	-1	-9.0	5.4047619047619051	0.0	-5.5952380952380949	1	1
2.070388078689575	3	0.16756872085867514	6.2117520500458117	6.0148809523809526	4.8398809523809527	-30	4	90	7.3478807948841188e-16	6.4047619047619051	-1	-9.0	5.4047619047619051	0.0	-5.5952380952380949	1	1
2.087027072906494	3	0.16756872085867514	6.2117520500458117	6.0148809523809526	4.8398809523809527	-30	4	90	7.3478807948841188e-16	6.4047619047619051	-1	-9.0	5.4047619047619051	0.0	-5.5952380952380949	1	1
2.1036269664764404	3	0.13959253038248409	6.2117520500458117	5.9869047619047615	4.8678571428571429	-30	4	90	7.3478807948841188e-16	6.4047619047619051	-1	-9.0	5.4047619047619051	0.0	-5.5952380952380949	1	1
2.1201510429382324	3	0.13959253038248409	6.2117520500458117	5.9869047619047615	4.9238095238095241	-30	4	90	7.3478807948841188e-16	6.4047619047619051	-1	-9.0	5.4047619047619051	0.0	-5.5952380952380949	1	1
2.136772871017456	3	0.11161633990629394	6.2117520500458117	5.9589285714285714	4.9517857142857142	-30	4	90	7.3478807948841188e-16	6.4047619047619051	-1	-9.0	5.4047619047619051	0.0	-5.5952380952380949	1	1
2.1533570289611816	3	0.083640149430103783	6.2117520500458117	5.9309523809523812	5.0077380952380954	-30	4	90	7.3478807948841188e-16	6.4047619047619051	-1	-9.0	5.4047619047619051	0.0	-5.5952380952380949	1	1
2.1702239513397217	3	0.05566395895391274	6.2117520500458117	5.9029761904761902	5.0916666666666668	-30	4	90	7.3478807948841188e-16	6.4047619047619051	-1	-9.0	5.4047619047619051	0.0	-5.5952380952380949	1	1
2.186892032623291	3	0.027687768477722585	6.2117520500458117	5.875	5.147619047619048	-30	4	90	7.3478807948841188e-16	6.4047619047619051	-1	-9.0	5.4047619047619051	0.0	-5.5952380952380949	1	1
2.20346999168396	3	-0.00028842199846756955	6.2117520500458117	5.8470238095238098	5.2595238095238095	-30	4	90	7.3478807948841188e-16	6.4047619047619051	-1	-9.0	5.4047619047619051	0.0	-5.5952380952380949	1	1
2.2199790477752686	3	-0.084216993427038922	6.2117520500458117	5.7630952380952385	5.4273809523809522	-30	4	90	7.3478807948841188e-16	6.4047619047619051	-1	-9.0	5.4047619047619051	0.0	-5.5952380952380949	1	1
2.2366490364074707	3	-0.11219318390322996	6.2117520500458117	5.7351190476190474	5.4833333333333334	-30	4	90	7.3478807948841188e-16	6.4047619047619051	-1	-9.0	5.4047619047619051	0.0	-5.5952380952380949	1	1
2.2531888484954834	3	-0.16814556485561116	6.2117520500458117	5.6791666666666663	5.6511904761904761	-30	4	90	7.3478807948841188e-16	6.4047619047619051	-1	-9.0	5.4047619047619051	0.0	-5.5952380952380949	1	1
2.269788980484009	3	-0.22409794580799147	6.2117520500458117	5.6232142857142859	5.8470238095238098	-30	4	90	7.3478807948841188e-16	6.4047619047619051	-1	-9.0	5.4047619047619051	0.0	-5.5952380952380949	1	1
2.286473035812378	3	-0.25207413628418252	6.2117520500458117	5.5952380952380949	5.9589285714285714	-30	4	90	7.3478807948841188e-16	6.4047619047619051	-1	-9.0	5.4047619047619051	0.0	-5.5952380952380949	1	1
2.303040027618408	3	-0.30802651723656282	6.2117520500458117	5.5392857142857146	6.2107142857142854	-30	4	90	7.3478807948841188e-16	6.4047619047619051	-1	-9.0	5.4047619047619051	0.0	-5.5952380952380949	1	1
2.319550037384033	3	-0.33600270771275387	6.2117520500458117	5.5113095238095235	6.378571428571429	-30	4	90	7.3478807948841188e-16	6.4047619047619051	-1	-9.0	5.4047619047619051	0.0	-5.5952380952380949	1	1
2.335891008377075	3	-0.36397889818894402	6.2117520500458117	5.4833333333333334	6.6863095238095234	-30	4	90	7.3478807948841188e-16	6.4047619047619051	-1	-9.0	5.4047619047619051	0.0	-5.5952380952380949	1	1
2.3524699211120605	3	-0.41993127914132522	6.2117520500458117	5.4273809523809522	6.9940476190476186	-30	4	90	7.3478807948841188e-16	6.4047619047619051	-1	-9.0	5.4047619047619051	0.0	-5.5952380952380949	1	1
2.3690998554229736	3	-0.47588366009370642	6.2117520500458117	5.371428571428571	7.1339285714285712	-30	4	90	7.3478807948841188e-16	6.4047619047619051	-1	-9.0	5.4047619047619051	0.0	-5.5952380952380949	1	1
2.385715961456299	3	-0.64374080295084912	6.2117520500458117	5.2035714285714283	7.4416666666666664	-30	4	90	7.3478807948841188e-16	6.4047619047619051	-1	-9.0	5.4047619047619051	0.0	-5.5952380952380949	1	1
2.4022810459136963	3	-0.86755032676037303	6.2117520500458117	4.9797619047619044	7.6934523809523814	-30	4	90	7.3478807948841188e-16	6.4047619047619051	-1	-9.0	5.4047619047619051	0.0	-5.5952380952380949	1	1
2.4188618659973145	3	-1.0074312791413247	6.2117520500458117	4.8398809523809527	7.8053571428571429	-30	4	90	7.3478807948841188e-16	6.4047619047619051	-1	-9.0	5.4047619047619051	0.0	-5.5952380952380949	1	1
2.435513973236084	3	-1.3151693743794199	6.2117520500458117	4.5321428571428575	8.0571428571428569	-30	4	90	7.3478807948841188e-16	6.4047619047619051	-1	-9.0	5.4047619047619051	0.0	-5.5952380952380949	1	1
2.4520230293273926	3	-1.7068360410460865	6.2117520500458117	4.1404761904761909	8.2529761904761898	-30	4	90	7.3478807948841188e-16	6.4047619047619051	-1	-9.0	5.4047619047619051	0.0	-5.5952380952380949	1	1
2.4686338901519775	3	-1.9306455648556109	6.2117520500458117	3.9166666666666665	8.3648809523809522	-30	4	90	7.3478807948841188e-16	6.4047619047619051	-1	-9.0	5.4047619047619051	0.0	-5.5952380952380949	1	1
2.485527992248535	3	-2.4342169934270395	6.2117520500458117	3.413095238095238	8.5327380952380949	-30	4	90	7.3478807948841188e-16	6.4047619047619051	-1	-9.0	5.4047619047619051	0.0	-5.5952380952380949	1	1
2.502166986465454	3	-3.04969318390323	6.2117520500458117	2.7976190476190474	8.6446428571428573	-30	4	90	7.3478807948841188e-16	6.4047619047619051	-1	-9.0	5.4047619047619051	0.0	-5.5952380952380949	1	1
2.5187299251556396	3	-3.3854074696175154	6.2117520500458117	2.461904761904762	8.7005952380952376	-30	4	90	7.3478807948841188e-16	6.4047619047619051	-1	-9.0	5.4047619047619051	0.0	-5.5952380952380949	1	1
2.535330057144165	3	-4.1127884219984683	6.2117520500458117	1.7345238095238096	8.7565476190476197	-30	4	90	7.3478807948841188e-16	6.4047619047619051	-1	-9.0	5.4047619047619051	0.0	-5.5952380952380949	1	1
2.551877021789551	3	-4.9240979458079916	6.2117520500458117	0.92321428571428577	8.7845238095238098	-30	4	90	7.3478807948841188e-16	6.4047619047619051	-1	-9.0	5.4047619047619051	0.0	-5.5952380952380949	1	1
2.5684988498687744	3	-5.3717169934270395	6.2117520500458117	0.47559523809523807	8.8125	-30	4	90	7.3478807948841188e-16	6.4047619047619051	-1	-9.0	5.4047619047619051	0.0	-5.5952380952380949	1	1
2.5851080417633057	3	-6.2669550886651351	6.2117520500458117	-0.41964285714285715	8.8125	-30	4	90	7.3478807948841188e-16	6.4047619047619051	-1	-9.0	5.4047619047619051	0.0	-5.5952380952380949	1	1
2.6016979217529297	3	-6.742550326760373	6.2117520500458117	-0.89523809523809528	8.8125	-30	4	90	7.3478807948841188e-16	6.4047619047619051	-1	-9.0	5.4047619047619051	0.0	-5.5952380952380949	1	1
2.6182990074157715	3	-7.72171699342704	6.2117520500458117	-1.8744047619047619	8.8125	-30	4	90	7.3478807948841188e-16	6.4047619047619051	-1	-9.0	5.4047619047619051	0.0	-5.5952380952380949	1	1
2.6349539756774902	3	-9.699362487928848	5.4414552967871064	-2.8815476190476192	8.8125	-30	4	90	7.3478807948841188e-16	6.4047619047619051	-1	-9.0	5.4047619047619051	0.0	-5.5952380952380949	1	1
2.6511828899383545	3	-10.595801879108098	4.9238957729775841	-3.9166666666666665	8.8125	-30	4	90	7.3478807948841188e-16	6.4047619047619051	-1	-9.0	5.4047619047619051	0.0	-5.5952380952380949	1	1
2.667775869369507	3	-11.05613562052447	4.6581219634537732	-4.4482142857142861	8.8125	-30	4	90	7.3478807948841188e-16	6.4047619047619051	-1	-9.0	5.4047619047619051	0.0	-5.5952380952380949	1	1
2.6843910217285156	3	-12.001031195010706	4.1125862491680589	-5.5392857142857146	8.8125	-30	4	90	7.3478807948841188e-16	6.4047619047619051	-1	-9.0	5.4047619047619051	0.0	-5.5952380952380949	1	1
2.7010018825531006	3	-12.970154861150434	3.5530624396442505	-6.6583333333333332	8.8125	-30	5	90	7.3478807948841188e-16	6.4047619047619051	-1	-9.0	5.4047619047619051	0.0	-5.5952380952380949	1	1
2.71754789352417	3	-13.454716694220298	3.2733005348823454	-7.2178571428571425	8.8125	-30	5	90	7.3478807948841188e-16	6.4047619047619051	-1	-9.0	5.4047619047619051	0.0	-5.5952380952380949	1	1
2.7341718673706055	3	-14.472296543667014	2.6858005348823468	-8.3928571428571423	8.8125	-30	5	90	7.3478807948841188e-16	6.4047619047619051	-1	-9.0	5.4047619047619051	0.0	-5.5952380952380949	1	1
2.7507450580596924	3	-15.451660206222142	2.0880605384669479	-9.5398809523809529	8.7845238095238098	-30	5	90	7.3478807948841188e-16	6.4047619047619051	-1	-9.0	5.4047619047619051	0.0	-5.5952380952380949	1	1
2.76739501953125	3	-15.946462035707405	1.7700824468134551	-10.127380952380953	8.7565476190476197	-30	5	90	7.3478807948841188e-16	6.4047619047619051	-1	-9.0	5.4047619047619051	0.0	-5.5952380952380949	1	1
2.783957004547119	3	-16.86338141971745	1.1760905492207536	-11.218452380952382	8.7005952380952376	-30	5	90	7.3478807948841188e-16	6.4047619047619051	-1	-9.0	5.4047619047619051	0.0	-5.5952380952380949	1	1
2.800565004348755	3	-17.33395515754922	0.87210055280535492	-11.77797619047619	8.6726190476190474	-30	5	90	7.3478807948841188e-16	6.4047619047619051	-1	-9.0	5.4047619047619051	0.0	-5.5952380952380949	1	1
2.817394971847534	3	-18.174442167776085	0.25762866238185822	-12.813095238095238	8.5607142857142851	-30	5	90	7.3478807948841188e-16	6.4047619047619051	-1	-9.0	5.4047619047619051	0.0	-5.5952380952380949	1	1
2.833983898162842	3	-18.952484899457872	-0.35309512921894193	-13.792261904761904	8.4208333333333325	-30	5	90	7.3478807948841188e-16	6.4047619047619051	-1	-9.0	5.4047619047619051	0.0	-5.5952380952380949	1	1
2.850584030151367	3	-19.619627169287593	-0.9320946315208527	-14.65952380952381	8.2529761904761898	-30	5	90	7.3478807948841188e-16	6.4047619047619051	-1	-9.0	5.4047619047619051	0.0	-5.5952380952380949	1	1
2.867238998413086	3	-19.930844261960306	-1.176384148161171	-15.051190476190476	8.1970238095238095	-30	5	90	7.3478807948841188e-16	6.4047619047619051	-1	-9.0	5.4047619047619051	0.0	-5.5952380952380949	1	1
2.8837828636169434	3	-20.379933706908588	-1.6294907933202261	-15.666666666666666	8.0291666666666668	-30	5	90	7.3478807948841188e-16	6.4047619047619051	-1	-9.0	5.4047619047619051	0.0	-5.5952380952380949	1	1
2.90038800239563	3	-20.55602224607574	-1.8280679254235634	-15.918452380952381	7.9452380952380954	-30	5	90	7.3478807948841188e-16	6.4047619047619051	-1	-9.0	5.4047619047619051	0.0	-5.5952380952380949	1	1
2.916934013366699	3	-20.81128695779607	-2.1692698086778552	-16.310119047619047	7.7773809523809527	-30	5	90	7.3478807948841188e-16	6.4047619047619051	-1	-9.0	5.4047619047619051	0.0	-5.5952380952380949	1	1
2.9335439205169678	3	-20.907195024357353	-2.4507712121570702	-16.533928571428572	7.581547619047619	-30	5	90	7.3478807948841188e-16	6.4047619047619051	-1	-9.0	5.4047619047619051	0.0	-5.5952380952380949	1	1
2.9501678943634033	3	-20.86422643859037	-2.7490045096443829	-16.645833333333332	7.3017857142857139	-30	5	90	7.3478807948841188e-16	6.4047619047619051	-1	-9.0	5.4047619047619051	0.0	-5.5952380952380949	1	1
2.9668500423431396	3	-20.770057870746403	-2.8561568726737541	-16.617857142857144	7.1619047619047622	-30	5	90	7.3478807948841188e-16	6.4047619047619051	-1	-9.0	5.4047619047619051	0.0	-5.5952380952380949	1	1
2.983336925506592	3	-20.42885598749211	-3.1114215843940869	-16.449999999999999	6.7702380952380956	-30	5	90	7.3478807948841188e-16	6.4047619047619051	-1	-9.0	5.4047619047619051	0.0	-5.5952380952380949	1	1
2.999983072280884	3	-20.17158267566639	-3.2213177461934634	-16.282142857142858	6.5464285714285717	-30	5	90	7.3478807948841188e-16	6.4047619047619051	-1	-9.0	5.4047619047619051	0.0	-5.5952380952380949	1	1
3.0164458751678467	3	-19.546135590162876	-3.4093857804933245	-15.834523809523809	6.0708333333333337	-30	5	90	7.3478807948841188e-16	6.4047619047619051	-1	-9.0	5.4047619047619051	0.0	-5.5952380952380949	1	1
3.0331480503082275	3	-18.73335566902412	-3.5862095183250942	-15.219047619047618	5.5113095238095235	-30	5	90	7.3478807948841188e-16	6.4047619047619051	-1	-9.0	5.4047619047619051	0.0	-5.5952380952380949	1	1
3.0496859550476074	3	-17.771459099141712	-3.7415489632733738	-14.463690476190477	4.895833333333333	-30	5	90	7.3478807948841188e-16	6.4047619047619051	-1	-9.0	5.4047619047619051	0.0	-5.5952380952380949	1	1
3.066338062286377	3	-17.240180581482168	-3.8224646345438646	-14.044047619047619	4.5601190476190476	-30	5	90	7.3478807948841188e-16	6.4047619047619051	-1	-9.0	5.4047619047619051	0.0	-5.5952380952380949	1	1
3.0828769207000732	3	-16.090951175964513	-3.9665597830240502	-13.120833333333334	3.8607142857142858	-30	5	90	7.3478807948841188e-16	6.4047619047619051	-1	-9.0	5.4047619047619051	0.0	-5.5952380952380949	1	1
3.0995779037475586	3	-15.4590121928683	-4.053967351887243	-12.617261904761905	3.4690476190476192	-30	5	90	7.3478807948841188e-16	6.4047619047619051	-1	-9.0	5.4047619047619051	0.0	-5.5952380952380949	1	1
3.1159110069274902	3	-14.170906135022385	-4.2147943943755291	-11.582142857142857	2.6857142857142855	-30	5	90	7.3478807948841188e-16	6.4047619047619051	-1	-9.0	5.4047619047619051	0.0	-5.5952380952380949	1	1
3.1326699256896973	3	-12.834343893869484	-4.347645246387625	-10.491071428571429	1.9023809523809523	-30	5	90	7.3478807948841188e-16	6.4047619047619051	-1	-9.0	5.4047619047619051	0.0	-5.5952380952380949	1	1
3.1492788791656494	3	-11.49778165271658	-4.4804960983997209	-9.4000000000000004	1.1190476190476191	-30	5	90	7.3478807948841188e-16	6.4047619047619051	-1	-9.0	5.4047619047619051	0.0	-5.5952380952380949	1	1
3.1658849716186523	3	-10.817386486313382	-4.5399274767867208	-8.8404761904761902	0.72738095238095235	-30	5	90	7.3478807948841188e-16	6.4047619047619051	-1	-9.0	5.4047619047619051	0.0	-5.5952380952380949	1	1
3.18247389793396	3	-9.48082424516048	-4.6727783287988167	-7.7494047619047617	-0.055952380952380955	-30	5	90	7.3478807948841188e-16	6.4047619047619051	-1	-9.0	5.4047619047619051	0.0	-5.5952380952380949	1	1
3.1992099285125732	3	-8.824657170410775	-4.7461978024239126	-7.2178571428571425	-0.44761904761904764	-30	5	90	7.3478807948841188e-16	6.4047619047619051	-1	-9.0	5.4047619047619051	0.0	-5.5952380952380949	1	1
3.21566104888916	3	-7.560779204218353	-4.9210129401502947	-6.2107142857142854	-1.230952380952381	-30	5	90	7.3478807948841188e-16	6.4047619047619051	-1	-9.0	5.4047619047619051	0.0	-5.5952380952380949	1	1
3.2322840690612793	3	-6.3975617034626	-5.0893361802839756	-5.2874999999999996	-1.9583333333333333	-30	5	90	7.3478807948841188e-16	6.4047619047619051	-1	-9.0	5.4047619047619051	0.0	-5.5952380952380949	1	1
3.2488038539886475	3	-5.852295090564964	-5.1944799432079591	-4.8678571428571429	-2.3220238095238095	-30	5	90	7.3478807948841188e-16	6.4047619047619051	-1	-9.0	5.4047619047619051	0.0	-5.5952380952380949	1	1
3.2654058933258057	3	-4.8037261504839766	-5.3320831940954463	-4.0285714285714285	-2.9654761904761906	-30	5	90	7.3478807948841188e-16	6.4047619047619051	-1	-9.0	5.4047619047619051	0.0	-5.5952380952380949	1	1
3.2819809913635254	3	-3.869805771077755	-5.4389664557367396	-3.2732142857142859	-3.5249999999999999	-30	5	90	7.3478807948841188e-16	6.4047619047619051	-1	-9.0	5.4047619047619051	0.0	-5.5952380952380949	1	1
3.298656940460205	3	-3.467163909331074	-5.4649340461075422	-2.9375	-3.7488095238095238	-30	5	90	7.3478807948841188e-16	6.4047619047619051	-1	-9.0	5.4047619047619051	0.0	-5.5952380952380949	1	1
3.3152639865875244	3	-2.7103363691446996	-5.5448454173253383	-2.3220238095238095	-4.1964285714285712	-30	5	90	7.3478807948841188e-16	6.4047619047619051	-1	-9.0	5.4047619047619051	0.0	-5.5952380952380949	1	1
3.331753969192505	3	-2.054169294394995	-5.6182648909504342	-1.7904761904761906	-4.5880952380952378	-30	5	90	7.3478807948841188e-16	6.4047619047619051	-1	-9.0	5.4047619047619051	0.0	-5.5952380952380949	1	1
3.3484079837799072	3	-1.7764159897384775	-5.6517286789666317	-1.5666666666666667	-4.7559523809523814	-30	5	90	7.3478807948841188e-16	6.4047619047619051	-1	-9.0	5.4047619047619051	0.0	-5.5952380952380949	1	1
3.36503005027771	3	-1.29734175420862	-5.6981762621682304	-1.175	-5.0357142857142856	-30	5	90	7.3478807948841188e-16	6.4047619047619051	-1	-9.0	5.4047619047619051	0.0	-5.5952380952380949	1	1
3.3816030025482178	3	-0.9189279841154327	-5.7381319477771289	-0.86726190476190479	-5.2595238095238095	-30	5	90	7.3478807948841188e-16	6.4047619047619051	-1	-9.0	5.4047619047619051	0.0	-5.5952380952380949	1	1
3.3982179164886475	3	-0.7800513317871741	-5.7548638417852276	-0.75535714285714284	-5.3434523809523808	-30	5	90	7.3478807948841188e-16	6.4047619047619051	-1	-9.0	5.4047619047619051	0.0	-5.5952380952380949	1	1
3.414836883544922	3	-0.5507542104376434	-5.8163038202776152	-0.58750000000000002	-5.5113095238095235	-30	5	90	7.3478807948841188e-16	6.4047619047619051	-1	-9.0	5.4047619047619051	0.0	-5.5952380952380949	1	1
3.4314188957214355	3	-0.47432183665446637	-5.8367838131084113	-0.53154761904761905	-5.5672619047619047	-30	5	90	7.3478807948841188e-16	6.4047619047619051	-1	-9.0	5.4047619047619051	0.0	-5.5952380952380949	1	1
