time	trial	cursorx	cursory	hand_x	hand_Y	rotation	step	targetangle	targetposx	targetposy	garagelocation	garageposx	garageposy	homex	homey	group	trial_type
9.5367431640625e-07	4	0.022219491548105763	-5.1301519549463324	0.25178571428571428	-5.2035714285714283	-30	5	105	-3.1058285412302502	5.9958718202307253	-1	-12.105828541230251	4.9958718202307253	0.0	-5.5952380952380949	1	1
0.029454946517944336	4	-0.16685284280444873	-5.5300500179230108	-0.11190476190476191	-5.4553571428571432	-30	1	105	-3.1058285412302502	5.9958718202307253	-1	-12.105828541230251	4.9958718202307253	0.0	-5.5952380952380949	1	1
0.04609394073486328	4	-0.24228091653493225	-5.7351190476190474	-0.27976190476190477	-5.5952380952380949	-30	1	105	-3.1058285412302502	5.9958718202307253	-1	-12.105828541230251	4.9958718202307253	0.0	-5.5952380952380949	1	1
0.06264781951904297	4	-0.24877281412763302	-5.8357795130557175	-0.33571428571428569	-5.6791666666666663	-30	1	105	-3.1058285412302502	5.9958718202307253	-1	-12.105828541230251	4.9958718202307253	0.0	-5.5952380952380949	1	1
0.07925987243652344	4	-0.24502471530493564	-5.8982237916007989	-0.36369047619047618	-5.7351190476190474	-30	1	105	-3.1058285412302502	5.9958718202307253	-1	-12.105828541230251	4.9958718202307253	0.0	-5.5952380952380949	1	1
0.09581899642944336	4	-0.22079662365144243	-5.8842356963627038	-0.33571428571428569	-5.7351190476190474	-30	1	105	-3.1058285412302502	5.9958718202307253	-1	-12.105828541230251	4.9958718202307253	0.0	-5.5952380952380949	1	1
0.11275291442871094	4	-0.1481123486909628	-5.8422714106484186	-0.25178571428571428	-5.7351190476190474	-30	1	105	-3.1058285412302502	5.9958718202307253	-1	-12.105828541230251	4.9958718202307253	0.0	-5.5952380952380949	1	1
0.1293327808380127	4	-0.12388425703746957	-5.8282833154103226	-0.22380952380952382	-5.7351190476190474	-30	1	105	-3.1058285412302502	5.9958718202307253	-1	-12.105828541230251	4.9958718202307253	0.0	-5.5952380952380949	1	1
0.14584994316101074	4	-0.051199982076989864	-5.7863190296960374	-0.13988095238095238	-5.7351190476190474	-30	1	105	-3.1058285412302502	5.9958718202307253	-1	-12.105828541230251	4.9958718202307253	0.0	-5.5952380952380949	1	1
0.1624748706817627	4	-0.026971890423496653	-5.7723309344579423	-0.11190476190476191	-5.7351190476190474	-30	1	105	-3.1058285412302502	5.9958718202307253	-1	-12.105828541230251	4.9958718202307253	0.0	-5.5952380952380949	1	1
0.1791088581085205	4	-0.002743798770003414	-5.7583428392198472	-0.083928571428571422	-5.7351190476190474	-30	1	105	-3.1058285412302502	5.9958718202307253	-1	-12.105828541230251	4.9958718202307253	0.0	-5.5952380952380949	1	1
0.1956489086151123	4	-0.002743798770003414	-5.7583428392198472	-0.083928571428571422	-5.7351190476190474	-30	1	105	-3.1058285412302502	5.9958718202307253	-1	-12.105828541230251	4.9958718202307253	0.0	-5.5952380952380949	1	1
0.2122209072113037	4	-0.002743798770003414	-5.7583428392198472	-0.083928571428571422	-5.7351190476190474	-30	1	105	-3.1058285412302502	5.9958718202307253	-1	-12.105828541230251	4.9958718202307253	0.0	-5.5952380952380949	1	1
0.22886300086975098	4	-0.002743798770003414	-5.7583428392198472	-0.083928571428571422	-5.7351190476190474	-30	1	105	-3.1058285412302502	5.9958718202307253	-1	-12.105828541230251	4.9958718202307253	0.0	-5.5952380952380949	1	1
0.24550390243530273	4	-0.002743798770003414	-5.7583428392198472	-0.083928571428571422	-5.7351190476190474	-30	1	105	-3.1058285412302502	5.9958718202307253	-1	-12.105828541230251	4.9958718202307253	0.0	-5.5952380952380949	1	1
0.26189684867858887	4	-0.016731894008098484	-5.7341147475663536	-0.083928571428571422	-5.7071428571428573	-30	1	105	-3.1058285412302502	5.9958718202307253	-1	-12.105828541230251	4.9958718202307253	0.0	-5.5952380952380949	1	1
0.2787048816680908	4	-0.016731894008098484	-5.7341147475663536	-0.083928571428571422	-5.7071428571428573	-30	1	105	-3.1058285412302502	5.9958718202307253	-1	-12.105828541230251	4.9958718202307253	0.0	-5.5952380952380949	1	1
0.2952308654785156	4	-0.016731894008098484	-5.7341147475663536	-0.083928571428571422	-5.7071428571428573	-30	1	105	-3.1058285412302502	5.9958718202307253	-1	-12.105828541230251	4.9958718202307253	0.0	-5.5952380952380949	1	1
0.3118557929992676	4	-0.016731894008098484	-5.7341147475663536	-0.083928571428571422	-5.7071428571428573	-30	1	105	-3.1058285412302502	5.9958718202307253	-1	-12.105828541230251	4.9958718202307253	0.0	-5.5952380952380949	1	1
0.3284449577331543	4	-0.016731894008098484	-5.7341147475663536	-0.083928571428571422	-5.7071428571428573	-30	1	105	-3.1058285412302502	5.9958718202307253	-1	-12.105828541230251	4.9958718202307253	0.0	-5.5952380952380949	1	1
0.3450288772583008	4	-0.016731894008098484	-5.7341147475663536	-0.083928571428571422	-5.7071428571428573	-30	1	105	-3.1058285412302502	5.9958718202307253	-1	-12.105828541230251	4.9958718202307253	0.0	-5.5952380952380949	1	1
0.3616368770599365	4	-0.016731894008098484	-5.7341147475663536	-0.083928571428571422	-5.7071428571428573	-30	1	105	-3.1058285412302502	5.9958718202307253	-1	-12.105828541230251	4.9958718202307253	0.0	-5.5952380952380949	1	1
0.3782467842102051	4	-0.030719989246194006	-5.70988665591286	-0.083928571428571422	-5.6791666666666663	-30	1	105	-3.1058285412302502	5.9958718202307253	-1	-12.105828541230251	4.9958718202307253	0.0	-5.5952380952380949	1	1
0.3948178291320801	4	-0.058696179722384154	-5.6614304726058746	-0.083928571428571422	-5.6232142857142859	-30	1	105	-3.1058285412302502	5.9958718202307253	-1	-12.105828541230251	4.9958718202307253	0.0	-5.5952380952380949	1	1
0.41138696670532227	4	-0.19108093445794194	-5.5440381131611058	-0.13988095238095238	-5.4553571428571432	-30	1	105	-3.1058285412302502	5.9958718202307253	-1	-12.105828541230251	4.9958718202307253	0.0	-5.5952380952380949	1	1
0.42768096923828125	4	-0.3412018832542926	-5.3399733835177612	-0.16785714285714284	-5.2035714285714283	-30	1	105	-3.1058285412302502	5.9958718202307253	-1	-12.105828541230251	4.9958718202307253	0.0	-5.5952380952380949	1	1
0.44435977935791016	4	-0.5053109272887379	-5.1116805622209247	-0.19583333333333333	-4.9238095238095241	-30	1	105	-3.1058285412302502	5.9958718202307253	-1	-12.105828541230251	4.9958718202307253	0.0	-5.5952380952380949	1	1
0.4609248638153076	4	-0.6376956820242957	-4.9942882027761559	-0.25178571428571428	-4.7559523809523814	-30	1	105	-3.1058285412302502	5.9958718202307253	-1	-12.105828541230251	4.9958718202307253	0.0	-5.5952380952380949	1	1
0.47749996185302734	4	-0.9406813783870001	-4.7492634874712198	-0.39166666666666666	-4.3922619047619049	-30	1	105	-3.1058285412302502	5.9958718202307253	-1	-12.105828541230251	4.9958718202307253	0.0	-5.5952380952380949	1	1
0.4941129684448242	4	-1.1112823200141466	-4.6216311316110525	-0.47559523809523807	-4.1964285714285712	-30	1	105	-3.1058285412302502	5.9958718202307253	-1	-12.105828541230251	4.9958718202307253	0.0	-5.5952380952380949	1	1
0.5107138156890869	4	-1.528916577051616	-4.3458864270599236	-0.69940476190476186	-3.7488095238095238	-30	1	105	-3.1058285412302502	5.9958718202307253	-1	-12.105828541230251	4.9958718202307253	0.0	-5.5952380952380949	1	1
0.5272459983825684	4	-1.9605389293271807	-4.045913630855301	-0.92321428571428577	-3.2732142857142859	-30	1	105	-3.1058285412302502	5.9958718202307253	-1	-12.105828541230251	4.9958718202307253	0.0	-5.5952380952380949	1	1
0.5438399314880371	4	-2.1451279661924225	-3.8940531833416401	-1.0071428571428571	-3.049404761904762	-30	1	105	-3.1058285412302502	5.9958718202307253	-1	-12.105828541230251	4.9958718202307253	0.0	-5.5952380952380949	1	1
0.5604488849639893	4	-2.5562703256371915	-3.5176480133538401	-1.175	-2.5178571428571428	-30	2	105	-3.1058285412302502	5.9958718202307253	-1	-12.105828541230251	4.9958718202307253	0.0	-5.5952380952380949	1	1
0.5770649909973145	4	-2.96741268508196	-3.1412428433660406	-1.3428571428571427	-1.9863095238095239	-30	2	105	-3.1058285412302502	5.9958718202307253	-1	-12.105828541230251	4.9958718202307253	0.0	-5.5952380952380949	1	1
0.5936758518218994	4	-3.193966007661487	-2.9166981208919007	-1.4267857142857143	-1.6785714285714286	-30	2	105	-3.1058285412302502	5.9958718202307253	-1	-12.105828541230251	4.9958718202307253	0.0	-5.5952380952380949	1	1
0.6102569103240967	4	-3.6190964623443516	-2.5160648592506076	-1.5946428571428573	-1.1190476190476191	-30	2	105	-3.1058285412302502	5.9958718202307253	-1	-12.105828541230251	4.9958718202307253	0.0	-5.5952380952380949	1	1
0.6268069744110107	4	-3.985530737304831	-2.0492392202415362	-1.6785714285714286	-0.53154761904761905	-30	2	105	-3.1058285412302502	5.9958718202307253	-1	-12.105828541230251	4.9958718202307253	0.0	-5.5952380952380949	1	1
0.6434400081634521	4	-4.1496397813392765	-1.8209463989446988	-1.706547619047619	-0.25178571428571428	-30	2	105	-3.1058285412302502	5.9958718202307253	-1	-12.105828541230251	4.9958718202307253	0.0	-5.5952380952380949	1	1
0.6600069999694824	4	-4.419161689685783	-1.2981683789832461	-1.6785714285714286	0.33571428571428569	-30	2	105	-3.1058285412302502	5.9958718202307253	-1	-12.105828541230251	4.9958718202307253	0.0	-5.5952380952380949	1	1
0.6765928268432617	4	-4.6020112278337155	-0.75765416496100002	-1.5666666666666667	0.89523809523809528	-30	2	105	-3.1058285412302502	5.9958718202307253	-1	-12.105828541230251	4.9958718202307253	0.0	-5.5952380952380949	1	1
0.6932899951934814	4	-4.693435996907681	-0.48739705794987742	-1.5107142857142857	1.175	-30	2	105	-3.1058285412302502	5.9958718202307253	-1	-12.105828541230251	4.9958718202307253	0.0	-5.5952380952380949	1	1
0.7098689079284668	4	-4.85205744340212	0.067105251310462855	-1.3708333333333333	1.7345238095238096	-30	2	105	-3.1058285412302502	5.9958718202307253	-1	-12.105828541230251	4.9958718202307253	0.0	-5.5952380952380949	1	1
0.7263739109039307	4	-4.934246516113381	0.60112756774000786	-1.175	2.2380952380952381	-30	2	105	-3.1058285412302502	5.9958718202307253	-1	-12.105828541230251	4.9958718202307253	0.0	-5.5952380952380949	1	1
0.7430019378662109	4	-4.9389989149887725	0.88912086881192298	-1.0351190476190477	2.4898809523809522	-30	2	105	-3.1058285412302502	5.9958718202307253	-1	-12.105828541230251	4.9958718202307253	0.0	-5.5952380952380949	1	1
0.7598447799682617	4	-4.9242756210860605	1.4790955661938483	-0.72738095238095235	2.9934523809523808	-30	2	105	-3.1058285412302502	5.9958718202307253	-1	-12.105828541230251	4.9958718202307253	0.0	-5.5952380952380949	1	1
0.7764577865600586	4	-4.843359949815571	2.0103740838533906	-0.39166666666666666	3.413095238095238	-30	2	105	-3.1058285412302502	5.9958718202307253	-1	-12.105828541230251	4.9958718202307253	0.0	-5.5952380952380949	1	1
0.7931129932403564	4	-4.795908066561278	2.2638992968564144	-0.22380952380952382	3.6089285714285713	-30	2	105	-3.1058285412302502	5.9958718202307253	-1	-12.105828541230251	4.9958718202307253	0.0	-5.5952380952380949	1	1
0.8096938133239746	4	-4.735472388121584	2.7187454407327785	0.055952380952380955	3.9726190476190477	-30	2	105	-3.1058285412302502	5.9958718202307253	-1	-12.105828541230251	4.9958718202307253	0.0	-5.5952380952380949	1	1
0.8261868953704834	4	-4.608844332314112	3.1148954048867594	0.36369047619047618	4.2523809523809524	-30	2	105	-3.1058285412302502	5.9958718202307253	-1	-12.105828541230251	4.9958718202307253	0.0	-5.5952380952380949	1	1
0.8428778648376465	4	-4.557644350237122	3.3059763393447028	0.50357142857142856	4.3922619047619049	-30	2	105	-3.1058285412302502	5.9958718202307253	-1	-12.105828541230251	4.9958718202307253	0.0	-5.5952380952380949	1	1
0.85941481590271	4	-4.441256290845046	3.6639101166070915	0.78333333333333333	4.644047619047619	-30	2	105	-3.1058285412302502	5.9958718202307253	-1	-12.105828541230251	4.9958718202307253	0.0	-5.5952380952380949	1	1
0.875985860824585	4	-4.286652044561382	4.0116038974540871	1.0910714285714285	4.8678571428571429	-30	2	105	-3.1058285412302502	5.9958718202307253	-1	-12.105828541230251	4.9958718202307253	0.0	-5.5952380952380949	1	1
0.8926308155059814	4	-4.207475872008201	4.1542286486050415	1.230952380952381	4.9517857142857142	-30	2	105	-3.1058285412302502	5.9958718202307253	-1	-12.105828541230251	4.9958718202307253	0.0	-5.5952380952380949	1	1
0.90926194190979	4	-4.097579710208827	4.4115019604307637	1.4547619047619047	5.1196428571428569	-30	2	105	-3.1058285412302502	5.9958718202307253	-1	-12.105828541230251	4.9958718202307253	0.0	-5.5952380952380949	1	1
0.9255268573760986	4	-3.9736954531713575	4.6445471806029897	1.6785714285714286	5.2595238095238095	-30	2	105	-3.1058285412302502	5.9958718202307253	-1	-12.105828541230251	4.9958718202307253	0.0	-5.5952380952380949	1	1
0.9421408176422119	4	-3.928987368687068	4.7349676496242612	1.7625	5.3154761904761907	-30	2	105	-3.1058285412302502	5.9958718202307253	-1	-12.105828541230251	4.9958718202307253	0.0	-5.5952380952380949	1	1
0.9587299823760986	4	-3.801355012826902	4.9055685912514093	1.9583333333333333	5.399404761904762	-30	2	105	-3.1058285412302502	5.9958718202307253	-1	-12.105828541230251	4.9958718202307253	0.0	-5.5952380952380949	1	1
0.9752938747406006	4	-3.732418836689119	5.0099771555107768	2.0702380952380954	5.4553571428571432	-30	2	105	-3.1058285412302502	5.9958718202307253	-1	-12.105828541230251	4.9958718202307253	0.0	-5.5952380952380949	1	1
0.9921388626098633	4	-3.546090301106568	5.246770474505702	2.3500000000000001	5.5672619047619047	-30	2	105	-3.1058285412302502	5.9958718202307253	-1	-12.105828541230251	4.9958718202307253	0.0	-5.5952380952380949	1	1
1.0085020065307617	4	-3.408217948831003	5.455587603024437	2.573809523809524	5.6791666666666663	-30	2	105	-3.1058285412302502	5.9958718202307253	-1	-12.105828541230251	4.9958718202307253	0.0	-5.5952380952380949	1	1
1.025101900100708	4	-3.3150536810397275	5.5739842625218987	2.7136904761904761	5.7351190476190474	-30	2	105	-3.1058285412302502	5.9958718202307253	-1	-12.105828541230251	4.9958718202307253	0.0	-5.5952380952380949	1	1
1.041719913482666	4	-3.2805855929708367	5.6261885446515834	2.7696428571428573	5.7630952380952385	-30	2	105	-3.1058285412302502	5.9958718202307253	-1	-12.105828541230251	4.9958718202307253	0.0	-5.5952380952380949	1	1
1.0582928657531738	4	-3.2461175049019446	5.6783928267812662	2.825595238095238	5.7910714285714286	-30	2	105	-3.1058285412302502	5.9958718202307253	-1	-12.105828541230251	4.9958718202307253	0.0	-5.5952380952380949	1	1
1.0751299858093262	4	-3.211649416833054	5.7305971089109509	2.8815476190476192	5.8190476190476188	-30	2	105	-3.1058285412302502	5.9958718202307253	-1	-12.105828541230251	4.9958718202307253	0.0	-5.5952380952380949	1	1
1.0917019844055176	4	-3.1669413323487645	5.8210175779322242	2.9654761904761906	5.875	-30	2	105	-3.1058285412302502	5.9958718202307253	-1	-12.105828541230251	4.9958718202307253	0.0	-5.5952380952380949	1	1
1.108388900756836	4	-3.10824515262638	5.8872099553000012	3.049404761904762	5.9029761904761902	-30	2	105	-3.1058285412302502	5.9958718202307253	-1	-12.105828541230251	4.9958718202307253	0.0	-5.5952380952380949	1	1
1.124950885772705	4	-3.073777064557489	5.9394142374296841	3.1053571428571427	5.9309523809523812	-30	2	105	-3.1058285412302502	5.9958718202307253	-1	-12.105828541230251	4.9958718202307253	0.0	-5.5952380952380949	1	1
1.1415839195251465	4	-3.073777064557489	5.9394142374296841	3.1053571428571427	5.9309523809523812	-30	2	105	-3.1058285412302502	5.9958718202307253	-1	-12.105828541230251	4.9958718202307253	0.0	-5.5952380952380949	1	1
1.1580867767333984	4	-3.087765159795585	5.9636423290831786	3.1053571428571427	5.9589285714285714	-30	2	105	-3.1058285412302502	5.9958718202307253	-1	-12.105828541230251	4.9958718202307253	0.0	-5.5952380952380949	1	1
1.1747348308563232	4	-3.087765159795585	5.9636423290831786	3.1053571428571427	5.9589285714285714	-30	2	105	-3.1058285412302502	5.9958718202307253	-1	-12.105828541230251	4.9958718202307253	0.0	-5.5952380952380949	1	1
1.1913368701934814	4	-3.087765159795585	5.9636423290831786	3.1053571428571427	5.9589285714285714	-30	2	105	-3.1058285412302502	5.9958718202307253	-1	-12.105828541230251	4.9958718202307253	0.0	-5.5952380952380949	1	1
1.2079589366912842	4	-3.087765159795585	5.9636423290831786	3.1053571428571427	5.9589285714285714	-30	2	105	-3.1058285412302502	5.9958718202307253	-1	-12.105828541230251	4.9958718202307253	0.0	-5.5952380952380949	1	1
1.2245268821716309	4	-3.087765159795585	5.9636423290831786	3.1053571428571427	5.9589285714285714	-30	2	105	-3.1058285412302502	5.9958718202307253	-1	-12.105828541230251	4.9958718202307253	0.0	-5.5952380952380949	1	1
1.2408568859100342	4	-3.087765159795585	5.9636423290831786	3.1053571428571427	5.9589285714285714	-30	2	105	-3.1058285412302502	5.9958718202307253	-1	-12.105828541230251	4.9958718202307253	0.0	-5.5952380952380949	1	1
1.2574069499969482	4	-3.087765159795585	5.9636423290831786	3.1053571428571427	5.9589285714285714	-30	2	105	-3.1058285412302502	5.9958718202307253	-1	-12.105828541230251	4.9958718202307253	0.0	-5.5952380952380949	1	1
1.2739648818969727	4	-3.0877651597955849	5.9636423290831786	3.1053571428571427	5.9589285714285714	-30	2	105	-3.1058285412302502	5.9958718202307253	-1	-12.105828541230251	4.9958718202307253	0.0	-5.5952380952380949	1	1
1.2905778884887695	4	-3.0877651597955849	5.9636423290831786	3.1053571428571427	5.9309523809523812	-30	2	105	-3.1058285412302502	5.9958718202307253	-1	-12.105828541230251	4.9958718202307253	0.0	-5.5952380952380949	1	1
1.3072028160095215	4	-3.0877651597955849	5.9636423290831786	3.1053571428571427	5.9309523809523812	-30	3	105	-3.1058285412302502	5.9958718202307253	-1	-12.105828541230251	4.9958718202307253	0.0	-5.5952380952380949	1	1
1.3237478733062744	4	-3.0877651597955849	5.9636423290831786	3.1053571428571427	5.9309523809523812	-30	4	105	-3.1058285412302502	5.9958718202307253	-1	-12.105828541230251	4.9958718202307253	0.0	-5.5952380952380949	1	1
1.3403799533843994	4	-3.0877651597955849	5.9636423290831786	3.1053571428571427	5.9309523809523812	-30	4	105	-3.1058285412302502	5.9958718202307253	-1	-12.105828541230251	4.9958718202307253	0.0	-5.5952380952380949	1	1
1.356942892074585	4	-3.0877651597955849	5.9636423290831786	3.1053571428571427	5.9309523809523812	-30	4	105	-3.1058285412302502	5.9958718202307253	-1	-12.105828541230251	4.9958718202307253	0.0	-5.5952380952380949	1	1
1.3735859394073486	4	-3.0877651597955849	5.9636423290831786	3.1053571428571427	5.9309523809523812	-30	4	105	-3.1058285412302502	5.9958718202307253	-1	-12.105828541230251	4.9958718202307253	0.0	-5.5952380952380949	1	1
1.3901548385620117	4	-3.0877651597955849	5.9636423290831786	3.1053571428571427	5.9309523809523812	-30	4	105	-3.1058285412302502	5.9958718202307253	-1	-12.105828541230251	4.9958718202307253	0.0	-5.5952380952380949	1	1
1.4070649147033691	4	-3.0877651597955849	5.9636423290831786	3.1053571428571427	5.9309523809523812	-30	4	105	-3.1058285412302502	5.9958718202307253	-1	-12.105828541230251	4.9958718202307253	0.0	-5.5952380952380949	1	1
1.4236218929290771	4	-3.0877651597955849	5.9636423290831786	3.1053571428571427	5.9309523809523812	-30	4	105	-3.1058285412302502	5.9958718202307253	-1	-12.105828541230251	4.9958718202307253	0.0	-5.5952380952380949	1	1
1.4402568340301514	4	-3.0877651597955849	5.9636423290831786	3.1053571428571427	5.9309523809523812	-30	4	105	-3.1058285412302502	5.9958718202307253	-1	-12.105828541230251	4.9958718202307253	0.0	-5.5952380952380949	1	1
1.4568560123443604	4	-3.0877651597955849	5.9636423290831786	3.1053571428571427	5.9309523809523812	-30	4	105	-3.1058285412302502	5.9958718202307253	-1	-12.105828541230251	4.9958718202307253	0.0	-5.5952380952380949	1	1
1.4734249114990234	4	-3.0877651597955849	5.9636423290831786	3.1053571428571427	5.9589285714285714	-30	4	105	-3.1058285412302502	5.9958718202307253	-1	-12.105828541230251	4.9958718202307253	0.0	-5.5952380952380949	1	1
1.4899849891662598	4	-3.0877651597955849	5.9636423290831786	3.1053571428571427	5.9589285714285714	-30	4	105	-3.1058285412302502	5.9958718202307253	-1	-12.105828541230251	4.9958718202307253	0.0	-5.5952380952380949	1	1
1.5065958499908447	4	-3.0877651597955849	5.9636423290831786	3.1053571428571427	5.9589285714285714	-30	4	105	-3.1058285412302502	5.9958718202307253	-1	-12.105828541230251	4.9958718202307253	0.0	-5.5952380952380949	1	1
1.523183822631836	4	-3.0877651597955849	5.9636423290831786	3.1053571428571427	5.9589285714285714	-30	4	105	-3.1058285412302502	5.9958718202307253	-1	-12.105828541230251	4.9958718202307253	0.0	-5.5952380952380949	1	1
1.5397210121154785	4	-3.0877651597955849	5.9636423290831786	3.1053571428571427	5.9589285714285714	-30	4	105	-3.1058285412302502	5.9958718202307253	-1	-12.105828541230251	4.9958718202307253	0.0	-5.5952380952380949	1	1
1.5563809871673584	4	-3.0877651597955849	5.9636423290831786	3.1053571428571427	5.9869047619047615	-30	4	105	-3.1058285412302502	5.9958718202307253	-1	-12.105828541230251	4.9958718202307253	0.0	-5.5952380952380949	1	1
1.5727648735046387	4	-3.0877651597955849	5.9636423290831786	3.1053571428571427	6.0148809523809526	-30	4	105	-3.1058285412302502	5.9958718202307253	-1	-12.105828541230251	4.9958718202307253	0.0	-5.5952380952380949	1	1
1.5893168449401855	4	-3.115741350271775	5.9636423290831786	3.0773809523809526	6.1267857142857141	-30	4	105	-3.1058285412302502	5.9958718202307253	-1	-12.105828541230251	4.9958718202307253	0.0	-5.5952380952380949	1	1
1.6059589385986328	4	-3.115741350271775	5.9636423290831786	3.0773809523809526	6.1827380952380953	-30	4	105	-3.1058285412302502	5.9958718202307253	-1	-12.105828541230251	4.9958718202307253	0.0	-5.5952380952380949	1	1
1.6224958896636963	4	-3.227646112176537	5.9636423290831786	2.9654761904761906	6.378571428571429	-30	4	105	-3.1058285412302502	5.9958718202307253	-1	-12.105828541230251	4.9958718202307253	0.0	-5.5952380952380949	1	1
1.6390748023986816	4	-3.3955032550336801	5.9636423290831786	2.7976190476190474	6.602380952380952	-30	4	105	-3.1058285412302502	5.9958718202307253	-1	-12.105828541230251	4.9958718202307253	0.0	-5.5952380952380949	1	1
1.655639886856079	4	-3.5074080169384421	5.9636423290831786	2.6857142857142855	6.7422619047619046	-30	4	105	-3.1058285412302502	5.9958718202307253	-1	-12.105828541230251	4.9958718202307253	0.0	-5.5952380952380949	1	1
1.6722218990325928	4	-3.7871699217003467	5.9636423290831786	2.4059523809523808	6.9940476190476186	-30	4	105	-3.1058285412302502	5.9958718202307253	-1	-12.105828541230251	4.9958718202307253	0.0	-5.5952380952380949	1	1
1.688828945159912	4	-4.1228842074146321	5.9636423290831786	2.0702380952380954	7.3017857142857139	-30	4	105	-3.1058285412302502	5.9958718202307253	-1	-12.105828541230251	4.9958718202307253	0.0	-5.5952380952380949	1	1
1.705509901046753	4	-4.3187175407479659	5.9636423290831786	1.8744047619047619	7.4976190476190476	-30	4	105	-3.1058285412302502	5.9958718202307253	-1	-12.105828541230251	4.9958718202307253	0.0	-5.5952380952380949	1	1
1.7222089767456055	4	-4.7663365883670137	5.9636423290831786	1.4267857142857143	7.8892857142857142	-30	4	105	-3.1058285412302502	5.9958718202307253	-1	-12.105828541230251	4.9958718202307253	0.0	-5.5952380952380949	1	1
1.7388839721679688	4	-5.2978842074146328	5.9636423290831786	0.89523809523809528	8.2809523809523817	-30	4	105	-3.1058285412302502	5.9958718202307253	-1	-12.105828541230251	4.9958718202307253	0.0	-5.5952380952380949	1	1
1.755476951599121	4	-5.5776461121765379	5.9636423290831786	0.61547619047619051	8.4767857142857146	-30	4	105	-3.1058285412302502	5.9958718202307253	-1	-12.105828541230251	4.9958718202307253	0.0	-5.5952380952380949	1	1
1.7721409797668457	4	-6.2210984931289186	5.9636423290831786	-0.027976190476190477	8.8684523809523803	-30	4	105	-3.1058285412302502	5.9958718202307253	-1	-12.105828541230251	4.9958718202307253	0.0	-5.5952380952380949	1	1
1.7886879444122314	4	-6.9484794455098706	5.9636423290831786	-0.75535714285714284	9.2601190476190478	-30	4	105	-3.1058285412302502	5.9958718202307253	-1	-12.105828541230251	4.9958718202307253	0.0	-5.5952380952380949	1	1
1.8054118156433105	4	-7.3121699217003471	5.9636423290831786	-1.1190476190476191	9.4559523809523807	-30	4	105	-3.1058285412302502	5.9958718202307253	-1	-12.105828541230251	4.9958718202307253	0.0	-5.5952380952380949	1	1
1.8218939304351807	4	-8.0675270645574901	5.9636423290831786	-1.8744047619047619	9.819642857142858	-30	4	105	-3.1058285412302502	5.9958718202307253	-1	-12.105828541230251	4.9958718202307253	0.0	-5.5952380952380949	1	1
1.8384850025177002	4	-8.8228842074146332	5.9636423290831786	-2.6297619047619047	10.183333333333334	-30	4	105	-3.1058285412302502	5.9958718202307253	-1	-12.105828541230251	4.9958718202307253	0.0	-5.5952380952380949	1	1
1.8550739288330078	4	-9.1865746836051088	5.9636423290831786	-2.9934523809523808	10.351190476190476	-30	4	105	-3.1058285412302502	5.9958718202307253	-1	-12.105828541230251	4.9958718202307253	0.0	-5.5952380952380949	1	1
1.871654987335205	4	-9.9139556359860617	5.9636423290831786	-3.7208333333333332	10.686904761904762	-30	4	105	-3.1058285412302502	5.9958718202307253	-1	-12.105828541230251	4.9958718202307253	0.0	-5.5952380952380949	1	1
1.8879549503326416	4	-10.641336588367015	5.9636423290831786	-4.4482142857142861	10.938690476190477	-30	4	105	-3.1058285412302502	5.9958718202307253	-1	-12.105828541230251	4.9958718202307253	0.0	-5.5952380952380949	1	1
1.9046688079833984	4	-12.465920339414005	6.4285121528760882	-4.7839285714285715	11.050595238095237	-30	4	105	-3.1058285412302502	5.9958718202307253	-1	-12.105828541230251	4.9958718202307253	0.0	-5.5952380952380949	1	1
1.9212398529052734	4	-13.107095018872922	6.2521545123208586	-5.4273809523809522	11.218452380952382	-30	4	105	-3.1058285412302502	5.9958718202307253	-1	-12.105828541230251	4.9958718202307253	0.0	-5.5952380952380949	1	1
1.9377658367156982	4	-13.661597328133263	6.0935330658264206	-5.9869047619047615	11.358333333333333	-30	4	105	-3.1058285412302502	5.9958718202307253	-1	-12.105828541230251	4.9958718202307253	0.0	-5.5952380952380949	1	1
1.9543488025665283	4	-13.883398251837399	6.0300844872286437	-6.2107142857142854	11.414285714285715	-30	4	105	-3.1058285412302502	5.9958718202307253	-1	-12.105828541230251	4.9958718202307253	0.0	-5.5952380952380949	1	1
1.9709668159484863	4	-14.264555820700588	5.9069354288557889	-6.602380952380952	11.498214285714285	-30	5	105	-3.1058285412302502	5.9958718202307253	-1	-12.105828541230251	4.9958718202307253	0.0	-5.5952380952380949	1	1
1.9875218868255615	4	-14.597257206256794	5.8117625609591261	-6.9380952380952383	11.582142857142857	-30	5	105	-3.1058285412302502	5.9958718202307253	-1	-12.105828541230251	4.9958718202307253	0.0	-5.5952380952380949	1	1
2.00415301322937	4	-14.718397664524261	5.7418220847686499	-7.0779761904761909	11.582142857142857	-30	5	105	-3.1058285412302502	5.9958718202307253	-1	-12.105828541230251	4.9958718202307253	0.0	-5.5952380952380949	1	1
2.0208017826080322	4	-14.950438584643795	5.640157319279286	-7.3297619047619049	11.610119047619047	-30	5	105	-3.1058285412302502	5.9958718202307253	-1	-12.105828541230251	4.9958718202307253	0.0	-5.5952380952380949	1	1
2.037371873855591	4	-15.120035226218246	5.5422406526126196	-7.5255952380952378	11.610119047619047	-30	5	105	-3.1058285412302502	5.9958718202307253	-1	-12.105828541230251	4.9958718202307253	0.0	-5.5952380952380949	1	1
2.0541508197784424	4	-15.21694759283222	5.4862882716602392	-7.6375000000000002	11.610119047619047	-30	5	105	-3.1058285412302502	5.9958718202307253	-1	-12.105828541230251	4.9958718202307253	0.0	-5.5952380952380949	1	1
2.070797920227051	4	-15.386544234406673	5.3883716049935728	-7.833333333333333	11.610119047619047	-30	5	105	-3.1058285412302502	5.9958718202307253	-1	-12.105828541230251	4.9958718202307253	0.0	-5.5952380952380949	1	1
2.087368965148926	4	-15.493696597436042	5.2942030371496021	-7.9732142857142856	11.582142857142857	-30	5	105	-3.1058285412302502	5.9958718202307253	-1	-12.105828541230251	4.9958718202307253	0.0	-5.5952380952380949	1	1
2.1040198802948	4	-15.728481316325581	5.0294335276784867	-8.3089285714285719	11.470238095238095	-30	5	105	-3.1058285412302502	5.9958718202307253	-1	-12.105828541230251	4.9958718202307253	0.0	-5.5952380952380949	1	1
2.120659828186035	4	-16.0424422077683	4.6220392670564152	-8.7845238095238098	11.274404761904762	-30	5	105	-3.1058285412302502	5.9958718202307253	-1	-12.105828541230251	4.9958718202307253	0.0	-5.5952380952380949	1	1
2.1371798515319824	4	-16.338666905150227	4.1279726362357678	-9.288095238095238	10.994642857142857	-30	5	105	-3.1058285412302502	5.9958718202307253	-1	-12.105828541230251	4.9958718202307253	0.0	-5.5952380952380949	1	1
2.15376877784729	4	-16.472791158603094	3.8567112291719514	-9.5398809523809529	10.826785714285714	-30	5	105	-3.1058285412302502	5.9958718202307253	-1	-12.105828541230251	4.9958718202307253	0.0	-5.5952380952380949	1	1
2.1703789234161377	4	-16.761519658339623	3.237756041261143	-10.099404761904761	10.435119047619047	-30	5	105	-3.1058285412302502	5.9958718202307253	-1	-12.105828541230251	4.9958718202307253	0.0	-5.5952380952380949	1	1
2.1869328022003174	4	-16.926363901038687	2.8518460735225624	-10.435119047619047	10.183333333333334	-30	5	105	-3.1058285412302502	5.9958718202307253	-1	-12.105828541230251	4.9958718202307253	0.0	-5.5952380952380949	1	1
2.2035179138183594	4	-17.214088100722524	2.0073418630849176	-11.106547619047619	9.5958333333333332	-30	5	105	-3.1058285412302502	5.9958718202307253	-1	-12.105828541230251	4.9958718202307253	0.0	-5.5952380952380949	1	1
2.220150947570801	4	-17.473836109930172	1.1143814693402874	-11.77797619047619	8.9523809523809526	-30	5	105	-3.1058285412302502	5.9958718202307253	-1	-12.105828541230251	4.9958718202307253	0.0	-5.5952380952380949	1	1
2.236754894256592	4	-17.681379837008134	0.18695298752676681	-12.421428571428571	8.2529761904761898	-30	5	105	-3.1058285412302502	5.9958718202307253	-1	-12.105828541230251	4.9958718202307253	0.0	-5.5952380952380949	1	1
2.2533609867095947	4	-17.780031702339414	-0.25765315993420046	-12.729166666666666	7.9172619047619044	-30	5	105	-3.1058285412302502	5.9958718202307253	-1	-12.105828541230251	4.9958718202307253	0.0	-5.5952380952380949	1	1
2.2699248790740967	4	-17.9251311508723	-1.1813335429250218	-13.316666666666666	7.1898809523809524	-30	5	105	-3.1058285412302502	5.9958718202307253	-1	-12.105828541230251	4.9958718202307253	0.0	-5.5952380952380949	1	1
2.2864840030670166	4	-17.975326832896595	-1.5979634999097989	-13.568452380952381	6.854166666666667	-30	5	105	-3.1058285412302502	5.9958718202307253	-1	-12.105828541230251	4.9958718202307253	0.0	-5.5952380952380949	1	1
2.303076982498169	4	-18.003033921984706	-2.3892591281650644	-13.988095238095237	6.1827380952380953	-30	5	105	-3.1058285412302502	5.9958718202307253	-1	-12.105828541230251	4.9958718202307253	0.0	-5.5952380952380949	1	1
2.3197758197784424	4	-18.000021021826626	-3.0659061957455673	-14.323809523809524	5.5952380952380949	-30	5	105	-3.1058285412302502	5.9958718202307253	-1	-12.105828541230251	4.9958718202307253	0.0	-5.5952380952380949	1	1
2.3363289833068848	4	-17.935568143176155	-3.5132561419765365	-14.491666666666667	5.1755952380952381	-30	5	105	-3.1058285412302502	5.9958718202307253	-1	-12.105828541230251	4.9958718202307253	0.0	-5.5952380952380949	1	1
2.352954864501953	4	-17.900095755054572	-3.6866008823736847	-14.547619047619047	5.0077380952380954	-30	5	105	-3.1058285412302502	5.9958718202307253	-1	-12.105828541230251	4.9958718202307253	0.0	-5.5952380952380949	1	1
2.369553804397583	4	-17.763962901496317	-3.8664375203635366	-14.519642857142857	4.7839285714285715	-30	5	105	-3.1058285412302502	5.9958718202307253	-1	-12.105828541230251	4.9958718202307253	0.0	-5.5952380952380949	1	1
2.3859498500823975	4	-17.697770524128536	-3.9251337000859214	-14.491666666666667	4.7000000000000002	-30	5	105	-3.1058285412302502	5.9958718202307253	-1	-12.105828541230251	4.9958718202307253	0.0	-5.5952380952380949	1	1
2.40264892578125	4	-17.4964495932552	-3.9381174952713227	-14.323809523809524	4.5880952380952378	-30	5	105	-3.1058285412302502	5.9958718202307253	-1	-12.105828541230251	4.9958718202307253	0.0	-5.5952380952380949	1	1
2.419304847717285	4	-17.198216295767885	-3.8951489095043428	-14.044047619047619	4.4761904761904763	-30	5	105	-3.1058285412302502	5.9958718202307253	-1	-12.105828541230251	4.9958718202307253	0.0	-5.5952380952380949	1	1
2.4358677864074707	4	-16.841286818558185	-3.7859879463695822	-13.680357142857142	4.3922619047619049	-30	5	105	-3.1058285412302502	5.9958718202307253	-1	-12.105828541230251	4.9958718202307253	0.0	-5.5952380952380949	1	1
2.4524528980255127	4	-16.633473990092146	-3.6983112761183152	-13.456547619047619	4.3642857142857139	-30	5	105	-3.1058285412302502	5.9958718202307253	-1	-12.105828541230251	4.9958718202307253	0.0	-5.5952380952380949	1	1
2.4690380096435547	4	-16.134924061784183	-3.4427774630099028	-12.897023809523809	4.3363095238095237	-30	5	105	-3.1058285412302502	5.9958718202307253	-1	-12.105828541230251	4.9958718202307253	0.0	-5.5952380952380949	1	1
2.485646963119507	4	-15.854426958357664	-3.3131365070443497	-12.589285714285714	4.3083333333333336	-30	5	105	-3.1058285412302502	5.9958718202307253	-1	-12.105828541230251	4.9958718202307253	0.0	-5.5952380952380949	1	1
2.5022759437561035	4	-15.220748476544145	-3.0118903093989546	-11.889880952380953	4.2523809523809524	-30	5	105	-3.1058285412302502	5.9958718202307253	-1	-12.105828541230251	4.9958718202307253	0.0	-5.5952380952380949	1	1
2.5189008712768555	4	-14.49015762811665	-2.6546917308011801	-11.078571428571429	4.1964285714285712	-30	5	105	-3.1058285412302502	5.9958718202307253	-1	-12.105828541230251	4.9958718202307253	0.0	-5.5952380952380949	1	1
2.535444974899292	4	-13.672894409490581	-2.2797569581426105	-10.183333333333334	4.1124999999999998	-30	5	105	-3.1058285412302502	5.9958718202307253	-1	-12.105828541230251	4.9958718202307253	0.0	-5.5952380952380949	1	1
2.552018880844116	4	-13.194824474013416	-2.1006555188173781	-9.6797619047619055	4.0285714285714285	-30	5	105	-3.1058285412302502	5.9958718202307253	-1	-12.105828541230251	4.9958718202307253	0.0	-5.5952380952380949	1	1
2.5686848163604736	4	-12.200468416167501	-1.7526926365823048	-8.6446428571428573	3.8327380952380952	-30	5	105	-3.1058285412302502	5.9958718202307253	-1	-12.105828541230251	4.9958718202307253	0.0	-5.5952380952380949	1	1
2.5852229595184326	4	-11.670194198560653	-1.6080592853259619	-8.1130952380952372	3.6928571428571431	-30	5	105	-3.1058285412302502	5.9958718202307253	-1	-12.105828541230251	4.9958718202307253	0.0	-5.5952380952380949	1	1
2.601801872253418	4	-10.571429576455369	-1.3290325792286737	-7.0220238095238097	3.3851190476190478	-30	5	105	-3.1058285412302502	5.9958718202307253	-1	-12.105828541230251	4.9958718202307253	0.0	-5.5952380952380949	1	1
2.618389844894409	4	-10.013179168372332	-1.2328554112793171	-6.4904761904761905	3.1892857142857145	-30	5	105	-3.1058285412302502	5.9958718202307253	-1	-12.105828541230251	4.9958718202307253	0.0	-5.5952380952380949	1	1
2.6350278854370117	4	-8.82024597842308	-1.0609810682113983	-5.371428571428571	2.7416666666666667	-30	5	105	-3.1058285412302502	5.9958718202307253	-1	-12.105828541230251	4.9958718202307253	0.0	-5.5952380952380949	1	1
2.651564836502075	4	-7.65803277772002	-1.0037552858182472	-4.3363095238095237	2.2101190476190475	-30	5	105	-3.1058285412302502	5.9958718202307253	-1	-12.105828541230251	4.9958718202307253	0.0	-5.5952380952380949	1	1
2.6681668758392334	4	-6.47808338295617	-1.0332018736236686	-3.3291666666666666	1.5946428571428573	-30	5	105	-3.1058285412302502	5.9958718202307253	-1	-12.105828541230251	4.9958718202307253	0.0	-5.5952380952380949	1	1
2.6847798824310303	4	-5.922576773643135	-1.1001294496560643	-2.8815476190476192	1.2589285714285714	-30	5	105	-3.1058285412302502	5.9958718202307253	-1	-12.105828541230251	4.9958718202307253	0.0	-5.5952380952380949	1	1
2.701373815536499	4	-4.821803551432464	-1.2722007886124427	-2.0142857142857142	0.55952380952380953	-30	5	105	-3.1058285412302502	5.9958718202307253	-1	-12.105828541230251	4.9958718202307253	0.0	-5.5952380952380949	1	1
2.7179298400878906	4	-4.276536938534828	-1.3773445515364253	-1.5946428571428573	0.19583333333333333	-30	5	105	-3.1058285412302502	5.9958718202307253	-1	-12.105828541230251	4.9958718202307253	0.0	-5.5952380952380949	1	1
2.7345948219299316	4	-3.2484479912846362	-1.5913801762070898	-0.81130952380952381	-0.50357142857142856	-30	5	105	-3.1058285412302502	5.9958718202307253	-1	-12.105828541230251	4.9958718202307253	0.0	-5.5952380952380949	1	1
2.751127004623413	4	-2.2828033225795266	-1.8091638997004509	-0.083928571428571422	-1.175	-30	5	105	-3.1058285412302502	5.9958718202307253	-1	-12.105828541230251	4.9958718202307253	0.0	-5.5952380952380949	1	1
2.7677488327026367	4	-1.4038310240729923	-2.0446838172546049	0.55952380952380953	-1.8184523809523809	-30	5	105	-3.1058285412302502	5.9958718202307253	-1	-12.105828541230251	4.9958718202307253	0.0	-5.5952380952380949	1	1
2.784336805343628	4	-1.0076810599190122	-2.171311873062078	0.8392857142857143	-2.1261904761904762	-30	5	105	-3.1058285412302502	5.9958718202307253	-1	-12.105828541230251	4.9958718202307253	0.0	-5.5952380952380949	1	1
2.8008968830108643	4	-0.2675854137407363	-2.3900998966081328	1.3708333333333333	-2.6857142857142855	-30	5	105	-3.1058285412302502	5.9958718202307253	-1	-12.105828541230251	4.9958718202307253	0.0	-5.5952380952380949	1	1
2.8175439834594727	4	0.041892180214668784	-2.5344641464763988	1.5666666666666667	-2.9654761904761906	-30	5	105	-3.1058285412302502	5.9958718202307253	-1	-12.105828541230251	4.9958718202307253	0.0	-5.5952380952380949	1	1
2.8341758251190186	4	0.5946549907576997	-2.7644964664905456	1.9303571428571429	-3.4410714285714286	-30	5	105	-3.1058285412302502	5.9958718202307253	-1	-12.105828541230251	4.9958718202307253	0.0	-5.5952380952380949	1	1
2.850637912750244	4	1.0607454311021556	-3.0122649805654849	2.2101190476190475	-3.8886904761904764	-30	5	105	-3.1058285412302502	5.9958718202307253	-1	-12.105828541230251	4.9958718202307253	0.0	-5.5952380952380949	1	1
2.8673038482666016	4	1.231346372729302	-3.1398973364256522	2.2940476190476189	-4.0845238095238097	-30	5	105	-3.1058285412302502	5.9958718202307253	-1	-12.105828541230251	4.9958718202307253	0.0	-5.5952380952380949	1	1
2.8838589191436768	4	1.5240920726766078	-3.423138238622176	2.4059523809523808	-4.4761904761904763	-30	5	105	-3.1058285412302502	5.9958718202307253	-1	-12.105828541230251	4.9958718202307253	0.0	-5.5952380952380949	1	1
2.9005119800567627	4	1.6984411131264516	-3.6132148730274243	2.461904761904762	-4.7279761904761903	-30	5	105	-3.1058285412302502	5.9958718202307253	-1	-12.105828541230251	4.9958718202307253	0.0	-5.5952380952380949	1	1
2.9171149730682373	4	1.7404053988407373	-3.6858991479879037	2.461904761904762	-4.8119047619047617	-30	5	105	-3.1058285412302502	5.9958718202307253	-1	-12.105828541230251	4.9958718202307253	0.0	-5.5952380952380949	1	1
2.93376088142395	4	1.7543934940788328	-3.7101272396413973	2.461904761904762	-4.8398809523809527	-30	5	105	-3.1058285412302502	5.9958718202307253	-1	-12.105828541230251	4.9958718202307253	0.0	-5.5952380952380949	1	1
2.9501609802246094	4	1.7543934940788328	-3.7101272396413973	2.461904761904762	-4.8398809523809527	-30	5	105	-3.1058285412302502	5.9958718202307253	-1	-12.105828541230251	4.9958718202307253	0.0	-5.5952380952380949	1	1
2.9669249057769775	4	1.7543934940788328	-3.7101272396413973	2.461904761904762	-4.8398809523809527	-30	5	105	-3.1058285412302502	5.9958718202307253	-1	-12.105828541230251	4.9958718202307253	0.0	-5.5952380952380949	1	1
2.9834728240966797	4	1.7543934940788328	-3.7101272396413973	2.461904761904762	-4.8398809523809527	-30	5	105	-3.1058285412302502	5.9958718202307253	-1	-12.105828541230251	4.9958718202307253	0.0	-5.5952380952380949	1	1
3.000046968460083	4	1.6817092191183534	-3.7520915253556835	2.3779761904761907	-4.8398809523809527	-30	5	105	-3.1058285412302502	5.9958718202307253	-1	-12.105828541230251	4.9958718202307253	0.0	-5.5952380952380949	1	1
3.0166678428649902	4	1.6332530358113666	-3.7800677158318736	2.3220238095238095	-4.8398809523809527	-30	5	105	-3.1058285412302502	5.9958718202307253	-1	-12.105828541230251	4.9958718202307253	0.0	-5.5952380952380949	1	1
3.033277988433838	4	1.4981244823058049	-3.8257801003688563	2.1821428571428569	-4.8119047619047617	-30	5	105	-3.1058285412302502	5.9958718202307253	-1	-12.105828541230251	4.9958718202307253	0.0	-5.5952380952380949	1	1
3.0495917797088623	4	1.2316154741173795	-3.9796491479879039	1.8744047619047619	-4.8119047619047617	-30	5	105	-3.1058285412302502	5.9958718202307253	-1	-12.105828541230251	4.9958718202307253	0.0	-5.5952380952380949	1	1
3.0663959980010986	4	1.0238026456513385	-4.0673258182391727	1.650595238095238	-4.7839285714285715	-30	5	105	-3.1058285412302502	5.9958718202307253	-1	-12.105828541230251	4.9958718202307253	0.0	-5.5952380952380949	1	1
3.083033800125122	4	0.6463931756108452	-4.2529191551571088	1.230952380952381	-4.7559523809523814	-30	5	105	-3.1058285412302502	5.9958718202307253	-1	-12.105828541230251	4.9958718202307253	0.0	-5.5952380952380949	1	1
3.0996367931365967	4	0.3901241638378174	-4.3685720158845669	0.95119047619047614	-4.7279761904761903	-30	5	105	-3.1058285412302502	5.9958718202307253	-1	-12.105828541230251	4.9958718202307253	0.0	-5.5952380952380949	1	1
3.1161978244781494	4	0.3416679805308311	-4.396548206360757	0.89523809523809528	-4.7279761904761903	-30	5	105	-3.1058285412302502	5.9958718202307253	-1	-12.105828541230251	4.9958718202307253	0.0	-5.5952380952380949	1	1
3.13291597366333	4	0.2727318043930487	-4.5009567706201246	0.78333333333333333	-4.7839285714285715	-30	5	105	-3.1058285412302502	5.9958718202307253	-1	-12.105828541230251	4.9958718202307253	0.0	-5.5952380952380949	1	1
3.1494438648223877	4	0.23177181873145652	-4.6538215181864784	0.67142857142857137	-4.895833333333333	-30	5	105	-3.1058285412302502	5.9958718202307253	-1	-12.105828541230251	4.9958718202307253	0.0	-5.5952380952380949	1	1
3.166031837463379	4	0.22527992113875578	-4.7544819836231484	0.61547619047619051	-4.9797619047619044	-30	5	105	-3.1058285412302502	5.9958718202307253	-1	-12.105828541230251	4.9958718202307253	0.0	-5.5952380952380949	1	1
3.1825149059295654	4	0.2784885033211335	-5.0144990942188743	0.53154761904761905	-5.2315476190476193	-30	5	105	-3.1058285412302502	5.9958718202307253	-1	-12.105828541230251	4.9958718202307253	0.0	-5.5952380952380949	1	1
3.1992499828338623	4	0.29997279620462286	-5.1636157429625298	0.47559523809523807	-5.371428571428571	-30	5	105	-3.1058285412302502	5.9958718202307253	-1	-12.105828541230251	4.9958718202307253	0.0	-5.5952380952380949	1	1
