time	trial	cursorx	cursory	hand_x	hand_Y	rotation	step	targetangle	targetposx	targetposy	garagelocation	garageposx	garageposy	homex	homey	group	trial_type
9.5367431640625e-07	2	0.27976190476190477	-5.1196428571428569	0.27976190476190477	-5.1196428571428569	0	5	90	7.3478807948841188e-16	6.4047619047619051	-1	-9.0	5.4047619047619051	0.0	-5.5952380952380949	1	-1
0.029839038848876953	2	0.531547619047619	-5.4553571428571432	0.53154761904761905	-5.4553571428571432	0	1	90	7.3478807948841188e-16	6.4047619047619051	-1	-9.0	5.4047619047619051	0.0	-5.5952380952380949	1	-1
0.04649496078491211	2	0.6154761904761905	-5.5392857142857146	0.61547619047619051	-5.5392857142857146	0	1	90	7.3478807948841188e-16	6.4047619047619051	-1	-9.0	5.4047619047619051	0.0	-5.5952380952380949	1	-1
0.06302499771118164	2	0.6714285714285714	-5.6232142857142859	0.67142857142857137	-5.6232142857142859	0	1	90	7.3478807948841188e-16	6.4047619047619051	-1	-9.0	5.4047619047619051	0.0	-5.5952380952380949	1	-1
0.07958102226257324	2	0.6714285714285714	-5.6232142857142859	0.67142857142857137	-5.6232142857142859	0	1	90	7.3478807948841188e-16	6.4047619047619051	-1	-9.0	5.4047619047619051	0.0	-5.5952380952380949	1	-1
0.09634685516357422	2	0.6714285714285714	-5.6232142857142859	0.67142857142857137	-5.6232142857142859	0	1	90	7.3478807948841188e-16	6.4047619047619051	-1	-9.0	5.4047619047619051	0.0	-5.5952380952380949	1	-1
0.1129000186920166	2	0.6714285714285714	-5.6232142857142859	0.67142857142857137	-5.6232142857142859	0	1	90	7.3478807948841188e-16	6.4047619047619051	-1	-9.0	5.4047619047619051	0.0	-5.5952380952380949	1	-1
0.12968993186950684	2	0.6714285714285714	-5.6232142857142859	0.67142857142857137	-5.6232142857142859	0	1	90	7.3478807948841188e-16	6.4047619047619051	-1	-9.0	5.4047619047619051	0.0	-5.5952380952380949	1	-1
0.14628291130065918	2	0.6714285714285714	-5.6232142857142859	0.67142857142857137	-5.6232142857142859	0	1	90	7.3478807948841188e-16	6.4047619047619051	-1	-9.0	5.4047619047619051	0.0	-5.5952380952380949	1	-1
0.16287899017333984	2	0.6714285714285714	-5.6232142857142859	0.67142857142857137	-5.6232142857142859	0	1	90	7.3478807948841188e-16	6.4047619047619051	-1	-9.0	5.4047619047619051	0.0	-5.5952380952380949	1	-1
0.17946386337280273	2	0.6714285714285714	-5.6232142857142859	0.67142857142857137	-5.6232142857142859	0	1	90	7.3478807948841188e-16	6.4047619047619051	-1	-9.0	5.4047619047619051	0.0	-5.5952380952380949	1	-1
0.19606399536132812	2	0.643452380952381	-5.6232142857142859	0.643452380952381	-5.6232142857142859	0	1	90	7.3478807948841188e-16	6.4047619047619051	-1	-9.0	5.4047619047619051	0.0	-5.5952380952380949	1	-1
0.21265482902526855	2	0.643452380952381	-5.6232142857142859	0.643452380952381	-5.6232142857142859	0	1	90	7.3478807948841188e-16	6.4047619047619051	-1	-9.0	5.4047619047619051	0.0	-5.5952380952380949	1	-1
0.22922897338867188	2	0.643452380952381	-5.6232142857142859	0.643452380952381	-5.6232142857142859	0	1	90	7.3478807948841188e-16	6.4047619047619051	-1	-9.0	5.4047619047619051	0.0	-5.5952380952380949	1	-1
0.24587297439575195	2	0.643452380952381	-5.6232142857142859	0.643452380952381	-5.6232142857142859	0	1	90	7.3478807948841188e-16	6.4047619047619051	-1	-9.0	5.4047619047619051	0.0	-5.5952380952380949	1	-1
0.2624039649963379	2	0.643452380952381	-5.6232142857142859	0.643452380952381	-5.6232142857142859	0	1	90	7.3478807948841188e-16	6.4047619047619051	-1	-9.0	5.4047619047619051	0.0	-5.5952380952380949	1	-1
0.27904295921325684	2	0.643452380952381	-5.6232142857142859	0.643452380952381	-5.6232142857142859	0	1	90	7.3478807948841188e-16	6.4047619047619051	-1	-9.0	5.4047619047619051	0.0	-5.5952380952380949	1	-1
0.295306921005249	2	0.643452380952381	-5.6232142857142859	0.643452380952381	-5.6232142857142859	0	1	90	7.3478807948841188e-16	6.4047619047619051	-1	-9.0	5.4047619047619051	0.0	-5.5952380952380949	1	-1
0.3120260238647461	2	0.643452380952381	-5.6232142857142859	0.643452380952381	-5.6232142857142859	0	1	90	7.3478807948841188e-16	6.4047619047619051	-1	-9.0	5.4047619047619051	0.0	-5.5952380952380949	1	-1
0.32856202125549316	2	0.643452380952381	-5.6232142857142859	0.643452380952381	-5.6232142857142859	0	1	90	7.3478807948841188e-16	6.4047619047619051	-1	-9.0	5.4047619047619051	0.0	-5.5952380952380949	1	-1
0.3451368808746338	2	0.643452380952381	-5.6232142857142859	0.643452380952381	-5.6232142857142859	0	1	90	7.3478807948841188e-16	6.4047619047619051	-1	-9.0	5.4047619047619051	0.0	-5.5952380952380949	1	-1
0.3617260456085205	2	0.643452380952381	-5.6232142857142859	0.643452380952381	-5.6232142857142859	0	1	90	7.3478807948841188e-16	6.4047619047619051	-1	-9.0	5.4047619047619051	0.0	-5.5952380952380949	1	-1
0.3783729076385498	2	0.643452380952381	-5.6232142857142859	0.643452380952381	-5.6232142857142859	0	1	90	7.3478807948841188e-16	6.4047619047619051	-1	-9.0	5.4047619047619051	0.0	-5.5952380952380949	1	-1
0.39495086669921875	2	0.643452380952381	-5.6232142857142859	0.643452380952381	-5.6232142857142859	0	1	90	7.3478807948841188e-16	6.4047619047619051	-1	-9.0	5.4047619047619051	0.0	-5.5952380952380949	1	-1
0.41152501106262207	2	0.6154761904761905	-5.5952380952380949	0.61547619047619051	-5.5952380952380949	0	1	90	7.3478807948841188e-16	6.4047619047619051	-1	-9.0	5.4047619047619051	0.0	-5.5952380952380949	1	-1
0.4280660152435303	2	0.5595238095238095	-5.5952380952380949	0.55952380952380953	-5.5952380952380949	0	1	90	7.3478807948841188e-16	6.4047619047619051	-1	-9.0	5.4047619047619051	0.0	-5.5952380952380949	1	-1
0.44469785690307617	2	0.531547619047619	-5.5952380952380949	0.53154761904761905	-5.5952380952380949	0	1	90	7.3478807948841188e-16	6.4047619047619051	-1	-9.0	5.4047619047619051	0.0	-5.5952380952380949	1	-1
0.4615628719329834	2	0.41964285714285715	-5.6232142857142859	0.41964285714285715	-5.6232142857142859	0	1	90	7.3478807948841188e-16	6.4047619047619051	-1	-9.0	5.4047619047619051	0.0	-5.5952380952380949	1	-1
0.47815990447998047	2	0.30773809523809526	-5.6511904761904761	0.30773809523809526	-5.6511904761904761	0	1	90	7.3478807948841188e-16	6.4047619047619051	-1	-9.0	5.4047619047619051	0.0	-5.5952380952380949	1	-1
0.49475884437561035	2	0.2517857142857143	-5.6511904761904761	0.25178571428571428	-5.6511904761904761	0	1	90	7.3478807948841188e-16	6.4047619047619051	-1	-9.0	5.4047619047619051	0.0	-5.5952380952380949	1	-1
0.5114119052886963	2	0.19583333333333333	-5.6511904761904761	0.19583333333333333	-5.6511904761904761	0	1	90	7.3478807948841188e-16	6.4047619047619051	-1	-9.0	5.4047619047619051	0.0	-5.5952380952380949	1	-1
0.5279269218444824	2	0.13988095238095238	-5.6511904761904761	0.13988095238095238	-5.6511904761904761	0	1	90	7.3478807948841188e-16	6.4047619047619051	-1	-9.0	5.4047619047619051	0.0	-5.5952380952380949	1	-1
0.5445079803466797	2	0.13988095238095238	-5.6511904761904761	0.13988095238095238	-5.6511904761904761	0	1	90	7.3478807948841188e-16	6.4047619047619051	-1	-9.0	5.4047619047619051	0.0	-5.5952380952380949	1	-1
0.561115026473999	2	0.13988095238095238	-5.6511904761904761	0.13988095238095238	-5.6511904761904761	0	1	90	7.3478807948841188e-16	6.4047619047619051	-1	-9.0	5.4047619047619051	0.0	-5.5952380952380949	1	-1
0.5777549743652344	2	0.13988095238095238	-5.6511904761904761	0.13988095238095238	-5.6511904761904761	0	1	90	7.3478807948841188e-16	6.4047619047619051	-1	-9.0	5.4047619047619051	0.0	-5.5952380952380949	1	-1
0.5942699909210205	2	0.13988095238095238	-5.6511904761904761	0.13988095238095238	-5.6511904761904761	0	1	90	7.3478807948841188e-16	6.4047619047619051	-1	-9.0	5.4047619047619051	0.0	-5.5952380952380949	1	-1
0.6109650135040283	2	0.13988095238095238	-5.6511904761904761	0.13988095238095238	-5.6511904761904761	0	1	90	7.3478807948841188e-16	6.4047619047619051	-1	-9.0	5.4047619047619051	0.0	-5.5952380952380949	1	-1
0.6272070407867432	2	0.13988095238095238	-5.6511904761904761	0.13988095238095238	-5.6511904761904761	0	1	90	7.3478807948841188e-16	6.4047619047619051	-1	-9.0	5.4047619047619051	0.0	-5.5952380952380949	1	-1
0.6439089775085449	2	0.13988095238095238	-5.6511904761904761	0.13988095238095238	-5.6511904761904761	0	1	90	7.3478807948841188e-16	6.4047619047619051	-1	-9.0	5.4047619047619051	0.0	-5.5952380952380949	1	-1
0.6604368686676025	2	0.13988095238095238	-5.6511904761904761	0.13988095238095238	-5.6511904761904761	0	1	90	7.3478807948841188e-16	6.4047619047619051	-1	-9.0	5.4047619047619051	0.0	-5.5952380952380949	1	-1
0.6770079135894775	2	0.13988095238095238	-5.6511904761904761	0.13988095238095238	-5.6511904761904761	0	1	90	7.3478807948841188e-16	6.4047619047619051	-1	-9.0	5.4047619047619051	0.0	-5.5952380952380949	1	-1
0.6935889720916748	2	0.13988095238095238	-5.6511904761904761	0.13988095238095238	-5.6511904761904761	0	1	90	7.3478807948841188e-16	6.4047619047619051	-1	-9.0	5.4047619047619051	0.0	-5.5952380952380949	1	-1
0.7102649211883545	2	0.13988095238095238	-5.6511904761904761	0.13988095238095238	-5.6511904761904761	0	1	90	7.3478807948841188e-16	6.4047619047619051	-1	-9.0	5.4047619047619051	0.0	-5.5952380952380949	1	-1
0.7267858982086182	2	0.13988095238095238	-5.6511904761904761	0.13988095238095238	-5.6511904761904761	0	1	90	7.3478807948841188e-16	6.4047619047619051	-1	-9.0	5.4047619047619051	0.0	-5.5952380952380949	1	-1
0.7433509826660156	2	0.13988095238095238	-5.6511904761904761	0.13988095238095238	-5.6511904761904761	0	1	90	7.3478807948841188e-16	6.4047619047619051	-1	-9.0	5.4047619047619051	0.0	-5.5952380952380949	1	-1
0.7599530220031738	2	0.13988095238095238	-5.6511904761904761	0.13988095238095238	-5.6511904761904761	0	1	90	7.3478807948841188e-16	6.4047619047619051	-1	-9.0	5.4047619047619051	0.0	-5.5952380952380949	1	-1
0.7768769264221191	2	0.13988095238095238	-5.6511904761904761	0.13988095238095238	-5.6511904761904761	0	1	90	7.3478807948841188e-16	6.4047619047619051	-1	-9.0	5.4047619047619051	0.0	-5.5952380952380949	1	-1
0.7934389114379883	2	0.13988095238095238	-5.6511904761904761	0.13988095238095238	-5.6511904761904761	0	1	90	7.3478807948841188e-16	6.4047619047619051	-1	-9.0	5.4047619047619051	0.0	-5.5952380952380949	1	-1
0.8101480007171631	2	0.13988095238095238	-5.6511904761904761	0.13988095238095238	-5.6511904761904761	0	1	90	7.3478807948841188e-16	6.4047619047619051	-1	-9.0	5.4047619047619051	0.0	-5.5952380952380949	1	-1
0.8266420364379883	2	0.13988095238095238	-5.6511904761904761	0.13988095238095238	-5.6511904761904761	0	1	90	7.3478807948841188e-16	6.4047619047619051	-1	-9.0	5.4047619047619051	0.0	-5.5952380952380949	1	-1
0.8432600498199463	2	0.11190476190476191	-5.6511904761904761	0.11190476190476191	-5.6511904761904761	0	1	90	7.3478807948841188e-16	6.4047619047619051	-1	-9.0	5.4047619047619051	0.0	-5.5952380952380949	1	-1
0.8597970008850098	2	0.055952380952380955	-5.5672619047619047	0.055952380952380955	-5.5672619047619047	0	1	90	7.3478807948841188e-16	6.4047619047619051	-1	-9.0	5.4047619047619051	0.0	-5.5952380952380949	1	-1
0.8764388561248779	2	-0.055952380952380955	-5.4273809523809522	-0.055952380952380955	-5.4273809523809522	0	1	90	7.3478807948841188e-16	6.4047619047619051	-1	-9.0	5.4047619047619051	0.0	-5.5952380952380949	1	-1
0.8930339813232422	2	-0.08392857142857142	-5.3434523809523808	-0.083928571428571422	-5.3434523809523808	0	1	90	7.3478807948841188e-16	6.4047619047619051	-1	-9.0	5.4047619047619051	0.0	-5.5952380952380949	1	-1
0.9096319675445557	2	-0.19583333333333333	-5.1196428571428569	-0.19583333333333333	-5.1196428571428569	0	1	90	7.3478807948841188e-16	6.4047619047619051	-1	-9.0	5.4047619047619051	0.0	-5.5952380952380949	1	-1
0.9261488914489746	2	-0.2517857142857143	-4.9797619047619044	-0.25178571428571428	-4.9797619047619044	0	1	90	7.3478807948841188e-16	6.4047619047619051	-1	-9.0	5.4047619047619051	0.0	-5.5952380952380949	1	-1
0.9425108432769775	2	-0.3357142857142857	-4.7279761904761903	-0.33571428571428569	-4.7279761904761903	0	1	90	7.3478807948841188e-16	6.4047619047619051	-1	-9.0	5.4047619047619051	0.0	-5.5952380952380949	1	-1
0.9590919017791748	2	-0.41964285714285715	-4.3922619047619049	-0.41964285714285715	-4.3922619047619049	0	1	90	7.3478807948841188e-16	6.4047619047619051	-1	-9.0	5.4047619047619051	0.0	-5.5952380952380949	1	-1
0.9757349491119385	2	-0.44761904761904764	-4.0005952380952383	-0.44761904761904764	-4.0005952380952383	0	1	90	7.3478807948841188e-16	6.4047619047619051	-1	-9.0	5.4047619047619051	0.0	-5.5952380952380949	1	-1
0.9923110008239746	2	-0.44761904761904764	-3.7767857142857144	-0.44761904761904764	-3.7767857142857144	0	1	90	7.3478807948841188e-16	6.4047619047619051	-1	-9.0	5.4047619047619051	0.0	-5.5952380952380949	1	-1
1.008882999420166	2	-0.44761904761904764	-3.2452380952380953	-0.44761904761904764	-3.2452380952380953	0	1	90	7.3478807948841188e-16	6.4047619047619051	-1	-9.0	5.4047619047619051	0.0	-5.5952380952380949	1	-1
1.025512933731079	2	-0.41964285714285715	-2.9654761904761906	-0.41964285714285715	-2.9654761904761906	0	1	90	7.3478807948841188e-16	6.4047619047619051	-1	-9.0	5.4047619047619051	0.0	-5.5952380952380949	1	-1
1.04213285446167	2	-0.39166666666666666	-2.3779761904761907	-0.39166666666666666	-2.3779761904761907	0	2	90	7.3478807948841188e-16	6.4047619047619051	-1	-9.0	5.4047619047619051	0.0	-5.5952380952380949	1	-1
1.0586810111999512	2	-0.3636904761904762	-2.0702380952380954	-0.36369047619047618	-2.0702380952380954	0	2	90	7.3478807948841188e-16	6.4047619047619051	-1	-9.0	5.4047619047619051	0.0	-5.5952380952380949	1	-1
1.075242042541504	2	-0.30773809523809526	-1.4547619047619049	-0.30773809523809526	-1.4547619047619047	0	2	90	7.3478807948841188e-16	6.4047619047619051	-1	-9.0	5.4047619047619051	0.0	-5.5952380952380949	1	-1
1.091850996017456	2	-0.22380952380952382	-0.83928571428571441	-0.22380952380952382	-0.8392857142857143	0	2	90	7.3478807948841188e-16	6.4047619047619051	-1	-9.0	5.4047619047619051	0.0	-5.5952380952380949	1	-1
1.108738899230957	2	-0.11190476190476191	-0.19583333333333375	-0.11190476190476191	-0.19583333333333333	0	2	90	7.3478807948841188e-16	6.4047619047619051	-1	-9.0	5.4047619047619051	0.0	-5.5952380952380949	1	-1
1.1253478527069092	2	-0.027976190476190477	0.13988095238095255	-0.027976190476190477	0.13988095238095238	0	2	90	7.3478807948841188e-16	6.4047619047619051	-1	-9.0	5.4047619047619051	0.0	-5.5952380952380949	1	-1
1.1418418884277344	2	0.16785714285714284	0.83928571428571441	0.16785714285714284	0.8392857142857143	0	2	90	7.3478807948841188e-16	6.4047619047619051	-1	-9.0	5.4047619047619051	0.0	-5.5952380952380949	1	-1
1.1585190296173096	2	0.2517857142857143	1.2029761904761909	0.25178571428571428	1.2029761904761904	0	2	90	7.3478807948841188e-16	6.4047619047619051	-1	-9.0	5.4047619047619051	0.0	-5.5952380952380949	1	-1
1.175156831741333	2	0.44761904761904764	1.9023809523809518	0.44761904761904764	1.9023809523809523	0	2	90	7.3478807948841188e-16	6.4047619047619051	-1	-9.0	5.4047619047619051	0.0	-5.5952380952380949	1	-1
1.191648006439209	2	0.6154761904761905	2.5738095238095244	0.61547619047619051	2.573809523809524	0	2	90	7.3478807948841188e-16	6.4047619047619051	-1	-9.0	5.4047619047619051	0.0	-5.5952380952380949	1	-1
1.2082748413085938	2	0.7553571428571428	3.2452380952380953	0.75535714285714284	3.2452380952380953	0	2	90	7.3478807948841188e-16	6.4047619047619051	-1	-9.0	5.4047619047619051	0.0	-5.5952380952380949	1	-1
1.2249770164489746	2	0.8113095238095238	3.5529761904761905	0.81130952380952381	3.5529761904761905	0	2	90	7.3478807948841188e-16	6.4047619047619051	-1	-9.0	5.4047619047619051	0.0	-5.5952380952380949	1	-1
1.2413840293884277	2	0.9511904761904761	4.1964285714285712	0.95119047619047614	4.1964285714285712	0	2	90	7.3478807948841188e-16	6.4047619047619051	-1	-9.0	5.4047619047619051	0.0	-5.5952380952380949	1	-1
1.2578058242797852	2	0.9791666666666666	4.4761904761904763	0.97916666666666663	4.4761904761904763	0	2	90	7.3478807948841188e-16	6.4047619047619051	-1	-9.0	5.4047619047619051	0.0	-5.5952380952380949	1	-1
1.2744100093841553	2	1.063095238095238	5.0077380952380963	1.0630952380952381	5.0077380952380954	0	2	90	7.3478807948841188e-16	6.4047619047619051	-1	-9.0	5.4047619047619051	0.0	-5.5952380952380949	1	-1
1.2909748554229736	2	1.119047619047619	5.4273809523809522	1.1190476190476191	5.4273809523809522	0	2	90	7.3478807948841188e-16	6.4047619047619051	-1	-9.0	5.4047619047619051	0.0	-5.5952380952380949	1	-1
1.3076038360595703	2	1.119047619047619	5.7630952380952394	1.1190476190476191	5.7630952380952385	0	2	90	7.3478807948841188e-16	6.4047619047619051	-1	-9.0	5.4047619047619051	0.0	-5.5952380952380949	1	-1
1.3242418766021729	2	1.0910714285714285	5.9029761904761902	1.0910714285714285	5.9029761904761902	0	2	90	7.3478807948841188e-16	6.4047619047619051	-1	-9.0	5.4047619047619051	0.0	-5.5952380952380949	1	-1
1.340782880783081	2	1.063095238095238	6.1267857142857132	1.0630952380952381	6.1267857142857141	0	2	90	7.3478807948841188e-16	6.4047619047619051	-1	-9.0	5.4047619047619051	0.0	-5.5952380952380949	1	-1
1.3573658466339111	2	1.0351190476190477	6.2107142857142854	1.0351190476190477	6.2107142857142854	0	2	90	7.3478807948841188e-16	6.4047619047619051	-1	-9.0	5.4047619047619051	0.0	-5.5952380952380949	1	-1
1.3740029335021973	2	0.9791666666666666	6.3785714285714299	0.97916666666666663	6.378571428571429	0	2	90	7.3478807948841188e-16	6.4047619047619051	-1	-9.0	5.4047619047619051	0.0	-5.5952380952380949	1	-1
1.3905689716339111	2	0.9511904761904761	6.4625000000000004	0.95119047619047614	6.4625000000000004	0	2	90	7.3478807948841188e-16	6.4047619047619051	-1	-9.0	5.4047619047619051	0.0	-5.5952380952380949	1	-1
1.4071099758148193	2	0.9232142857142858	6.5184523809523807	0.92321428571428577	6.5184523809523807	0	2	90	7.3478807948841188e-16	6.4047619047619051	-1	-9.0	5.4047619047619051	0.0	-5.5952380952380949	1	-1
1.4238598346710205	2	0.8672619047619048	6.5744047619047628	0.86726190476190479	6.5744047619047619	0	2	90	7.3478807948841188e-16	6.4047619047619051	-1	-9.0	5.4047619047619051	0.0	-5.5952380952380949	1	-1
1.4403409957885742	2	0.8113095238095238	6.6583333333333332	0.81130952380952381	6.6583333333333332	0	2	90	7.3478807948841188e-16	6.4047619047619051	-1	-9.0	5.4047619047619051	0.0	-5.5952380952380949	1	-1
1.456954002380371	2	0.7833333333333333	6.6863095238095234	0.78333333333333333	6.6863095238095234	0	2	90	7.3478807948841188e-16	6.4047619047619051	-1	-9.0	5.4047619047619051	0.0	-5.5952380952380949	1	-1
1.4735510349273682	2	0.7553571428571428	6.7422619047619037	0.75535714285714284	6.7422619047619046	0	2	90	7.3478807948841188e-16	6.4047619047619051	-1	-9.0	5.4047619047619051	0.0	-5.5952380952380949	1	-1
1.489922046661377	2	0.7273809523809524	6.7702380952380956	0.72738095238095235	6.7702380952380956	0	2	90	7.3478807948841188e-16	6.4047619047619051	-1	-9.0	5.4047619047619051	0.0	-5.5952380952380949	1	-1
1.5065228939056396	2	0.7273809523809524	6.7982142857142858	0.72738095238095235	6.7982142857142858	0	2	90	7.3478807948841188e-16	6.4047619047619051	-1	-9.0	5.4047619047619051	0.0	-5.5952380952380949	1	-1
1.5231740474700928	2	0.6994047619047619	6.7982142857142858	0.69940476190476186	6.7982142857142858	0	2	90	7.3478807948841188e-16	6.4047619047619051	-1	-9.0	5.4047619047619051	0.0	-5.5952380952380949	1	-1
1.5396649837493896	2	0.6994047619047619	6.7982142857142858	0.69940476190476186	6.7982142857142858	0	2	90	7.3478807948841188e-16	6.4047619047619051	-1	-9.0	5.4047619047619051	0.0	-5.5952380952380949	1	-1
1.556272029876709	2	0.6994047619047619	6.7982142857142858	0.69940476190476186	6.7982142857142858	0	2	90	7.3478807948841188e-16	6.4047619047619051	-1	-9.0	5.4047619047619051	0.0	-5.5952380952380949	1	-1
1.5729830265045166	2	0.6994047619047619	6.8261904761904759	0.69940476190476186	6.8261904761904759	0	2	90	7.3478807948841188e-16	6.4047619047619051	-1	-9.0	5.4047619047619051	0.0	-5.5952380952380949	1	-1
1.5897760391235352	2	0.6994047619047619	6.8261904761904759	0.69940476190476186	6.8261904761904759	0	2	90	7.3478807948841188e-16	6.4047619047619051	-1	-9.0	5.4047619047619051	0.0	-5.5952380952380949	1	-1
1.6063578128814697	2	0.6994047619047619	6.8261904761904759	0.69940476190476186	6.8261904761904759	0	2	90	7.3478807948841188e-16	6.4047619047619051	-1	-9.0	5.4047619047619051	0.0	-5.5952380952380949	1	-1
1.6230628490447998	2	0.6994047619047619	6.7982142857142858	0.69940476190476186	6.7982142857142858	0	2	90	7.3478807948841188e-16	6.4047619047619051	-1	-9.0	5.4047619047619051	0.0	-5.5952380952380949	1	-1
1.6395719051361084	2	0.69940476190476186	6.7982142857142858	0.69940476190476186	6.7982142857142858	0	2	90	7.3478807948841188e-16	6.4047619047619051	-1	-9.0	5.4047619047619051	0.0	-5.5952380952380949	1	-1
1.6561658382415771	2	0.69940476190476186	6.7982142857142858	0.69940476190476186	6.7982142857142858	0	2	90	7.3478807948841188e-16	6.4047619047619051	-1	-9.0	5.4047619047619051	0.0	-5.5952380952380949	1	-1
1.6727449893951416	2	0.69940476190476186	6.7982142857142858	0.69940476190476186	6.7982142857142858	0	3	90	7.3478807948841188e-16	6.4047619047619051	-1	-9.0	5.4047619047619051	0.0	-5.5952380952380949	1	-1
1.689316987991333	2	0.69940476190476186	6.7982142857142858	0.69940476190476186	6.7982142857142858	0	4	90	7.3478807948841188e-16	6.4047619047619051	-1	-9.0	5.4047619047619051	0.0	-5.5952380952380949	1	-1
1.7059299945831299	2	0.69940476190476186	6.7982142857142858	0.69940476190476186	6.7982142857142858	0	4	90	7.3478807948841188e-16	6.4047619047619051	-1	-9.0	5.4047619047619051	0.0	-5.5952380952380949	1	-1
1.7225120067596436	2	0.69940476190476186	6.7982142857142858	0.69940476190476186	6.7982142857142858	0	4	90	7.3478807948841188e-16	6.4047619047619051	-1	-9.0	5.4047619047619051	0.0	-5.5952380952380949	1	-1
1.739130973815918	2	0.69940476190476186	6.7982142857142858	0.69940476190476186	6.7982142857142858	0	4	90	7.3478807948841188e-16	6.4047619047619051	-1	-9.0	5.4047619047619051	0.0	-5.5952380952380949	1	-1
1.7553889751434326	2	0.69940476190476186	6.7982142857142858	0.69940476190476186	6.7982142857142858	0	4	90	7.3478807948841188e-16	6.4047619047619051	-1	-9.0	5.4047619047619051	0.0	-5.5952380952380949	1	-1
1.7720470428466797	2	0.69940476190476186	6.7982142857142858	0.69940476190476186	6.7982142857142858	0	4	90	7.3478807948841188e-16	6.4047619047619051	-1	-9.0	5.4047619047619051	0.0	-5.5952380952380949	1	-1
1.788640022277832	2	0.69940476190476186	6.7982142857142858	0.69940476190476186	6.7982142857142858	0	4	90	7.3478807948841188e-16	6.4047619047619051	-1	-9.0	5.4047619047619051	0.0	-5.5952380952380949	1	-1
1.805243968963623	2	0.69940476190476186	6.7982142857142858	0.69940476190476186	6.7982142857142858	0	4	90	7.3478807948841188e-16	6.4047619047619051	-1	-9.0	5.4047619047619051	0.0	-5.5952380952380949	1	-1
1.8219058513641357	2	0.69940476190476186	6.7982142857142858	0.69940476190476186	6.7982142857142858	0	4	90	7.3478807948841188e-16	6.4047619047619051	-1	-9.0	5.4047619047619051	0.0	-5.5952380952380949	1	-1
1.838547945022583	2	0.69940476190476186	6.7982142857142858	0.69940476190476186	6.7982142857142858	0	4	90	7.3478807948841188e-16	6.4047619047619051	-1	-9.0	5.4047619047619051	0.0	-5.5952380952380949	1	-1
1.855146884918213	2	0.69940476190476186	6.7982142857142858	0.69940476190476186	6.7982142857142858	0	4	90	7.3478807948841188e-16	6.4047619047619051	-1	-9.0	5.4047619047619051	0.0	-5.5952380952380949	1	-1
1.8717689514160156	2	0.69940476190476186	6.7982142857142858	0.69940476190476186	6.7982142857142858	0	4	90	7.3478807948841188e-16	6.4047619047619051	-1	-9.0	5.4047619047619051	0.0	-5.5952380952380949	1	-1
1.888361930847168	2	0.69940476190476186	6.7982142857142858	0.69940476190476186	6.7982142857142858	0	4	90	7.3478807948841188e-16	6.4047619047619051	-1	-9.0	5.4047619047619051	0.0	-5.5952380952380949	1	-1
1.9052870273590088	2	0.69940476190476186	6.7982142857142858	0.69940476190476186	6.7982142857142858	0	4	90	7.3478807948841188e-16	6.4047619047619051	-1	-9.0	5.4047619047619051	0.0	-5.5952380952380949	1	-1
1.9218440055847168	2	0.69940476190476186	6.7982142857142858	0.69940476190476186	6.7982142857142858	0	4	90	7.3478807948841188e-16	6.4047619047619051	-1	-9.0	5.4047619047619051	0.0	-5.5952380952380949	1	-1
1.9384868144989014	2	0.69940476190476186	6.7982142857142858	0.69940476190476186	6.7982142857142858	0	4	90	7.3478807948841188e-16	6.4047619047619051	-1	-9.0	5.4047619047619051	0.0	-5.5952380952380949	1	-1
1.9550418853759766	2	0.72738095238095235	6.7982142857142858	0.72738095238095235	6.7982142857142858	0	4	90	7.3478807948841188e-16	6.4047619047619051	-1	-9.0	5.4047619047619051	0.0	-5.5952380952380949	1	-1
1.9717090129852295	2	0.78333333333333333	6.7982142857142858	0.78333333333333333	6.8261904761904759	0	4	90	7.3478807948841188e-16	6.4047619047619051	-1	-9.0	5.4047619047619051	0.0	-5.5952380952380949	1	-1
1.9882299900054932	2	0.97916666666666663	6.7982142857142858	0.97916666666666663	6.854166666666667	0	4	90	7.3478807948841188e-16	6.4047619047619051	-1	-9.0	5.4047619047619051	0.0	-5.5952380952380949	1	-1
2.004807949066162	2	1.1190476190476191	6.7982142857142858	1.1190476190476191	6.854166666666667	0	4	90	7.3478807948841188e-16	6.4047619047619051	-1	-9.0	5.4047619047619051	0.0	-5.5952380952380949	1	-1
2.0213940143585205	2	1.4547619047619047	6.7982142857142858	1.4547619047619047	6.9101190476190473	0	4	90	7.3478807948841188e-16	6.4047619047619051	-1	-9.0	5.4047619047619051	0.0	-5.5952380952380949	1	-1
2.03804087638855	2	1.6785714285714286	6.7982142857142858	1.6785714285714286	6.9380952380952383	0	4	90	7.3478807948841188e-16	6.4047619047619051	-1	-9.0	5.4047619047619051	0.0	-5.5952380952380949	1	-1
2.0545709133148193	2	2.1261904761904762	6.7982142857142858	2.1261904761904762	6.9660714285714285	0	4	90	7.3478807948841188e-16	6.4047619047619051	-1	-9.0	5.4047619047619051	0.0	-5.5952380952380949	1	-1
2.0708799362182617	2	2.6297619047619047	6.7982142857142858	2.6297619047619047	7.0220238095238097	0	4	90	7.3478807948841188e-16	6.4047619047619051	-1	-9.0	5.4047619047619051	0.0	-5.5952380952380949	1	-1
2.087451934814453	2	2.9375	6.7982142857142858	2.9375	7.0499999999999998	0	4	90	7.3478807948841188e-16	6.4047619047619051	-1	-9.0	5.4047619047619051	0.0	-5.5952380952380949	1	-1
2.1041150093078613	2	3.6089285714285713	6.7982142857142858	3.6089285714285713	7.1339285714285712	0	4	90	7.3478807948841188e-16	6.4047619047619051	-1	-9.0	5.4047619047619051	0.0	-5.5952380952380949	1	-1
2.1206579208374023	2	4.4202380952380951	6.7982142857142858	4.4202380952380951	7.2178571428571425	0	4	90	7.3478807948841188e-16	6.4047619047619051	-1	-9.0	5.4047619047619051	0.0	-5.5952380952380949	1	-1
2.1373560428619385	2	4.8678571428571429	6.7982142857142858	4.8678571428571429	7.2738095238095237	0	4	90	7.3478807948841188e-16	6.4047619047619051	-1	-9.0	5.4047619047619051	0.0	-5.5952380952380949	1	-1
2.1538758277893066	2	5.8470238095238098	6.7982142857142858	5.8470238095238098	7.3857142857142861	0	4	90	7.3478807948841188e-16	6.4047619047619051	-1	-9.0	5.4047619047619051	0.0	-5.5952380952380949	1	-1
2.170538902282715	2	6.3226190476190478	6.7982142857142858	6.3226190476190478	7.4416666666666664	0	4	90	7.3478807948841188e-16	6.4047619047619051	-1	-9.0	5.4047619047619051	0.0	-5.5952380952380949	1	-1
2.1870758533477783	2	7.3577380952380951	6.7982142857142858	7.3577380952380951	7.4976190476190476	0	4	90	7.3478807948841188e-16	6.4047619047619051	-1	-9.0	5.4047619047619051	0.0	-5.5952380952380949	1	-1
2.203622817993164	2	8.4208333333333325	6.7982142857142858	8.4208333333333325	7.581547619047619	0	4	90	7.3478807948841188e-16	6.4047619047619051	-1	-9.0	5.4047619047619051	0.0	-5.5952380952380949	1	-1
2.22021484375	2	9.5398809523809529	6.7982142857142858	9.5398809523809529	7.6095238095238091	0	4	90	7.3478807948841188e-16	6.4047619047619051	-1	-9.0	5.4047619047619051	0.0	-5.5952380952380949	1	-1
2.236945867538452	2	10.127380952380953	6.7982142857142858	10.127380952380953	7.6375000000000002	0	4	90	7.3478807948841188e-16	6.4047619047619051	-1	-9.0	5.4047619047619051	0.0	-5.5952380952380949	1	-1
2.2534618377685547	2	11.218452380952382	7.6654761904761912	11.218452380952382	7.6654761904761903	0	4	90	7.3478807948841188e-16	6.4047619047619051	-1	-9.0	5.4047619047619051	0.0	-5.5952380952380949	1	-1
2.270042896270752	2	11.77797619047619	7.6654761904761912	11.77797619047619	7.6654761904761903	0	4	90	7.3478807948841188e-16	6.4047619047619051	-1	-9.0	5.4047619047619051	0.0	-5.5952380952380949	1	-1
2.2866289615631104	2	12.785119047619048	7.6374999999999993	12.785119047619048	7.6375000000000002	0	4	90	7.3478807948841188e-16	6.4047619047619051	-1	-9.0	5.4047619047619051	0.0	-5.5952380952380949	1	-1
2.3032259941101074	2	13.680357142857142	7.6095238095238091	13.680357142857142	7.6095238095238091	0	4	90	7.3478807948841188e-16	6.4047619047619051	-1	-9.0	5.4047619047619051	0.0	-5.5952380952380949	1	-1
2.3198189735412598	2	14.379761904761905	7.5535714285714288	14.379761904761905	7.5535714285714288	0	5	90	7.3478807948841188e-16	6.4047619047619051	-1	-9.0	5.4047619047619051	0.0	-5.5952380952380949	1	-1
2.3365228176116943	2	14.6875	7.5255952380952387	14.6875	7.5255952380952378	0	5	90	7.3478807948841188e-16	6.4047619047619051	-1	-9.0	5.4047619047619051	0.0	-5.5952380952380949	1	-1
2.3530240058898926	2	15.163095238095238	7.4416666666666664	15.163095238095238	7.4416666666666664	0	5	90	7.3478807948841188e-16	6.4047619047619051	-1	-9.0	5.4047619047619051	0.0	-5.5952380952380949	1	-1
2.369635820388794	2	15.35892857142857	7.4136904761904763	15.358928571428571	7.4136904761904763	0	5	90	7.3478807948841188e-16	6.4047619047619051	-1	-9.0	5.4047619047619051	0.0	-5.5952380952380949	1	-1
2.386232852935791	2	15.638690476190476	7.3857142857142861	15.638690476190476	7.3857142857142861	0	5	90	7.3478807948841188e-16	6.4047619047619051	-1	-9.0	5.4047619047619051	0.0	-5.5952380952380949	1	-1
2.403075933456421	2	15.806547619047619	7.3297619047619058	15.806547619047619	7.3297619047619049	0	5	90	7.3478807948841188e-16	6.4047619047619051	-1	-9.0	5.4047619047619051	0.0	-5.5952380952380949	1	-1
2.419684886932373	2	15.8625	7.3297619047619058	15.862500000000001	7.3297619047619049	0	5	90	7.3478807948841188e-16	6.4047619047619051	-1	-9.0	5.4047619047619051	0.0	-5.5952380952380949	1	-1
2.436378002166748	2	15.8625	7.3297619047619058	15.862500000000001	7.3297619047619049	0	5	90	7.3478807948841188e-16	6.4047619047619051	-1	-9.0	5.4047619047619051	0.0	-5.5952380952380949	1	-1
2.452863931655884	2	15.8625	7.3297619047619058	15.862500000000001	7.3297619047619049	0	5	90	7.3478807948841188e-16	6.4047619047619051	-1	-9.0	5.4047619047619051	0.0	-5.5952380952380949	1	-1
2.46943998336792	2	15.8625	7.3297619047619058	15.862500000000001	7.3297619047619049	0	5	90	7.3478807948841188e-16	6.4047619047619051	-1	-9.0	5.4047619047619051	0.0	-5.5952380952380949	1	-1
2.4859979152679443	2	15.834523809523809	7.3297619047619058	15.834523809523809	7.3297619047619049	0	5	90	7.3478807948841188e-16	6.4047619047619051	-1	-9.0	5.4047619047619051	0.0	-5.5952380952380949	1	-1
2.5026960372924805	2	15.806547619047619	7.3297619047619058	15.806547619047619	7.3297619047619049	0	5	90	7.3478807948841188e-16	6.4047619047619051	-1	-9.0	5.4047619047619051	0.0	-5.5952380952380949	1	-1
2.519202947616577	2	15.778571428571428	7.3297619047619058	15.778571428571428	7.3297619047619049	0	5	90	7.3478807948841188e-16	6.4047619047619051	-1	-9.0	5.4047619047619051	0.0	-5.5952380952380949	1	-1
2.5358128547668457	2	15.638690476190476	7.3297619047619058	15.638690476190476	7.3297619047619049	0	5	90	7.3478807948841188e-16	6.4047619047619051	-1	-9.0	5.4047619047619051	0.0	-5.5952380952380949	1	-1
2.5521559715270996	2	15.414880952380953	7.3297619047619058	15.414880952380953	7.3297619047619049	0	5	90	7.3478807948841188e-16	6.4047619047619051	-1	-9.0	5.4047619047619051	0.0	-5.5952380952380949	1	-1
2.5687830448150635	2	15.30297619047619	7.3017857142857139	15.302976190476191	7.3017857142857139	0	5	90	7.3478807948841188e-16	6.4047619047619051	-1	-9.0	5.4047619047619051	0.0	-5.5952380952380949	1	-1
2.5853688716888428	2	15.079166666666667	7.2458333333333336	15.079166666666667	7.2458333333333336	0	5	90	7.3478807948841188e-16	6.4047619047619051	-1	-9.0	5.4047619047619051	0.0	-5.5952380952380949	1	-1
2.6019279956817627	2	14.827380952380953	7.1619047619047613	14.827380952380953	7.1619047619047622	0	5	90	7.3478807948841188e-16	6.4047619047619051	-1	-9.0	5.4047619047619051	0.0	-5.5952380952380949	1	-1
2.6185288429260254	2	14.6875	7.0779761904761909	14.6875	7.0779761904761909	0	5	90	7.3478807948841188e-16	6.4047619047619051	-1	-9.0	5.4047619047619051	0.0	-5.5952380952380949	1	-1
2.635082960128784	2	14.323809523809524	6.8541666666666679	14.323809523809524	6.854166666666667	0	5	90	7.3478807948841188e-16	6.4047619047619051	-1	-9.0	5.4047619047619051	0.0	-5.5952380952380949	1	-1
2.651731014251709	2	13.792261904761904	6.4904761904761905	13.792261904761904	6.4904761904761905	0	5	90	7.3478807948841188e-16	6.4047619047619051	-1	-9.0	5.4047619047619051	0.0	-5.5952380952380949	1	-1
2.6682839393615723	2	13.48452380952381	6.2386904761904773	13.484523809523809	6.2386904761904765	0	5	90	7.3478807948841188e-16	6.4047619047619051	-1	-9.0	5.4047619047619051	0.0	-5.5952380952380949	1	-1
2.6849069595336914	2	12.785119047619048	5.6791666666666671	12.785119047619048	5.6791666666666663	0	5	90	7.3478807948841188e-16	6.4047619047619051	-1	-9.0	5.4047619047619051	0.0	-5.5952380952380949	1	-1
2.7015328407287598	2	11.973809523809523	5.0077380952380963	11.973809523809523	5.0077380952380954	0	5	90	7.3478807948841188e-16	6.4047619047619051	-1	-9.0	5.4047619047619051	0.0	-5.5952380952380949	1	-1
2.718108892440796	2	11.554166666666667	4.644047619047619	11.554166666666667	4.644047619047619	0	5	90	7.3478807948841188e-16	6.4047619047619051	-1	-9.0	5.4047619047619051	0.0	-5.5952380952380949	1	-1
2.7346649169921875	2	10.658928571428572	3.8327380952380956	10.658928571428572	3.8327380952380952	0	5	90	7.3478807948841188e-16	6.4047619047619051	-1	-9.0	5.4047619047619051	0.0	-5.5952380952380949	1	-1
2.7513070106506348	2	10.211309523809524	3.413095238095238	10.211309523809524	3.413095238095238	0	5	90	7.3478807948841188e-16	6.4047619047619051	-1	-9.0	5.4047619047619051	0.0	-5.5952380952380949	1	-1
2.767864942550659	2	9.232142857142858	2.461904761904762	9.2321428571428577	2.461904761904762	0	5	90	7.3478807948841188e-16	6.4047619047619051	-1	-9.0	5.4047619047619051	0.0	-5.5952380952380949	1	-1
2.784437894821167	2	8.19702380952381	1.4547619047619049	8.1970238095238095	1.4547619047619047	0	5	90	7.3478807948841188e-16	6.4047619047619051	-1	-9.0	5.4047619047619051	0.0	-5.5952380952380949	1	-1
2.8010458946228027	2	7.161904761904762	0.44761904761904781	7.1619047619047622	0.44761904761904764	0	5	90	7.3478807948841188e-16	6.4047619047619051	-1	-9.0	5.4047619047619051	0.0	-5.5952380952380949	1	-1
2.8176379203796387	2	6.630357142857143	-0.083928571428571352	6.6303571428571431	-0.083928571428571422	0	5	90	7.3478807948841188e-16	6.4047619047619051	-1	-9.0	5.4047619047619051	0.0	-5.5952380952380949	1	-1
2.8342578411102295	2	5.679166666666666	-1.0630952380952383	5.6791666666666663	-1.0630952380952381	0	5	90	7.3478807948841188e-16	6.4047619047619051	-1	-9.0	5.4047619047619051	0.0	-5.5952380952380949	1	-1
2.8508729934692383	2	5.231547619047619	-1.5386904761904763	5.2315476190476193	-1.5386904761904763	0	5	90	7.3478807948841188e-16	6.4047619047619051	-1	-9.0	5.4047619047619051	0.0	-5.5952380952380949	1	-1
2.867403030395508	2	4.420238095238095	-2.4059523809523808	4.4202380952380951	-2.4059523809523808	0	5	90	7.3478807948841188e-16	6.4047619047619051	-1	-9.0	5.4047619047619051	0.0	-5.5952380952380949	1	-1
2.884002923965454	2	3.720833333333333	-3.1613095238095239	3.7208333333333332	-3.1613095238095239	0	5	90	7.3478807948841188e-16	6.4047619047619051	-1	-9.0	5.4047619047619051	0.0	-5.5952380952380949	1	-1
2.900648832321167	2	3.1053571428571427	-3.8047619047619046	3.1053571428571427	-3.8047619047619046	0	5	90	7.3478807948841188e-16	6.4047619047619051	-1	-9.0	5.4047619047619051	0.0	-5.5952380952380949	1	-1
2.9172379970550537	2	2.8535714285714286	-4.0565476190476186	2.8535714285714286	-4.0565476190476186	0	5	90	7.3478807948841188e-16	6.4047619047619051	-1	-9.0	5.4047619047619051	0.0	-5.5952380952380949	1	-1
2.933804988861084	2	2.3779761904761907	-4.4482142857142861	2.3779761904761907	-4.4482142857142861	0	5	90	7.3478807948841188e-16	6.4047619047619051	-1	-9.0	5.4047619047619051	0.0	-5.5952380952380949	1	-1
2.950472831726074	2	2.154166666666667	-4.6160714285714288	2.1541666666666668	-4.6160714285714288	0	5	90	7.3478807948841188e-16	6.4047619047619051	-1	-9.0	5.4047619047619051	0.0	-5.5952380952380949	1	-1
2.967031955718994	2	1.9023809523809523	-4.8119047619047617	1.9023809523809523	-4.8119047619047617	0	5	90	7.3478807948841188e-16	6.4047619047619051	-1	-9.0	5.4047619047619051	0.0	-5.5952380952380949	1	-1
2.98357892036438	2	1.7904761904761906	-4.8678571428571429	1.7904761904761906	-4.8678571428571429	0	5	90	7.3478807948841188e-16	6.4047619047619051	-1	-9.0	5.4047619047619051	0.0	-5.5952380952380949	1	-1
3.0001728534698486	2	1.7625	-4.8678571428571429	1.7625	-4.8678571428571429	0	5	90	7.3478807948841188e-16	6.4047619047619051	-1	-9.0	5.4047619047619051	0.0	-5.5952380952380949	1	-1
3.0168159008026123	2	1.7625	-4.8678571428571429	1.7625	-4.8678571428571429	0	5	90	7.3478807948841188e-16	6.4047619047619051	-1	-9.0	5.4047619047619051	0.0	-5.5952380952380949	1	-1
3.0333878993988037	2	1.7625	-4.8398809523809527	1.7625	-4.8398809523809527	0	5	90	7.3478807948841188e-16	6.4047619047619051	-1	-9.0	5.4047619047619051	0.0	-5.5952380952380949	1	-1
3.0503089427948	2	1.7345238095238096	-4.8398809523809527	1.7345238095238096	-4.8398809523809527	0	5	90	7.3478807948841188e-16	6.4047619047619051	-1	-9.0	5.4047619047619051	0.0	-5.5952380952380949	1	-1
3.0668509006500244	2	1.7345238095238096	-4.8398809523809527	1.7345238095238096	-4.8398809523809527	0	5	90	7.3478807948841188e-16	6.4047619047619051	-1	-9.0	5.4047619047619051	0.0	-5.5952380952380949	1	-1
3.0834178924560547	2	1.706547619047619	-4.8398809523809527	1.706547619047619	-4.8398809523809527	0	5	90	7.3478807948841188e-16	6.4047619047619051	-1	-9.0	5.4047619047619051	0.0	-5.5952380952380949	1	-1
3.1000418663024902	2	1.650595238095238	-4.8398809523809527	1.650595238095238	-4.8398809523809527	0	5	90	7.3478807948841188e-16	6.4047619047619051	-1	-9.0	5.4047619047619051	0.0	-5.5952380952380949	1	-1
3.1166598796844482	2	1.650595238095238	-4.8398809523809527	1.650595238095238	-4.8398809523809527	0	5	90	7.3478807948841188e-16	6.4047619047619051	-1	-9.0	5.4047619047619051	0.0	-5.5952380952380949	1	-1
3.133193016052246	2	1.6226190476190476	-4.8398809523809527	1.6226190476190476	-4.8398809523809527	0	5	90	7.3478807948841188e-16	6.4047619047619051	-1	-9.0	5.4047619047619051	0.0	-5.5952380952380949	1	-1
3.149927854537964	2	1.6226190476190476	-4.8398809523809527	1.6226190476190476	-4.8398809523809527	0	5	90	7.3478807948841188e-16	6.4047619047619051	-1	-9.0	5.4047619047619051	0.0	-5.5952380952380949	1	-1
3.1664018630981445	2	1.5946428571428573	-4.8678571428571429	1.5946428571428573	-4.8678571428571429	0	5	90	7.3478807948841188e-16	6.4047619047619051	-1	-9.0	5.4047619047619051	0.0	-5.5952380952380949	1	-1
3.182999849319458	2	1.4827380952380953	-4.8678571428571429	1.4827380952380953	-4.8678571428571429	0	5	90	7.3478807948841188e-16	6.4047619047619051	-1	-9.0	5.4047619047619051	0.0	-5.5952380952380949	1	-1
3.1992838382720947	2	1.3148809523809524	-4.9517857142857142	1.3148809523809524	-4.9517857142857142	0	5	90	7.3478807948841188e-16	6.4047619047619051	-1	-9.0	5.4047619047619051	0.0	-5.5952380952380949	1	-1
3.2158780097961426	2	1.2029761904761904	-5.0077380952380954	1.2029761904761904	-5.0077380952380954	0	5	90	7.3478807948841188e-16	6.4047619047619051	-1	-9.0	5.4047619047619051	0.0	-5.5952380952380949	1	-1
3.232481002807617	2	0.9511904761904761	-5.2035714285714283	0.95119047619047614	-5.2035714285714283	0	5	90	7.3478807948841188e-16	6.4047619047619051	-1	-9.0	5.4047619047619051	0.0	-5.5952380952380949	1	-1
3.249255895614624	2	0.8113095238095238	-5.2874999999999996	0.81130952380952381	-5.2874999999999996	0	5	90	7.3478807948841188e-16	6.4047619047619051	-1	-9.0	5.4047619047619051	0.0	-5.5952380952380949	1	-1
3.265720844268799	2	0.531547619047619	-5.4273809523809522	0.53154761904761905	-5.4273809523809522	0	5	90	7.3478807948841188e-16	6.4047619047619051	-1	-9.0	5.4047619047619051	0.0	-5.5952380952380949	1	-1
