time	trial	cursorx	cursory	hand_x	hand_Y	rotation	step	targetangle	targetposx	targetposy	garagelocation	garageposx	garageposy	homex	homey	group	trial_type
9.5367431640625e-07	0	-0.47559523809523807	-2.2101190476190475	-0.47559523809523807	-2.2101190476190475	0	5	90	7.3478807948841188e-16	6.4047619047619051	-1	-9.0	5.4047619047619051	0.0	-5.5952380952380949	1	-1
0.00903010368347168	0	-0.47559523809523807	-2.2101190476190475	-0.47559523809523807	-2.2101190476190475	0	1	90	7.3478807948841188e-16	6.4047619047619051	-1	-9.0	5.4047619047619051	0.0	-5.5952380952380949	1	-1
0.022083044052124023	0	-0.47559523809523807	-2.2101190476190475	-0.47559523809523807	-2.2101190476190475	0	1	90	7.3478807948841188e-16	6.4047619047619051	-1	-9.0	5.4047619047619051	0.0	-5.5952380952380949	1	-1
0.038542985916137695	0	-0.47559523809523807	-2.2101190476190475	-0.47559523809523807	-2.2101190476190475	0	1	90	7.3478807948841188e-16	6.4047619047619051	-1	-9.0	5.4047619047619051	0.0	-5.5952380952380949	1	-1
0.05515789985656738	0	-0.47559523809523807	-2.2101190476190475	-0.47559523809523807	-2.2101190476190475	0	1	90	7.3478807948841188e-16	6.4047619047619051	-1	-9.0	5.4047619047619051	0.0	-5.5952380952380949	1	-1
0.07172298431396484	0	-0.47559523809523807	-2.2101190476190475	-0.47559523809523807	-2.2101190476190475	0	1	90	7.3478807948841188e-16	6.4047619047619051	-1	-9.0	5.4047619047619051	0.0	-5.5952380952380949	1	-1
0.0883328914642334	0	-0.47559523809523807	-2.2101190476190475	-0.47559523809523807	-2.2101190476190475	0	1	90	7.3478807948841188e-16	6.4047619047619051	-1	-9.0	5.4047619047619051	0.0	-5.5952380952380949	1	-1
0.10491299629211426	0	-0.47559523809523807	-2.2101190476190475	-0.47559523809523807	-2.2101190476190475	0	1	90	7.3478807948841188e-16	6.4047619047619051	-1	-9.0	5.4047619047619051	0.0	-5.5952380952380949	1	-1
0.12152600288391113	0	-0.47559523809523807	-2.2101190476190475	-0.47559523809523807	-2.2101190476190475	0	1	90	7.3478807948841188e-16	6.4047619047619051	-1	-9.0	5.4047619047619051	0.0	-5.5952380952380949	1	-1
0.1380939483642578	0	-0.5035714285714286	-2.2101190476190475	-0.50357142857142856	-2.2101190476190475	0	1	90	7.3478807948841188e-16	6.4047619047619051	-1	-9.0	5.4047619047619051	0.0	-5.5952380952380949	1	-1
0.1546769142150879	0	-0.47559523809523807	-2.2101190476190475	-0.47559523809523807	-2.2101190476190475	0	1	90	7.3478807948841188e-16	6.4047619047619051	-1	-9.0	5.4047619047619051	0.0	-5.5952380952380949	1	-1
0.1712939739227295	0	-0.47559523809523807	-2.2380952380952381	-0.47559523809523807	-2.2380952380952381	0	1	90	7.3478807948841188e-16	6.4047619047619051	-1	-9.0	5.4047619047619051	0.0	-5.5952380952380949	1	-1
0.18765997886657715	0	-0.44761904761904764	-2.2660714285714287	-0.44761904761904764	-2.2660714285714287	0	1	90	7.3478807948841188e-16	6.4047619047619051	-1	-9.0	5.4047619047619051	0.0	-5.5952380952380949	1	-1
0.204193115234375	0	-0.44761904761904764	-2.2660714285714287	-0.44761904761904764	-2.2660714285714287	0	1	90	7.3478807948841188e-16	6.4047619047619051	-1	-9.0	5.4047619047619051	0.0	-5.5952380952380949	1	-1
0.2208409309387207	0	-0.41964285714285715	-2.2940476190476189	-0.41964285714285715	-2.2940476190476189	0	1	90	7.3478807948841188e-16	6.4047619047619051	-1	-9.0	5.4047619047619051	0.0	-5.5952380952380949	1	-1
0.2373809814453125	0	-0.41964285714285715	-2.3220238095238095	-0.41964285714285715	-2.3220238095238095	0	1	90	7.3478807948841188e-16	6.4047619047619051	-1	-9.0	5.4047619047619051	0.0	-5.5952380952380949	1	-1
0.2540431022644043	0	-0.41964285714285715	-2.3220238095238095	-0.41964285714285715	-2.3220238095238095	0	1	90	7.3478807948841188e-16	6.4047619047619051	-1	-9.0	5.4047619047619051	0.0	-5.5952380952380949	1	-1
0.27059197425842285	0	-0.39166666666666666	-2.3220238095238095	-0.39166666666666666	-2.3220238095238095	0	1	90	7.3478807948841188e-16	6.4047619047619051	-1	-9.0	5.4047619047619051	0.0	-5.5952380952380949	1	-1
0.28732800483703613	0	-0.39166666666666666	-2.3500000000000001	-0.39166666666666666	-2.3500000000000001	0	1	90	7.3478807948841188e-16	6.4047619047619051	-1	-9.0	5.4047619047619051	0.0	-5.5952380952380949	1	-1
0.3039209842681885	0	-0.39166666666666666	-2.3500000000000001	-0.39166666666666666	-2.3500000000000001	0	1	90	7.3478807948841188e-16	6.4047619047619051	-1	-9.0	5.4047619047619051	0.0	-5.5952380952380949	1	-1
0.3205070495605469	0	-0.39166666666666666	-2.3500000000000001	-0.39166666666666666	-2.3500000000000001	0	1	90	7.3478807948841188e-16	6.4047619047619051	-1	-9.0	5.4047619047619051	0.0	-5.5952380952380949	1	-1
0.3374168872833252	0	-0.39166666666666666	-2.3500000000000001	-0.39166666666666666	-2.3500000000000001	0	1	90	7.3478807948841188e-16	6.4047619047619051	-1	-9.0	5.4047619047619051	0.0	-5.5952380952380949	1	-1
0.354032039642334	0	-0.39166666666666666	-2.3500000000000001	-0.39166666666666666	-2.3500000000000001	0	1	90	7.3478807948841188e-16	6.4047619047619051	-1	-9.0	5.4047619047619051	0.0	-5.5952380952380949	1	-1
0.3706190586090088	0	-0.39166666666666666	-2.3500000000000001	-0.39166666666666666	-2.3500000000000001	0	1	90	7.3478807948841188e-16	6.4047619047619051	-1	-9.0	5.4047619047619051	0.0	-5.5952380952380949	1	-1
0.38726091384887695	0	-0.39166666666666666	-2.3779761904761907	-0.39166666666666666	-2.3779761904761907	0	1	90	7.3478807948841188e-16	6.4047619047619051	-1	-9.0	5.4047619047619051	0.0	-5.5952380952380949	1	-1
0.4038228988647461	0	-0.3636904761904762	-2.4339285714285714	-0.36369047619047618	-2.4339285714285714	0	1	90	7.3478807948841188e-16	6.4047619047619051	-1	-9.0	5.4047619047619051	0.0	-5.5952380952380949	1	-1
0.42044711112976074	0	-0.3357142857142857	-2.4898809523809522	-0.33571428571428569	-2.4898809523809522	0	1	90	7.3478807948841188e-16	6.4047619047619051	-1	-9.0	5.4047619047619051	0.0	-5.5952380952380949	1	-1
0.4369959831237793	0	-0.27976190476190477	-2.6297619047619047	-0.27976190476190477	-2.6297619047619047	0	1	90	7.3478807948841188e-16	6.4047619047619051	-1	-9.0	5.4047619047619051	0.0	-5.5952380952380949	1	-1
0.4535961151123047	0	-0.2517857142857143	-2.7136904761904761	-0.25178571428571428	-2.7136904761904761	0	1	90	7.3478807948841188e-16	6.4047619047619051	-1	-9.0	5.4047619047619051	0.0	-5.5952380952380949	1	-1
0.4702000617980957	0	-0.19583333333333333	-2.8815476190476192	-0.19583333333333333	-2.8815476190476192	0	1	90	7.3478807948841188e-16	6.4047619047619051	-1	-9.0	5.4047619047619051	0.0	-5.5952380952380949	1	-1
0.48683905601501465	0	-0.16785714285714284	-2.9934523809523808	-0.16785714285714284	-2.9934523809523808	0	1	90	7.3478807948841188e-16	6.4047619047619051	-1	-9.0	5.4047619047619051	0.0	-5.5952380952380949	1	-1
0.5031139850616455	0	-0.11190476190476191	-3.2172619047619047	-0.11190476190476191	-3.2172619047619047	0	1	90	7.3478807948841188e-16	6.4047619047619051	-1	-9.0	5.4047619047619051	0.0	-5.5952380952380949	1	-1
0.5196740627288818	0	-0.08392857142857142	-3.4410714285714286	-0.083928571428571422	-3.4410714285714286	0	1	90	7.3478807948841188e-16	6.4047619047619051	-1	-9.0	5.4047619047619051	0.0	-5.5952380952380949	1	-1
0.5362629890441895	0	-0.08392857142857142	-3.5529761904761905	-0.083928571428571422	-3.5529761904761905	0	1	90	7.3478807948841188e-16	6.4047619047619051	-1	-9.0	5.4047619047619051	0.0	-5.5952380952380949	1	-1
0.5528759956359863	0	-0.08392857142857142	-3.7767857142857144	-0.083928571428571422	-3.7767857142857144	0	1	90	7.3478807948841188e-16	6.4047619047619051	-1	-9.0	5.4047619047619051	0.0	-5.5952380952380949	1	-1
0.5694599151611328	0	-0.11190476190476191	-4.0005952380952383	-0.11190476190476191	-4.0005952380952383	0	1	90	7.3478807948841188e-16	6.4047619047619051	-1	-9.0	5.4047619047619051	0.0	-5.5952380952380949	1	-1
0.586151123046875	0	-0.11190476190476191	-4.1124999999999998	-0.11190476190476191	-4.1124999999999998	0	1	90	7.3478807948841188e-16	6.4047619047619051	-1	-9.0	5.4047619047619051	0.0	-5.5952380952380949	1	-1
0.6026909351348877	0	-0.13988095238095238	-4.3083333333333336	-0.13988095238095238	-4.3083333333333336	0	1	90	7.3478807948841188e-16	6.4047619047619051	-1	-9.0	5.4047619047619051	0.0	-5.5952380952380949	1	-1
0.6193060874938965	0	-0.16785714285714284	-4.5041666666666664	-0.16785714285714284	-4.5041666666666664	0	1	90	7.3478807948841188e-16	6.4047619047619051	-1	-9.0	5.4047619047619051	0.0	-5.5952380952380949	1	-1
0.635869026184082	0	-0.16785714285714284	-4.5601190476190476	-0.16785714285714284	-4.5601190476190476	0	1	90	7.3478807948841188e-16	6.4047619047619051	-1	-9.0	5.4047619047619051	0.0	-5.5952380952380949	1	-1
0.6524310111999512	0	-0.16785714285714284	-4.7000000000000002	-0.16785714285714284	-4.7000000000000002	0	1	90	7.3478807948841188e-16	6.4047619047619051	-1	-9.0	5.4047619047619051	0.0	-5.5952380952380949	1	-1
0.6690208911895752	0	-0.16785714285714284	-4.8398809523809527	-0.16785714285714284	-4.8398809523809527	0	1	90	7.3478807948841188e-16	6.4047619047619051	-1	-9.0	5.4047619047619051	0.0	-5.5952380952380949	1	-1
0.6858110427856445	0	-0.16785714285714284	-4.895833333333333	-0.16785714285714284	-4.895833333333333	0	1	90	7.3478807948841188e-16	6.4047619047619051	-1	-9.0	5.4047619047619051	0.0	-5.5952380952380949	1	-1
0.7022900581359863	0	-0.13988095238095238	-4.9797619047619044	-0.13988095238095238	-4.9797619047619044	0	1	90	7.3478807948841188e-16	6.4047619047619051	-1	-9.0	5.4047619047619051	0.0	-5.5952380952380949	1	-1
0.7188210487365723	0	-0.13988095238095238	-5.0636904761904766	-0.13988095238095238	-5.0636904761904766	0	1	90	7.3478807948841188e-16	6.4047619047619051	-1	-9.0	5.4047619047619051	0.0	-5.5952380952380949	1	-1
0.7354090213775635	0	-0.16785714285714284	-5.0916666666666668	-0.16785714285714284	-5.0916666666666668	0	1	90	7.3478807948841188e-16	6.4047619047619051	-1	-9.0	5.4047619047619051	0.0	-5.5952380952380949	1	-1
0.7520411014556885	0	-0.16785714285714284	-5.2035714285714283	-0.16785714285714284	-5.2035714285714283	0	1	90	7.3478807948841188e-16	6.4047619047619051	-1	-9.0	5.4047619047619051	0.0	-5.5952380952380949	1	-1
0.768557071685791	0	-0.19583333333333333	-5.3154761904761907	-0.19583333333333333	-5.3154761904761907	0	1	90	7.3478807948841188e-16	6.4047619047619051	-1	-9.0	5.4047619047619051	0.0	-5.5952380952380949	1	-1
0.7852599620819092	0	-0.22380952380952382	-5.371428571428571	-0.22380952380952382	-5.371428571428571	0	1	90	7.3478807948841188e-16	6.4047619047619051	-1	-9.0	5.4047619047619051	0.0	-5.5952380952380949	1	-1
0.8018319606781006	0	-0.2517857142857143	-5.5113095238095235	-0.25178571428571428	-5.5113095238095235	0	1	90	7.3478807948841188e-16	6.4047619047619051	-1	-9.0	5.4047619047619051	0.0	-5.5952380952380949	1	-1
0.8184330463409424	0	-0.27976190476190477	-5.6232142857142859	-0.27976190476190477	-5.6232142857142859	0	1	90	7.3478807948841188e-16	6.4047619047619051	-1	-9.0	5.4047619047619051	0.0	-5.5952380952380949	1	-1
0.835191011428833	0	-0.27976190476190477	-5.6511904761904761	-0.27976190476190477	-5.6511904761904761	0	1	90	7.3478807948841188e-16	6.4047619047619051	-1	-9.0	5.4047619047619051	0.0	-5.5952380952380949	1	-1
0.8518509864807129	0	-0.27976190476190477	-5.7071428571428573	-0.27976190476190477	-5.7071428571428573	0	1	90	7.3478807948841188e-16	6.4047619047619051	-1	-9.0	5.4047619047619051	0.0	-5.5952380952380949	1	-1
0.8684279918670654	0	-0.27976190476190477	-5.7071428571428573	-0.27976190476190477	-5.7071428571428573	0	1	90	7.3478807948841188e-16	6.4047619047619051	-1	-9.0	5.4047619047619051	0.0	-5.5952380952380949	1	-1
0.8850769996643066	0	-0.2517857142857143	-5.7071428571428573	-0.25178571428571428	-5.7071428571428573	0	1	90	7.3478807948841188e-16	6.4047619047619051	-1	-9.0	5.4047619047619051	0.0	-5.5952380952380949	1	-1
0.9017009735107422	0	-0.2517857142857143	-5.7071428571428573	-0.25178571428571428	-5.7071428571428573	0	1	90	7.3478807948841188e-16	6.4047619047619051	-1	-9.0	5.4047619047619051	0.0	-5.5952380952380949	1	-1
0.9182260036468506	0	-0.2517857142857143	-5.7071428571428573	-0.25178571428571428	-5.7071428571428573	0	1	90	7.3478807948841188e-16	6.4047619047619051	-1	-9.0	5.4047619047619051	0.0	-5.5952380952380949	1	-1
0.9348049163818359	0	-0.2517857142857143	-5.7071428571428573	-0.25178571428571428	-5.7071428571428573	0	1	90	7.3478807948841188e-16	6.4047619047619051	-1	-9.0	5.4047619047619051	0.0	-5.5952380952380949	1	-1
0.9514660835266113	0	-0.2517857142857143	-5.7071428571428573	-0.25178571428571428	-5.7071428571428573	0	1	90	7.3478807948841188e-16	6.4047619047619051	-1	-9.0	5.4047619047619051	0.0	-5.5952380952380949	1	-1
0.9680008888244629	0	-0.2517857142857143	-5.7071428571428573	-0.25178571428571428	-5.7071428571428573	0	1	90	7.3478807948841188e-16	6.4047619047619051	-1	-9.0	5.4047619047619051	0.0	-5.5952380952380949	1	-1
0.9845499992370605	0	-0.22380952380952382	-5.7071428571428573	-0.22380952380952382	-5.7071428571428573	0	1	90	7.3478807948841188e-16	6.4047619047619051	-1	-9.0	5.4047619047619051	0.0	-5.5952380952380949	1	-1
1.0009820461273193	0	-0.22380952380952382	-5.7071428571428573	-0.22380952380952382	-5.7071428571428573	0	1	90	7.3478807948841188e-16	6.4047619047619051	-1	-9.0	5.4047619047619051	0.0	-5.5952380952380949	1	-1
1.0175559520721436	0	-0.22380952380952382	-5.7071428571428573	-0.22380952380952382	-5.7071428571428573	0	1	90	7.3478807948841188e-16	6.4047619047619051	-1	-9.0	5.4047619047619051	0.0	-5.5952380952380949	1	-1
1.0341389179229736	0	-0.22380952380952382	-5.7071428571428573	-0.22380952380952382	-5.7071428571428573	0	1	90	7.3478807948841188e-16	6.4047619047619051	-1	-9.0	5.4047619047619051	0.0	-5.5952380952380949	1	-1
1.050689935684204	0	-0.22380952380952382	-5.7071428571428573	-0.22380952380952382	-5.7071428571428573	0	1	90	7.3478807948841188e-16	6.4047619047619051	-1	-9.0	5.4047619047619051	0.0	-5.5952380952380949	1	-1
1.0672829151153564	0	-0.22380952380952382	-5.7071428571428573	-0.22380952380952382	-5.7071428571428573	0	1	90	7.3478807948841188e-16	6.4047619047619051	-1	-9.0	5.4047619047619051	0.0	-5.5952380952380949	1	-1
1.0839099884033203	0	-0.22380952380952382	-5.7071428571428573	-0.22380952380952382	-5.7071428571428573	0	1	90	7.3478807948841188e-16	6.4047619047619051	-1	-9.0	5.4047619047619051	0.0	-5.5952380952380949	1	-1
1.1005480289459229	0	-0.22380952380952382	-5.7071428571428573	-0.22380952380952382	-5.7071428571428573	0	1	90	7.3478807948841188e-16	6.4047619047619051	-1	-9.0	5.4047619047619051	0.0	-5.5952380952380949	1	-1
1.1170809268951416	0	-0.2517857142857143	-5.7071428571428573	-0.25178571428571428	-5.7071428571428573	0	1	90	7.3478807948841188e-16	6.4047619047619051	-1	-9.0	5.4047619047619051	0.0	-5.5952380952380949	1	-1
1.1336779594421387	0	-0.2517857142857143	-5.7071428571428573	-0.25178571428571428	-5.7071428571428573	0	1	90	7.3478807948841188e-16	6.4047619047619051	-1	-9.0	5.4047619047619051	0.0	-5.5952380952380949	1	-1
1.150557041168213	0	-0.2517857142857143	-5.7071428571428573	-0.25178571428571428	-5.7071428571428573	0	1	90	7.3478807948841188e-16	6.4047619047619051	-1	-9.0	5.4047619047619051	0.0	-5.5952380952380949	1	-1
1.167011022567749	0	-0.2517857142857143	-5.7071428571428573	-0.25178571428571428	-5.7071428571428573	0	1	90	7.3478807948841188e-16	6.4047619047619051	-1	-9.0	5.4047619047619051	0.0	-5.5952380952380949	1	-1
1.1837339401245117	0	-0.2517857142857143	-5.7071428571428573	-0.25178571428571428	-5.7071428571428573	0	1	90	7.3478807948841188e-16	6.4047619047619051	-1	-9.0	5.4047619047619051	0.0	-5.5952380952380949	1	-1
1.200364112854004	0	-0.2517857142857143	-5.7071428571428573	-0.25178571428571428	-5.7071428571428573	0	1	90	7.3478807948841188e-16	6.4047619047619051	-1	-9.0	5.4047619047619051	0.0	-5.5952380952380949	1	-1
1.2169771194458008	0	-0.2517857142857143	-5.7071428571428573	-0.25178571428571428	-5.7071428571428573	0	1	90	7.3478807948841188e-16	6.4047619047619051	-1	-9.0	5.4047619047619051	0.0	-5.5952380952380949	1	-1
1.2335050106048584	0	-0.2517857142857143	-5.7071428571428573	-0.25178571428571428	-5.7071428571428573	0	1	90	7.3478807948841188e-16	6.4047619047619051	-1	-9.0	5.4047619047619051	0.0	-5.5952380952380949	1	-1
1.2500479221343994	0	-0.2517857142857143	-5.7071428571428573	-0.25178571428571428	-5.7071428571428573	0	1	90	7.3478807948841188e-16	6.4047619047619051	-1	-9.0	5.4047619047619051	0.0	-5.5952380952380949	1	-1
1.266653060913086	0	-0.2517857142857143	-5.7071428571428573	-0.25178571428571428	-5.7071428571428573	0	1	90	7.3478807948841188e-16	6.4047619047619051	-1	-9.0	5.4047619047619051	0.0	-5.5952380952380949	1	-1
1.2833490371704102	0	-0.2517857142857143	-5.7071428571428573	-0.25178571428571428	-5.7071428571428573	0	1	90	7.3478807948841188e-16	6.4047619047619051	-1	-9.0	5.4047619047619051	0.0	-5.5952380952380949	1	-1
1.2999780178070068	0	-0.2517857142857143	-5.7071428571428573	-0.25178571428571428	-5.7071428571428573	0	1	90	7.3478807948841188e-16	6.4047619047619051	-1	-9.0	5.4047619047619051	0.0	-5.5952380952380949	1	-1
1.3162379264831543	0	-0.2517857142857143	-5.7071428571428573	-0.25178571428571428	-5.7071428571428573	0	1	90	7.3478807948841188e-16	6.4047619047619051	-1	-9.0	5.4047619047619051	0.0	-5.5952380952380949	1	-1
1.3327970504760742	0	-0.2517857142857143	-5.7071428571428573	-0.25178571428571428	-5.7071428571428573	0	1	90	7.3478807948841188e-16	6.4047619047619051	-1	-9.0	5.4047619047619051	0.0	-5.5952380952380949	1	-1
1.3494648933410645	0	-0.2517857142857143	-5.7071428571428573	-0.25178571428571428	-5.7071428571428573	0	1	90	7.3478807948841188e-16	6.4047619047619051	-1	-9.0	5.4047619047619051	0.0	-5.5952380952380949	1	-1
1.3660058975219727	0	-0.2517857142857143	-5.7071428571428573	-0.25178571428571428	-5.7071428571428573	0	1	90	7.3478807948841188e-16	6.4047619047619051	-1	-9.0	5.4047619047619051	0.0	-5.5952380952380949	1	-1
1.3825790882110596	0	-0.2517857142857143	-5.7071428571428573	-0.25178571428571428	-5.7071428571428573	0	1	90	7.3478807948841188e-16	6.4047619047619051	-1	-9.0	5.4047619047619051	0.0	-5.5952380952380949	1	-1
1.3992419242858887	0	-0.2517857142857143	-5.6791666666666663	-0.25178571428571428	-5.6791666666666663	0	1	90	7.3478807948841188e-16	6.4047619047619051	-1	-9.0	5.4047619047619051	0.0	-5.5952380952380949	1	-1
1.4158170223236084	0	-0.2517857142857143	-5.6791666666666663	-0.25178571428571428	-5.6791666666666663	0	1	90	7.3478807948841188e-16	6.4047619047619051	-1	-9.0	5.4047619047619051	0.0	-5.5952380952380949	1	-1
1.432352066040039	0	-0.27976190476190477	-5.6511904761904761	-0.27976190476190477	-5.6511904761904761	0	1	90	7.3478807948841188e-16	6.4047619047619051	-1	-9.0	5.4047619047619051	0.0	-5.5952380952380949	1	-1
1.4489359855651855	0	-0.30773809523809526	-5.5952380952380949	-0.30773809523809526	-5.5952380952380949	0	1	90	7.3478807948841188e-16	6.4047619047619051	-1	-9.0	5.4047619047619051	0.0	-5.5952380952380949	1	-1
1.4655420780181885	0	-0.3357142857142857	-5.5392857142857146	-0.33571428571428569	-5.5392857142857146	0	1	90	7.3478807948841188e-16	6.4047619047619051	-1	-9.0	5.4047619047619051	0.0	-5.5952380952380949	1	-1
1.4824309349060059	0	-0.39166666666666666	-5.4553571428571432	-0.39166666666666666	-5.4553571428571432	0	1	90	7.3478807948841188e-16	6.4047619047619051	-1	-9.0	5.4047619047619051	0.0	-5.5952380952380949	1	-1
1.499108076095581	0	-0.41964285714285715	-5.4273809523809522	-0.41964285714285715	-5.4273809523809522	0	1	90	7.3478807948841188e-16	6.4047619047619051	-1	-9.0	5.4047619047619051	0.0	-5.5952380952380949	1	-1
1.5155820846557617	0	-0.44761904761904764	-5.2874999999999996	-0.44761904761904764	-5.2874999999999996	0	1	90	7.3478807948841188e-16	6.4047619047619051	-1	-9.0	5.4047619047619051	0.0	-5.5952380952380949	1	-1
1.5322110652923584	0	-0.5035714285714286	-5.1196428571428569	-0.50357142857142856	-5.1196428571428569	0	1	90	7.3478807948841188e-16	6.4047619047619051	-1	-9.0	5.4047619047619051	0.0	-5.5952380952380949	1	-1
1.5488409996032715	0	-0.5595238095238095	-4.9238095238095241	-0.55952380952380953	-4.9238095238095241	0	1	90	7.3478807948841188e-16	6.4047619047619051	-1	-9.0	5.4047619047619051	0.0	-5.5952380952380949	1	-1
1.5654139518737793	0	-0.5595238095238095	-4.8119047619047617	-0.55952380952380953	-4.8119047619047617	0	1	90	7.3478807948841188e-16	6.4047619047619051	-1	-9.0	5.4047619047619051	0.0	-5.5952380952380949	1	-1
1.581960916519165	0	-0.5875	-4.5880952380952378	-0.58750000000000002	-4.5880952380952378	0	1	90	7.3478807948841188e-16	6.4047619047619051	-1	-9.0	5.4047619047619051	0.0	-5.5952380952380949	1	-1
1.5986480712890625	0	-0.6154761904761905	-4.4482142857142861	-0.61547619047619051	-4.4482142857142861	0	1	90	7.3478807948841188e-16	6.4047619047619051	-1	-9.0	5.4047619047619051	0.0	-5.5952380952380949	1	-1
1.6151320934295654	0	-0.643452380952381	-4.168452380952381	-0.643452380952381	-4.168452380952381	0	1	90	7.3478807948841188e-16	6.4047619047619051	-1	-9.0	5.4047619047619051	0.0	-5.5952380952380949	1	-1
1.6314849853515625	0	-0.6714285714285714	-3.8607142857142858	-0.67142857142857137	-3.8607142857142858	0	1	90	7.3478807948841188e-16	6.4047619047619051	-1	-9.0	5.4047619047619051	0.0	-5.5952380952380949	1	-1
1.6480751037597656	0	-0.6714285714285714	-3.6928571428571431	-0.67142857142857137	-3.6928571428571431	0	1	90	7.3478807948841188e-16	6.4047619047619051	-1	-9.0	5.4047619047619051	0.0	-5.5952380952380949	1	-1
1.664654016494751	0	-0.6714285714285714	-3.3571428571428572	-0.67142857142857137	-3.3571428571428572	0	1	90	7.3478807948841188e-16	6.4047619047619051	-1	-9.0	5.4047619047619051	0.0	-5.5952380952380949	1	-1
1.681291103363037	0	-0.6154761904761905	-2.9654761904761906	-0.61547619047619051	-2.9654761904761906	0	2	90	7.3478807948841188e-16	6.4047619047619051	-1	-9.0	5.4047619047619051	0.0	-5.5952380952380949	1	-1
1.697904109954834	0	-0.5875	-2.7696428571428573	-0.58750000000000002	-2.7696428571428573	0	2	90	7.3478807948841188e-16	6.4047619047619051	-1	-9.0	5.4047619047619051	0.0	-5.5952380952380949	1	-1
1.7145071029663086	0	-0.5035714285714286	-2.3500000000000001	-0.50357142857142856	-2.3500000000000001	0	2	90	7.3478807948841188e-16	6.4047619047619051	-1	-9.0	5.4047619047619051	0.0	-5.5952380952380949	1	-1
1.7310659885406494	0	-0.39166666666666666	-1.8744047619047617	-0.39166666666666666	-1.8744047619047619	0	2	90	7.3478807948841188e-16	6.4047619047619051	-1	-9.0	5.4047619047619051	0.0	-5.5952380952380949	1	-1
1.747697114944458	0	-0.3357142857142857	-1.6505952380952378	-0.33571428571428569	-1.650595238095238	0	2	90	7.3478807948841188e-16	6.4047619047619051	-1	-9.0	5.4047619047619051	0.0	-5.5952380952380949	1	-1
1.7642419338226318	0	-0.22380952380952382	-1.1470238095238097	-0.22380952380952382	-1.1470238095238094	0	2	90	7.3478807948841188e-16	6.4047619047619051	-1	-9.0	5.4047619047619051	0.0	-5.5952380952380949	1	-1
1.7808260917663574	0	-0.11190476190476191	-0.67142857142857171	-0.11190476190476191	-0.67142857142857137	0	2	90	7.3478807948841188e-16	6.4047619047619051	-1	-9.0	5.4047619047619051	0.0	-5.5952380952380949	1	-1
1.7974190711975098	0	-0.055952380952380955	-0.41964285714285676	-0.055952380952380955	-0.41964285714285715	0	2	90	7.3478807948841188e-16	6.4047619047619051	-1	-9.0	5.4047619047619051	0.0	-5.5952380952380949	1	-1
1.8140909671783447	0	0.027976190476190477	0.055952380952381198	0.027976190476190477	0.055952380952380955	0	2	90	7.3478807948841188e-16	6.4047619047619051	-1	-9.0	5.4047619047619051	0.0	-5.5952380952380949	1	-1
1.8306500911712646	0	0.11190476190476191	0.53154761904761916	0.11190476190476191	0.53154761904761905	0	2	90	7.3478807948841188e-16	6.4047619047619051	-1	-9.0	5.4047619047619051	0.0	-5.5952380952380949	1	-1
1.847214937210083	0	0.13988095238095238	0.78333333333333321	0.13988095238095238	0.78333333333333333	0	2	90	7.3478807948841188e-16	6.4047619047619051	-1	-9.0	5.4047619047619051	0.0	-5.5952380952380949	1	-1
1.863806962966919	0	0.19583333333333333	1.2589285714285712	0.19583333333333333	1.2589285714285714	0	2	90	7.3478807948841188e-16	6.4047619047619051	-1	-9.0	5.4047619047619051	0.0	-5.5952380952380949	1	-1
1.8803989887237549	0	0.2517857142857143	1.706547619047619	0.25178571428571428	1.706547619047619	0	2	90	7.3478807948841188e-16	6.4047619047619051	-1	-9.0	5.4047619047619051	0.0	-5.5952380952380949	1	-1
1.8970239162445068	0	0.2517857142857143	1.9303571428571429	0.25178571428571428	1.9303571428571429	0	2	90	7.3478807948841188e-16	6.4047619047619051	-1	-9.0	5.4047619047619051	0.0	-5.5952380952380949	1	-1
1.9136810302734375	0	0.30773809523809526	2.3779761904761907	0.30773809523809526	2.3779761904761907	0	2	90	7.3478807948841188e-16	6.4047619047619051	-1	-9.0	5.4047619047619051	0.0	-5.5952380952380949	1	-1
1.9301939010620117	0	0.3357142857142857	2.7976190476190474	0.33571428571428569	2.7976190476190474	0	2	90	7.3478807948841188e-16	6.4047619047619051	-1	-9.0	5.4047619047619051	0.0	-5.5952380952380949	1	-1
1.9468200206756592	0	0.3357142857142857	2.9934523809523803	0.33571428571428569	2.9934523809523808	0	2	90	7.3478807948841188e-16	6.4047619047619051	-1	-9.0	5.4047619047619051	0.0	-5.5952380952380949	1	-1
1.9633839130401611	0	0.3636904761904762	3.3571428571428577	0.36369047619047618	3.3571428571428572	0	2	90	7.3478807948841188e-16	6.4047619047619051	-1	-9.0	5.4047619047619051	0.0	-5.5952380952380949	1	-1
1.9799559116363525	0	0.3636904761904762	3.4970238095238102	0.36369047619047618	3.4970238095238093	0	2	90	7.3478807948841188e-16	6.4047619047619051	-1	-9.0	5.4047619047619051	0.0	-5.5952380952380949	1	-1
1.9965100288391113	0	0.3357142857142857	3.8047619047619037	0.33571428571428569	3.8047619047619046	0	2	90	7.3478807948841188e-16	6.4047619047619051	-1	-9.0	5.4047619047619051	0.0	-5.5952380952380949	1	-1
2.0132250785827637	0	0.30773809523809526	4.1125000000000007	0.30773809523809526	4.1124999999999998	0	2	90	7.3478807948841188e-16	6.4047619047619051	-1	-9.0	5.4047619047619051	0.0	-5.5952380952380949	1	-1
2.029750108718872	0	0.2517857142857143	4.3922619047619058	0.25178571428571428	4.3922619047619049	0	2	90	7.3478807948841188e-16	6.4047619047619051	-1	-9.0	5.4047619047619051	0.0	-5.5952380952380949	1	-1
2.046358108520508	0	0.22380952380952382	4.5321428571428584	0.22380952380952382	4.5321428571428575	0	2	90	7.3478807948841188e-16	6.4047619047619051	-1	-9.0	5.4047619047619051	0.0	-5.5952380952380949	1	-1
2.0629079341888428	0	0.19583333333333333	4.7839285714285715	0.19583333333333333	4.7839285714285715	0	2	90	7.3478807948841188e-16	6.4047619047619051	-1	-9.0	5.4047619047619051	0.0	-5.5952380952380949	1	-1
2.0795910358428955	0	0.19583333333333333	4.8958333333333321	0.19583333333333333	4.895833333333333	0	2	90	7.3478807948841188e-16	6.4047619047619051	-1	-9.0	5.4047619047619051	0.0	-5.5952380952380949	1	-1
2.0961239337921143	0	0.16785714285714284	5.0636904761904766	0.16785714285714284	5.0636904761904766	0	2	90	7.3478807948841188e-16	6.4047619047619051	-1	-9.0	5.4047619047619051	0.0	-5.5952380952380949	1	-1
2.1127519607543945	0	0.13988095238095238	5.2035714285714292	0.13988095238095238	5.2035714285714283	0	2	90	7.3478807948841188e-16	6.4047619047619051	-1	-9.0	5.4047619047619051	0.0	-5.5952380952380949	1	-1
2.129556894302368	0	0.11190476190476191	5.2874999999999996	0.11190476190476191	5.2874999999999996	0	2	90	7.3478807948841188e-16	6.4047619047619051	-1	-9.0	5.4047619047619051	0.0	-5.5952380952380949	1	-1
2.1462290287017822	0	0.08392857142857142	5.3154761904761898	0.083928571428571422	5.3154761904761907	0	2	90	7.3478807948841188e-16	6.4047619047619051	-1	-9.0	5.4047619047619051	0.0	-5.5952380952380949	1	-1
2.162777900695801	0	0.08392857142857142	5.3434523809523817	0.083928571428571422	5.3434523809523808	0	2	90	7.3478807948841188e-16	6.4047619047619051	-1	-9.0	5.4047619047619051	0.0	-5.5952380952380949	1	-1
2.179373025894165	0	0.08392857142857142	5.3434523809523817	0.083928571428571422	5.3434523809523808	0	2	90	7.3478807948841188e-16	6.4047619047619051	-1	-9.0	5.4047619047619051	0.0	-5.5952380952380949	1	-1
2.195965051651001	0	0.08392857142857142	5.3434523809523817	0.083928571428571422	5.3434523809523808	0	2	90	7.3478807948841188e-16	6.4047619047619051	-1	-9.0	5.4047619047619051	0.0	-5.5952380952380949	1	-1
2.2125561237335205	0	0.08392857142857142	5.3434523809523817	0.083928571428571422	5.3434523809523808	0	2	90	7.3478807948841188e-16	6.4047619047619051	-1	-9.0	5.4047619047619051	0.0	-5.5952380952380949	1	-1
2.2291688919067383	0	0.08392857142857142	5.3434523809523817	0.083928571428571422	5.3434523809523808	0	2	90	7.3478807948841188e-16	6.4047619047619051	-1	-9.0	5.4047619047619051	0.0	-5.5952380952380949	1	-1
2.245767116546631	0	0.08392857142857142	5.3434523809523817	0.083928571428571422	5.3434523809523808	0	2	90	7.3478807948841188e-16	6.4047619047619051	-1	-9.0	5.4047619047619051	0.0	-5.5952380952380949	1	-1
2.262320041656494	0	0.08392857142857142	5.3434523809523817	0.083928571428571422	5.3434523809523808	0	2	90	7.3478807948841188e-16	6.4047619047619051	-1	-9.0	5.4047619047619051	0.0	-5.5952380952380949	1	-1
2.278980016708374	0	0.083928571428571422	5.3434523809523817	0.083928571428571422	5.3434523809523808	0	2	90	7.3478807948841188e-16	6.4047619047619051	-1	-9.0	5.4047619047619051	0.0	-5.5952380952380949	1	-1
2.2952558994293213	0	0.083928571428571422	5.3434523809523817	0.083928571428571422	5.3434523809523808	0	2	90	7.3478807948841188e-16	6.4047619047619051	-1	-9.0	5.4047619047619051	0.0	-5.5952380952380949	1	-1
2.311933994293213	0	0.083928571428571422	5.3434523809523817	0.083928571428571422	5.3434523809523808	0	3	90	7.3478807948841188e-16	6.4047619047619051	-1	-9.0	5.4047619047619051	0.0	-5.5952380952380949	1	-1
2.3284430503845215	0	0.083928571428571422	5.3434523809523817	0.083928571428571422	5.3434523809523808	0	4	90	7.3478807948841188e-16	6.4047619047619051	-1	-9.0	5.4047619047619051	0.0	-5.5952380952380949	1	-1
2.345089912414551	0	0.083928571428571422	5.3434523809523817	0.083928571428571422	5.3434523809523808	0	4	90	7.3478807948841188e-16	6.4047619047619051	-1	-9.0	5.4047619047619051	0.0	-5.5952380952380949	1	-1
2.3616321086883545	0	0.083928571428571422	5.3434523809523817	0.083928571428571422	5.3434523809523808	0	4	90	7.3478807948841188e-16	6.4047619047619051	-1	-9.0	5.4047619047619051	0.0	-5.5952380952380949	1	-1
2.3782219886779785	0	0.083928571428571422	5.3434523809523817	0.083928571428571422	5.3434523809523808	0	4	90	7.3478807948841188e-16	6.4047619047619051	-1	-9.0	5.4047619047619051	0.0	-5.5952380952380949	1	-1
2.3948140144348145	0	0.083928571428571422	5.3434523809523817	0.083928571428571422	5.3434523809523808	0	4	90	7.3478807948841188e-16	6.4047619047619051	-1	-9.0	5.4047619047619051	0.0	-5.5952380952380949	1	-1
2.411489963531494	0	0.083928571428571422	5.3434523809523817	0.083928571428571422	5.3434523809523808	0	4	90	7.3478807948841188e-16	6.4047619047619051	-1	-9.0	5.4047619047619051	0.0	-5.5952380952380949	1	-1
2.428009033203125	0	0.083928571428571422	5.3434523809523817	0.083928571428571422	5.3434523809523808	0	4	90	7.3478807948841188e-16	6.4047619047619051	-1	-9.0	5.4047619047619051	0.0	-5.5952380952380949	1	-1
2.444866895675659	0	0.083928571428571422	5.3434523809523817	0.083928571428571422	5.3434523809523808	0	4	90	7.3478807948841188e-16	6.4047619047619051	-1	-9.0	5.4047619047619051	0.0	-5.5952380952380949	1	-1
2.461474895477295	0	0.083928571428571422	5.3434523809523817	0.083928571428571422	5.3434523809523808	0	4	90	7.3478807948841188e-16	6.4047619047619051	-1	-9.0	5.4047619047619051	0.0	-5.5952380952380949	1	-1
2.4780819416046143	0	0.083928571428571422	5.3434523809523817	0.083928571428571422	5.3434523809523808	0	4	90	7.3478807948841188e-16	6.4047619047619051	-1	-9.0	5.4047619047619051	0.0	-5.5952380952380949	1	-1
2.494633913040161	0	0.083928571428571422	5.3434523809523817	0.083928571428571422	5.3434523809523808	0	4	90	7.3478807948841188e-16	6.4047619047619051	-1	-9.0	5.4047619047619051	0.0	-5.5952380952380949	1	-1
2.5112431049346924	0	0.083928571428571422	5.3434523809523817	0.083928571428571422	5.3434523809523808	0	4	90	7.3478807948841188e-16	6.4047619047619051	-1	-9.0	5.4047619047619051	0.0	-5.5952380952380949	1	-1
2.5278899669647217	0	0.083928571428571422	5.3434523809523817	0.083928571428571422	5.3434523809523808	0	4	90	7.3478807948841188e-16	6.4047619047619051	-1	-9.0	5.4047619047619051	0.0	-5.5952380952380949	1	-1
2.544451951980591	0	0.083928571428571422	5.3434523809523817	0.083928571428571422	5.3434523809523808	0	4	90	7.3478807948841188e-16	6.4047619047619051	-1	-9.0	5.4047619047619051	0.0	-5.5952380952380949	1	-1
2.5610170364379883	0	0.083928571428571422	5.3434523809523817	0.083928571428571422	5.3434523809523808	0	4	90	7.3478807948841188e-16	6.4047619047619051	-1	-9.0	5.4047619047619051	0.0	-5.5952380952380949	1	-1
2.577613115310669	0	0.083928571428571422	5.3434523809523817	0.083928571428571422	5.3434523809523808	0	4	90	7.3478807948841188e-16	6.4047619047619051	-1	-9.0	5.4047619047619051	0.0	-5.5952380952380949	1	-1
2.5941789150238037	0	0.083928571428571422	5.3434523809523817	0.083928571428571422	5.3434523809523808	0	4	90	7.3478807948841188e-16	6.4047619047619051	-1	-9.0	5.4047619047619051	0.0	-5.5952380952380949	1	-1
2.6105639934539795	0	0.083928571428571422	5.3434523809523817	0.083928571428571422	5.3434523809523808	0	4	90	7.3478807948841188e-16	6.4047619047619051	-1	-9.0	5.4047619047619051	0.0	-5.5952380952380949	1	-1
2.6271979808807373	0	0.083928571428571422	5.3434523809523817	0.083928571428571422	5.3434523809523808	0	4	90	7.3478807948841188e-16	6.4047619047619051	-1	-9.0	5.4047619047619051	0.0	-5.5952380952380949	1	-1
2.6437458992004395	0	0.083928571428571422	5.3434523809523817	0.083928571428571422	5.3434523809523808	0	4	90	7.3478807948841188e-16	6.4047619047619051	-1	-9.0	5.4047619047619051	0.0	-5.5952380952380949	1	-1
2.660306930541992	0	0.083928571428571422	5.3434523809523817	0.083928571428571422	5.3434523809523808	0	4	90	7.3478807948841188e-16	6.4047619047619051	-1	-9.0	5.4047619047619051	0.0	-5.5952380952380949	1	-1
2.6769769191741943	0	0.083928571428571422	5.3434523809523817	0.083928571428571422	5.3434523809523808	0	4	90	7.3478807948841188e-16	6.4047619047619051	-1	-9.0	5.4047619047619051	0.0	-5.5952380952380949	1	-1
2.693505048751831	0	0.083928571428571422	5.3434523809523817	0.083928571428571422	5.3434523809523808	0	4	90	7.3478807948841188e-16	6.4047619047619051	-1	-9.0	5.4047619047619051	0.0	-5.5952380952380949	1	-1
2.7101080417633057	0	0.083928571428571422	5.3434523809523817	0.083928571428571422	5.3434523809523808	0	4	90	7.3478807948841188e-16	6.4047619047619051	-1	-9.0	5.4047619047619051	0.0	-5.5952380952380949	1	-1
2.7267589569091797	0	0.055952380952380955	5.3434523809523817	0.055952380952380955	5.3434523809523808	0	4	90	7.3478807948841188e-16	6.4047619047619051	-1	-9.0	5.4047619047619051	0.0	-5.5952380952380949	1	-1
2.7433509826660156	0	-0.027976190476190481	5.3434523809523817	-0.027976190476190477	5.3434523809523808	0	4	90	7.3478807948841188e-16	6.4047619047619051	-1	-9.0	5.4047619047619051	0.0	-5.5952380952380949	1	-1
2.759876012802124	0	-0.083928571428571436	5.3434523809523817	-0.083928571428571422	5.3434523809523808	0	4	90	7.3478807948841188e-16	6.4047619047619051	-1	-9.0	5.4047619047619051	0.0	-5.5952380952380949	1	-1
2.776746988296509	0	-0.25178571428571428	5.3434523809523817	-0.25178571428571428	5.3434523809523808	0	4	90	7.3478807948841188e-16	6.4047619047619051	-1	-9.0	5.4047619047619051	0.0	-5.5952380952380949	1	-1
2.7933390140533447	0	-0.53154761904761905	5.3434523809523817	-0.53154761904761905	5.3154761904761907	0	4	90	7.3478807948841188e-16	6.4047619047619051	-1	-9.0	5.4047619047619051	0.0	-5.5952380952380949	1	-1
2.809951066970825	0	-0.69940476190476186	5.3434523809523817	-0.69940476190476186	5.2874999999999996	0	4	90	7.3478807948841188e-16	6.4047619047619051	-1	-9.0	5.4047619047619051	0.0	-5.5952380952380949	1	-1
2.8266050815582275	0	-1.1190476190476191	5.3434523809523817	-1.1190476190476191	5.2315476190476193	0	4	90	7.3478807948841188e-16	6.4047619047619051	-1	-9.0	5.4047619047619051	0.0	-5.5952380952380949	1	-1
2.8431410789489746	0	-1.6785714285714286	5.3434523809523817	-1.6785714285714286	5.147619047619048	0	4	90	7.3478807948841188e-16	6.4047619047619051	-1	-9.0	5.4047619047619051	0.0	-5.5952380952380949	1	-1
2.8597190380096436	0	-2.0422619047619048	5.3434523809523817	-2.0422619047619048	5.0916666666666668	0	4	90	7.3478807948841188e-16	6.4047619047619051	-1	-9.0	5.4047619047619051	0.0	-5.5952380952380949	1	-1
2.876347064971924	0	-2.825595238095238	5.3434523809523817	-2.825595238095238	4.9797619047619044	0	4	90	7.3478807948841188e-16	6.4047619047619051	-1	-9.0	5.4047619047619051	0.0	-5.5952380952380949	1	-1
2.8929269313812256	0	-3.7488095238095238	5.3434523809523817	-3.7488095238095238	4.8119047619047617	0	4	90	7.3478807948841188e-16	6.4047619047619051	-1	-9.0	5.4047619047619051	0.0	-5.5952380952380949	1	-1
2.9095070362091064	0	-4.2523809523809524	5.3434523809523817	-4.2523809523809524	4.7279761904761903	0	4	90	7.3478807948841188e-16	6.4047619047619051	-1	-9.0	5.4047619047619051	0.0	-5.5952380952380949	1	-1
2.9261250495910645	0	-5.399404761904762	5.3434523809523817	-5.399404761904762	4.5321428571428575	0	4	90	7.3478807948841188e-16	6.4047619047619051	-1	-9.0	5.4047619047619051	0.0	-5.5952380952380949	1	-1
2.9424710273742676	0	-6.6303571428571431	5.3434523809523817	-6.6303571428571431	4.3083333333333336	0	4	90	7.3478807948841188e-16	6.4047619047619051	-1	-9.0	5.4047619047619051	0.0	-5.5952380952380949	1	-1
2.9590070247650146	0	-7.3017857142857139	5.3434523809523817	-7.3017857142857139	4.1964285714285712	0	4	90	7.3478807948841188e-16	6.4047619047619051	-1	-9.0	5.4047619047619051	0.0	-5.5952380952380949	1	-1
2.975625991821289	0	-8.6166666666666671	5.3434523809523817	-8.6166666666666671	3.9446428571428571	0	4	90	7.3478807948841188e-16	6.4047619047619051	-1	-9.0	5.4047619047619051	0.0	-5.5952380952380949	1	-1
2.9921860694885254	0	-9.2601190476190478	5.3434523809523817	-9.2601190476190478	3.8047619047619046	0	4	90	7.3478807948841188e-16	6.4047619047619051	-1	-9.0	5.4047619047619051	0.0	-5.5952380952380949	1	-1
3.0087730884552	0	-10.435119047619047	3.5529761904761905	-10.435119047619047	3.5529761904761905	0	4	90	7.3478807948841188e-16	6.4047619047619051	-1	-9.0	5.4047619047619051	0.0	-5.5952380952380949	1	-1
3.0254359245300293	0	-11.358333333333333	3.3291666666666657	-11.358333333333333	3.3291666666666666	0	4	90	7.3478807948841188e-16	6.4047619047619051	-1	-9.0	5.4047619047619051	0.0	-5.5952380952380949	1	-1
3.041996955871582	0	-12.113690476190476	3.1333333333333329	-12.113690476190476	3.1333333333333333	0	4	90	7.3478807948841188e-16	6.4047619047619051	-1	-9.0	5.4047619047619051	0.0	-5.5952380952380949	1	-1
3.0585789680480957	0	-12.449404761904763	3.0494047619047624	-12.449404761904763	3.049404761904762	0	4	90	7.3478807948841188e-16	6.4047619047619051	-1	-9.0	5.4047619047619051	0.0	-5.5952380952380949	1	-1
3.0751941204071045	0	-12.95297619047619	2.9095238095238098	-12.952976190476191	2.9095238095238094	0	5	90	7.3478807948841188e-16	6.4047619047619051	-1	-9.0	5.4047619047619051	0.0	-5.5952380952380949	1	-1
3.0920491218566895	0	-13.148809523809524	2.8255952380952376	-13.148809523809524	2.825595238095238	0	5	90	7.3478807948841188e-16	6.4047619047619051	-1	-9.0	5.4047619047619051	0.0	-5.5952380952380949	1	-1
3.1085989475250244	0	-13.428571428571429	2.7136904761904752	-13.428571428571429	2.7136904761904761	0	5	90	7.3478807948841188e-16	6.4047619047619051	-1	-9.0	5.4047619047619051	0.0	-5.5952380952380949	1	-1
3.1252450942993164	0	-13.5125	2.6017857142857146	-13.512499999999999	2.6017857142857141	0	5	90	7.3478807948841188e-16	6.4047619047619051	-1	-9.0	5.4047619047619051	0.0	-5.5952380952380949	1	-1
3.141839027404785	0	-13.456547619047619	2.4898809523809522	-13.456547619047619	2.4898809523809522	0	5	90	7.3478807948841188e-16	6.4047619047619051	-1	-9.0	5.4047619047619051	0.0	-5.5952380952380949	1	-1
3.1584360599517822	0	-13.372619047619047	2.4059523809523817	-13.372619047619047	2.4059523809523808	0	5	90	7.3478807948841188e-16	6.4047619047619051	-1	-9.0	5.4047619047619051	0.0	-5.5952380952380949	1	-1
3.1750009059906006	0	-13.092857142857143	2.2101190476190471	-13.092857142857143	2.2101190476190475	0	5	90	7.3478807948841188e-16	6.4047619047619051	-1	-9.0	5.4047619047619051	0.0	-5.5952380952380949	1	-1
3.1916089057922363	0	-12.897023809523809	2.0982142857142856	-12.897023809523809	2.0982142857142856	0	5	90	7.3478807948841188e-16	6.4047619047619051	-1	-9.0	5.4047619047619051	0.0	-5.5952380952380949	1	-1
3.208189010620117	0	-12.42142857142857	1.8744047619047617	-12.421428571428571	1.8744047619047619	0	5	90	7.3478807948841188e-16	6.4047619047619051	-1	-9.0	5.4047619047619051	0.0	-5.5952380952380949	1	-1
3.224764108657837	0	-11.833928571428572	1.6226190476190476	-11.833928571428572	1.6226190476190476	0	5	90	7.3478807948841188e-16	6.4047619047619051	-1	-9.0	5.4047619047619051	0.0	-5.5952380952380949	1	-1
3.241441011428833	0	-11.13452380952381	1.3148809523809524	-11.134523809523809	1.3148809523809524	0	5	90	7.3478807948841188e-16	6.4047619047619051	-1	-9.0	5.4047619047619051	0.0	-5.5952380952380949	1	-1
3.2577149868011475	0	-10.770833333333334	1.1749999999999998	-10.770833333333334	1.175	0	5	90	7.3478807948841188e-16	6.4047619047619051	-1	-9.0	5.4047619047619051	0.0	-5.5952380952380949	1	-1
3.274358034133911	0	-9.9875	0.81130952380952337	-9.9875000000000007	0.81130952380952381	0	5	90	7.3478807948841188e-16	6.4047619047619051	-1	-9.0	5.4047619047619051	0.0	-5.5952380952380949	1	-1
3.2908968925476074	0	-9.567857142857143	0.61547619047619051	-9.5678571428571431	0.61547619047619051	0	5	90	7.3478807948841188e-16	6.4047619047619051	-1	-9.0	5.4047619047619051	0.0	-5.5952380952380949	1	-1
3.3074800968170166	0	-8.700595238095238	0.19583333333333375	-8.7005952380952376	0.19583333333333333	0	5	90	7.3478807948841188e-16	6.4047619047619051	-1	-9.0	5.4047619047619051	0.0	-5.5952380952380949	1	-1
3.3240671157836914	0	-7.833333333333333	-0.25178571428571406	-7.833333333333333	-0.25178571428571428	0	5	90	7.3478807948841188e-16	6.4047619047619051	-1	-9.0	5.4047619047619051	0.0	-5.5952380952380949	1	-1
3.3407089710235596	0	-6.938095238095238	-0.72738095238095202	-6.9380952380952383	-0.72738095238095235	0	5	90	7.3478807948841188e-16	6.4047619047619051	-1	-9.0	5.4047619047619051	0.0	-5.5952380952380949	1	-1
3.357245922088623	0	-6.4904761904761905	-0.95119047619047592	-6.4904761904761905	-0.95119047619047614	0	5	90	7.3478807948841188e-16	6.4047619047619051	-1	-9.0	5.4047619047619051	0.0	-5.5952380952380949	1	-1
3.3738160133361816	0	-5.595238095238095	-1.4267857142857139	-5.5952380952380949	-1.4267857142857143	0	5	90	7.3478807948841188e-16	6.4047619047619051	-1	-9.0	5.4047619047619051	0.0	-5.5952380952380949	1	-1
3.3904500007629395	0	-5.175595238095238	-1.6785714285714288	-5.1755952380952381	-1.6785714285714286	0	5	90	7.3478807948841188e-16	6.4047619047619051	-1	-9.0	5.4047619047619051	0.0	-5.5952380952380949	1	-1
3.407099962234497	0	-4.336309523809524	-2.1261904761904762	-4.3363095238095237	-2.1261904761904762	0	5	90	7.3478807948841188e-16	6.4047619047619051	-1	-9.0	5.4047619047619051	0.0	-5.5952380952380949	1	-1
3.4239161014556885	0	-3.5529761904761905	-2.573809523809524	-3.5529761904761905	-2.573809523809524	0	5	90	7.3478807948841188e-16	6.4047619047619051	-1	-9.0	5.4047619047619051	0.0	-5.5952380952380949	1	-1
3.4405529499053955	0	-2.8535714285714286	-2.9934523809523808	-2.8535714285714286	-2.9934523809523808	0	5	90	7.3478807948841188e-16	6.4047619047619051	-1	-9.0	5.4047619047619051	0.0	-5.5952380952380949	1	-1
3.457113027572632	0	-2.5458333333333334	-3.2172619047619047	-2.5458333333333334	-3.2172619047619047	0	5	90	7.3478807948841188e-16	6.4047619047619051	-1	-9.0	5.4047619047619051	0.0	-5.5952380952380949	1	-1
3.4737329483032227	0	-1.9583333333333333	-3.6089285714285713	-1.9583333333333333	-3.6089285714285713	0	5	90	7.3478807948841188e-16	6.4047619047619051	-1	-9.0	5.4047619047619051	0.0	-5.5952380952380949	1	-1
3.490288019180298	0	-1.706547619047619	-3.8047619047619046	-1.706547619047619	-3.8047619047619046	0	5	90	7.3478807948841188e-16	6.4047619047619051	-1	-9.0	5.4047619047619051	0.0	-5.5952380952380949	1	-1
3.506875991821289	0	-1.286904761904762	-4.1964285714285712	-1.286904761904762	-4.1964285714285712	0	5	90	7.3478807948841188e-16	6.4047619047619051	-1	-9.0	5.4047619047619051	0.0	-5.5952380952380949	1	-1
3.523488998413086	0	-0.9511904761904761	-4.5321428571428575	-0.95119047619047614	-4.5321428571428575	0	5	90	7.3478807948841188e-16	6.4047619047619051	-1	-9.0	5.4047619047619051	0.0	-5.5952380952380949	1	-1
3.5401461124420166	0	-0.7273809523809524	-4.8398809523809527	-0.72738095238095235	-4.8398809523809527	0	5	90	7.3478807948841188e-16	6.4047619047619051	-1	-9.0	5.4047619047619051	0.0	-5.5952380952380949	1	-1
3.5566608905792236	0	-0.643452380952381	-4.9797619047619044	-0.643452380952381	-4.9797619047619044	0	5	90	7.3478807948841188e-16	6.4047619047619051	-1	-9.0	5.4047619047619051	0.0	-5.5952380952380949	1	-1
3.5732390880584717	0	-0.531547619047619	-5.2315476190476193	-0.53154761904761905	-5.2315476190476193	0	5	90	7.3478807948841188e-16	6.4047619047619051	-1	-9.0	5.4047619047619051	0.0	-5.5952380952380949	1	-1
3.589571952819824	0	-0.531547619047619	-5.3434523809523808	-0.53154761904761905	-5.3434523809523808	0	5	90	7.3478807948841188e-16	6.4047619047619051	-1	-9.0	5.4047619047619051	0.0	-5.5952380952380949	1	-1
3.6062779426574707	0	-0.531547619047619	-5.5672619047619047	-0.53154761904761905	-5.5672619047619047	0	5	90	7.3478807948841188e-16	6.4047619047619051	-1	-9.0	5.4047619047619051	0.0	-5.5952380952380949	1	-1
