time	trial	cursorx	cursory	hand_x	hand_Y	rotation	step	targetangle	targetposx	targetposy	garagelocation	garageposx	garageposy	homex	homey	group	trial_type
1.1920928955078125e-06	0	-0.19583333333333333	-6.1267857142857141	-0.19583333333333333	-6.1267857142857141	0	5	105	-3.1058285412302502	5.9958718202307253	-1	-12.105828541230251	4.9958718202307253	0.0	-5.5952380952380949	1	1
0.009524106979370117	0	-0.19583333333333333	-6.1267857142857141	-0.19583333333333333	-6.1267857142857141	0	1	105	-3.1058285412302502	5.9958718202307253	-1	-12.105828541230251	4.9958718202307253	0.0	-5.5952380952380949	1	1
0.02363300323486328	0	-0.19583333333333333	-6.1267857142857141	-0.19583333333333333	-6.1267857142857141	0	1	105	-3.1058285412302502	5.9958718202307253	-1	-12.105828541230251	4.9958718202307253	0.0	-5.5952380952380949	1	1
0.039965152740478516	0	-0.22380952380952382	-6.0988095238095239	-0.22380952380952382	-6.0988095238095239	0	1	105	-3.1058285412302502	5.9958718202307253	-1	-12.105828541230251	4.9958718202307253	0.0	-5.5952380952380949	1	1
0.05655503273010254	0	-0.27976190476190477	-6.0988095238095239	-0.27976190476190477	-6.0988095238095239	0	1	105	-3.1058285412302502	5.9958718202307253	-1	-12.105828541230251	4.9958718202307253	0.0	-5.5952380952380949	1	1
0.07317304611206055	0	-0.3357142857142857	-6.0708333333333337	-0.33571428571428569	-6.0708333333333337	0	1	105	-3.1058285412302502	5.9958718202307253	-1	-12.105828541230251	4.9958718202307253	0.0	-5.5952380952380949	1	1
0.08981513977050781	0	-0.47559523809523807	-6.0428571428571427	-0.47559523809523807	-6.0428571428571427	0	1	105	-3.1058285412302502	5.9958718202307253	-1	-12.105828541230251	4.9958718202307253	0.0	-5.5952380952380949	1	1
0.10632610321044922	0	-0.5595238095238095	-6.0428571428571427	-0.55952380952380953	-6.0428571428571427	0	1	105	-3.1058285412302502	5.9958718202307253	-1	-12.105828541230251	4.9958718202307253	0.0	-5.5952380952380949	1	1
0.12296104431152344	0	-0.7833333333333333	-6.0148809523809526	-0.78333333333333333	-6.0148809523809526	0	1	105	-3.1058285412302502	5.9958718202307253	-1	-12.105828541230251	4.9958718202307253	0.0	-5.5952380952380949	1	1
0.1395411491394043	0	-1.0351190476190477	-6.0148809523809526	-1.0351190476190477	-6.0148809523809526	0	1	105	-3.1058285412302502	5.9958718202307253	-1	-12.105828541230251	4.9958718202307253	0.0	-5.5952380952380949	1	1
0.15616917610168457	0	-1.3428571428571427	-5.9869047619047615	-1.3428571428571427	-5.9869047619047615	0	1	105	-3.1058285412302502	5.9958718202307253	-1	-12.105828541230251	4.9958718202307253	0.0	-5.5952380952380949	1	1
0.17278409004211426	0	-1.4827380952380953	-5.9869047619047615	-1.4827380952380953	-5.9869047619047615	0	1	105	-3.1058285412302502	5.9958718202307253	-1	-12.105828541230251	4.9958718202307253	0.0	-5.5952380952380949	1	1
0.18929600715637207	0	-1.8464285714285715	-5.9869047619047615	-1.8464285714285715	-5.9869047619047615	0	1	105	-3.1058285412302502	5.9958718202307253	-1	-12.105828541230251	4.9958718202307253	0.0	-5.5952380952380949	1	1
0.20592617988586426	0	-2.0142857142857142	-6.0148809523809526	-2.0142857142857142	-6.0148809523809526	0	1	105	-3.1058285412302502	5.9958718202307253	-1	-12.105828541230251	4.9958718202307253	0.0	-5.5952380952380949	1	1
0.2224721908569336	0	-2.3220238095238095	-6.0428571428571427	-2.3220238095238095	-6.0428571428571427	0	1	105	-3.1058285412302502	5.9958718202307253	-1	-12.105828541230251	4.9958718202307253	0.0	-5.5952380952380949	1	1
0.23910903930664062	0	-2.601785714285714	-6.0708333333333337	-2.6017857142857141	-6.0708333333333337	0	2	105	-3.1058285412302502	5.9958718202307253	-1	-12.105828541230251	4.9958718202307253	0.0	-5.5952380952380949	1	1
0.25570106506347656	0	-2.6857142857142855	-6.0708333333333337	-2.6857142857142855	-6.0708333333333337	0	2	105	-3.1058285412302502	5.9958718202307253	-1	-12.105828541230251	4.9958718202307253	0.0	-5.5952380952380949	1	1
0.2722752094268799	0	-2.825595238095238	-6.0988095238095239	-2.825595238095238	-6.0988095238095239	0	2	105	-3.1058285412302502	5.9958718202307253	-1	-12.105828541230251	4.9958718202307253	0.0	-5.5952380952380949	1	1
0.2889571189880371	0	-2.8815476190476192	-6.0988095238095239	-2.8815476190476192	-6.0988095238095239	0	2	105	-3.1058285412302502	5.9958718202307253	-1	-12.105828541230251	4.9958718202307253	0.0	-5.5952380952380949	1	1
0.30522608757019043	0	-2.8815476190476192	-6.0988095238095239	-2.8815476190476192	-6.0988095238095239	0	2	105	-3.1058285412302502	5.9958718202307253	-1	-12.105828541230251	4.9958718202307253	0.0	-5.5952380952380949	1	1
0.3218832015991211	0	-2.9095238095238094	-6.0988095238095239	-2.9095238095238094	-6.0988095238095239	0	2	105	-3.1058285412302502	5.9958718202307253	-1	-12.105828541230251	4.9958718202307253	0.0	-5.5952380952380949	1	1
0.3385031223297119	0	-2.9095238095238094	-6.0988095238095239	-2.9095238095238094	-6.0988095238095239	0	2	105	-3.1058285412302502	5.9958718202307253	-1	-12.105828541230251	4.9958718202307253	0.0	-5.5952380952380949	1	1
0.35509514808654785	0	-2.8815476190476192	-6.0988095238095239	-2.8815476190476192	-6.0988095238095239	0	2	105	-3.1058285412302502	5.9958718202307253	-1	-12.105828541230251	4.9958718202307253	0.0	-5.5952380952380949	1	1
0.37167906761169434	0	-2.8815476190476192	-6.0988095238095239	-2.8815476190476192	-6.0988095238095239	0	2	105	-3.1058285412302502	5.9958718202307253	-1	-12.105828541230251	4.9958718202307253	0.0	-5.5952380952380949	1	1
0.3882591724395752	0	-2.7976190476190474	-6.0988095238095239	-2.7976190476190474	-6.0988095238095239	0	2	105	-3.1058285412302502	5.9958718202307253	-1	-12.105828541230251	4.9958718202307253	0.0	-5.5952380952380949	1	1
0.4048171043395996	0	-2.713690476190476	-6.0708333333333337	-2.7136904761904761	-6.0708333333333337	0	2	105	-3.1058285412302502	5.9958718202307253	-1	-12.105828541230251	4.9958718202307253	0.0	-5.5952380952380949	1	1
0.4214811325073242	0	-2.489880952380952	-6.0148809523809526	-2.4898809523809522	-6.0148809523809526	0	2	105	-3.1058285412302502	5.9958718202307253	-1	-12.105828541230251	4.9958718202307253	0.0	-5.5952380952380949	1	1
0.43808603286743164	0	-2.35	-5.9869047619047615	-2.3500000000000001	-5.9869047619047615	0	2	105	-3.1058285412302502	5.9958718202307253	-1	-12.105828541230251	4.9958718202307253	0.0	-5.5952380952380949	1	1
0.45461320877075195	0	-2.042261904761905	-5.875	-2.0422619047619048	-5.875	0	2	105	-3.1058285412302502	5.9958718202307253	-1	-12.105828541230251	4.9958718202307253	0.0	-5.5952380952380949	1	1
0.47119903564453125	0	-1.706547619047619	-5.7351190476190474	-1.706547619047619	-5.7351190476190474	0	2	105	-3.1058285412302502	5.9958718202307253	-1	-12.105828541230251	4.9958718202307253	0.0	-5.5952380952380949	1	1
0.4878730773925781	0	-1.5666666666666667	-5.6791666666666663	-1.5666666666666667	-5.6791666666666663	0	2	105	-3.1058285412302502	5.9958718202307253	-1	-12.105828541230251	4.9958718202307253	0.0	-5.5952380952380949	1	1
0.5044381618499756	0	-1.3428571428571427	-5.5672619047619047	-1.3428571428571427	-5.5672619047619047	0	2	105	-3.1058285412302502	5.9958718202307253	-1	-12.105828541230251	4.9958718202307253	0.0	-5.5952380952380949	1	1
0.5210351943969727	0	-1.2029761904761904	-5.4553571428571432	-1.2029761904761904	-5.4553571428571432	0	2	105	-3.1058285412302502	5.9958718202307253	-1	-12.105828541230251	4.9958718202307253	0.0	-5.5952380952380949	1	1
0.5376629829406738	0	-1.119047619047619	-5.371428571428571	-1.1190476190476191	-5.371428571428571	0	2	105	-3.1058285412302502	5.9958718202307253	-1	-12.105828541230251	4.9958718202307253	0.0	-5.5952380952380949	1	1
0.554286003112793	0	-0.9791666666666666	-5.1755952380952381	-0.97916666666666663	-5.1755952380952381	0	2	105	-3.1058285412302502	5.9958718202307253	-1	-12.105828541230251	4.9958718202307253	0.0	-5.5952380952380949	1	1
0.5707821846008301	0	-0.8113095238095238	-4.895833333333333	-0.81130952380952381	-4.895833333333333	0	2	105	-3.1058285412302502	5.9958718202307253	-1	-12.105828541230251	4.9958718202307253	0.0	-5.5952380952380949	1	1
0.5874121189117432	0	-0.7553571428571428	-4.7559523809523814	-0.75535714285714284	-4.7559523809523814	0	2	105	-3.1058285412302502	5.9958718202307253	-1	-12.105828541230251	4.9958718202307253	0.0	-5.5952380952380949	1	1
0.6040050983428955	0	-0.7553571428571428	-4.4482142857142861	-0.75535714285714284	-4.4482142857142861	0	2	105	-3.1058285412302502	5.9958718202307253	-1	-12.105828541230251	4.9958718202307253	0.0	-5.5952380952380949	1	1
0.6206851005554199	0	-0.8113095238095238	-4.168452380952381	-0.81130952380952381	-4.168452380952381	0	2	105	-3.1058285412302502	5.9958718202307253	-1	-12.105828541230251	4.9958718202307253	0.0	-5.5952380952380949	1	1
0.6375741958618164	0	-0.8672619047619048	-4.0285714285714285	-0.86726190476190479	-4.0285714285714285	0	2	105	-3.1058285412302502	5.9958718202307253	-1	-12.105828541230251	4.9958718202307253	0.0	-5.5952380952380949	1	1
0.6540951728820801	0	-0.9791666666666666	-3.7208333333333332	-0.97916666666666663	-3.7208333333333332	0	2	105	-3.1058285412302502	5.9958718202307253	-1	-12.105828541230251	4.9958718202307253	0.0	-5.5952380952380949	1	1
0.6706931591033936	0	-1.0910714285714285	-3.3571428571428572	-1.0910714285714285	-3.3571428571428572	0	2	105	-3.1058285412302502	5.9958718202307253	-1	-12.105828541230251	4.9958718202307253	0.0	-5.5952380952380949	1	1
0.6873741149902344	0	-1.175	-3.1613095238095239	-1.175	-3.1613095238095239	0	2	105	-3.1058285412302502	5.9958718202307253	-1	-12.105828541230251	4.9958718202307253	0.0	-5.5952380952380949	1	1
0.7039470672607422	0	-1.3428571428571427	-2.7696428571428573	-1.3428571428571427	-2.7696428571428573	0	2	105	-3.1058285412302502	5.9958718202307253	-1	-12.105828541230251	4.9958718202307253	0.0	-5.5952380952380949	1	1
0.7204830646514893	0	-1.5666666666666667	-2.3779761904761907	-1.5666666666666667	-2.3779761904761907	0	2	105	-3.1058285412302502	5.9958718202307253	-1	-12.105828541230251	4.9958718202307253	0.0	-5.5952380952380949	1	1
0.7370870113372803	0	-1.6785714285714286	-2.1821428571428569	-1.6785714285714286	-2.1821428571428569	0	2	105	-3.1058285412302502	5.9958718202307253	-1	-12.105828541230251	4.9958718202307253	0.0	-5.5952380952380949	1	1
0.7536799907684326	0	-1.874404761904762	-1.8184523809523809	-1.8744047619047619	-1.8184523809523809	0	2	105	-3.1058285412302502	5.9958718202307253	-1	-12.105828541230251	4.9958718202307253	0.0	-5.5952380952380949	1	1
0.7702300548553467	0	-2.0702380952380954	-1.4267857142857139	-2.0702380952380954	-1.4267857142857143	0	2	105	-3.1058285412302502	5.9958718202307253	-1	-12.105828541230251	4.9958718202307253	0.0	-5.5952380952380949	1	1
0.7868649959564209	0	-2.182142857142857	-1.230952380952381	-2.1821428571428569	-1.230952380952381	0	2	105	-3.1058285412302502	5.9958718202307253	-1	-12.105828541230251	4.9958718202307253	0.0	-5.5952380952380949	1	1
0.8031711578369141	0	-2.461904761904762	-0.83928571428571441	-2.461904761904762	-0.8392857142857143	0	2	105	-3.1058285412302502	5.9958718202307253	-1	-12.105828541230251	4.9958718202307253	0.0	-5.5952380952380949	1	1
0.819831132888794	0	-2.601785714285714	-0.64345238095238066	-2.6017857142857141	-0.643452380952381	0	2	105	-3.1058285412302502	5.9958718202307253	-1	-12.105828541230251	4.9958718202307253	0.0	-5.5952380952380949	1	1
0.836449146270752	0	-2.8535714285714286	-0.2238095238095239	-2.8535714285714286	-0.22380952380952382	0	2	105	-3.1058285412302502	5.9958718202307253	-1	-12.105828541230251	4.9958718202307253	0.0	-5.5952380952380949	1	1
0.8530161380767822	0	-3.0773809523809526	0.19583333333333375	-3.0773809523809526	0.19583333333333333	0	2	105	-3.1058285412302502	5.9958718202307253	-1	-12.105828541230251	4.9958718202307253	0.0	-5.5952380952380949	1	1
0.8695721626281738	0	-3.273214285714286	0.64345238095238066	-3.2732142857142859	0.643452380952381	0	2	105	-3.1058285412302502	5.9958718202307253	-1	-12.105828541230251	4.9958718202307253	0.0	-5.5952380952380949	1	1
0.8862440586090088	0	-3.357142857142857	0.89523809523809561	-3.3571428571428572	0.89523809523809528	0	2	105	-3.1058285412302502	5.9958718202307253	-1	-12.105828541230251	4.9958718202307253	0.0	-5.5952380952380949	1	1
0.902738094329834	0	-3.4970238095238093	1.3428571428571425	-3.4970238095238093	1.3428571428571427	0	2	105	-3.1058285412302502	5.9958718202307253	-1	-12.105828541230251	4.9958718202307253	0.0	-5.5952380952380949	1	1
0.919356107711792	0	-3.5529761904761905	1.5946428571428575	-3.5529761904761905	1.5946428571428573	0	2	105	-3.1058285412302502	5.9958718202307253	-1	-12.105828541230251	4.9958718202307253	0.0	-5.5952380952380949	1	1
0.9360041618347168	0	-3.6089285714285713	2.0422619047619044	-3.6089285714285713	2.0422619047619048	0	2	105	-3.1058285412302502	5.9958718202307253	-1	-12.105828541230251	4.9958718202307253	0.0	-5.5952380952380949	1	1
0.9528520107269287	0	-3.6648809523809525	2.4898809523809522	-3.6648809523809525	2.4898809523809522	0	2	105	-3.1058285412302502	5.9958718202307253	-1	-12.105828541230251	4.9958718202307253	0.0	-5.5952380952380949	1	1
0.9693050384521484	0	-3.6648809523809525	2.9375	-3.6648809523809525	2.9375	0	2	105	-3.1058285412302502	5.9958718202307253	-1	-12.105828541230251	4.9958718202307253	0.0	-5.5952380952380949	1	1
0.9859859943389893	0	-3.636904761904762	3.1333333333333329	-3.6369047619047619	3.1333333333333333	0	2	105	-3.1058285412302502	5.9958718202307253	-1	-12.105828541230251	4.9958718202307253	0.0	-5.5952380952380949	1	1
1.0025830268859863	0	-3.5529761904761905	3.5809523809523807	-3.5529761904761905	3.5809523809523811	0	2	105	-3.1058285412302502	5.9958718202307253	-1	-12.105828541230251	4.9958718202307253	0.0	-5.5952380952380949	1	1
1.0192182064056396	0	-3.525	3.7767857142857153	-3.5249999999999999	3.7767857142857144	0	2	105	-3.1058285412302502	5.9958718202307253	-1	-12.105828541230251	4.9958718202307253	0.0	-5.5952380952380949	1	1
1.0358250141143799	0	-3.413095238095238	4.168452380952381	-3.413095238095238	4.168452380952381	0	2	105	-3.1058285412302502	5.9958718202307253	-1	-12.105828541230251	4.9958718202307253	0.0	-5.5952380952380949	1	1
1.0523910522460938	0	-3.301190476190476	4.5321428571428584	-3.301190476190476	4.5321428571428575	0	2	105	-3.1058285412302502	5.9958718202307253	-1	-12.105828541230251	4.9958718202307253	0.0	-5.5952380952380949	1	1
1.0689570903778076	0	-3.1892857142857145	4.8678571428571438	-3.1892857142857145	4.8678571428571429	0	2	105	-3.1058285412302502	5.9958718202307253	-1	-12.105828541230251	4.9958718202307253	0.0	-5.5952380952380949	1	1
1.0856261253356934	0	-3.1053571428571427	5.0077380952380963	-3.1053571428571427	5.0077380952380954	0	2	105	-3.1058285412302502	5.9958718202307253	-1	-12.105828541230251	4.9958718202307253	0.0	-5.5952380952380949	1	1
1.1021320819854736	0	-2.9375	5.2874999999999996	-2.9375	5.2874999999999996	0	2	105	-3.1058285412302502	5.9958718202307253	-1	-12.105828541230251	4.9958718202307253	0.0	-5.5952380952380949	1	1
1.1184589862823486	0	-2.825595238095238	5.4273809523809522	-2.825595238095238	5.4273809523809522	0	2	105	-3.1058285412302502	5.9958718202307253	-1	-12.105828541230251	4.9958718202307253	0.0	-5.5952380952380949	1	1
1.1350860595703125	0	-2.6577380952380953	5.6232142857142868	-2.6577380952380953	5.6232142857142859	0	2	105	-3.1058285412302502	5.9958718202307253	-1	-12.105828541230251	4.9958718202307253	0.0	-5.5952380952380949	1	1
1.1517109870910645	0	-2.5458333333333334	5.7630952380952394	-2.5458333333333334	5.7630952380952385	0	2	105	-3.1058285412302502	5.9958718202307253	-1	-12.105828541230251	4.9958718202307253	0.0	-5.5952380952380949	1	1
1.1682641506195068	0	-2.489880952380952	5.8190476190476197	-2.4898809523809522	5.8190476190476188	0	2	105	-3.1058285412302502	5.9958718202307253	-1	-12.105828541230251	4.9958718202307253	0.0	-5.5952380952380949	1	1
1.1848821640014648	0	-2.4339285714285714	5.875	-2.4339285714285714	5.875	0	2	105	-3.1058285412302502	5.9958718202307253	-1	-12.105828541230251	4.9958718202307253	0.0	-5.5952380952380949	1	1
1.2014541625976562	0	-2.35	5.9309523809523803	-2.3500000000000001	5.9309523809523812	0	2	105	-3.1058285412302502	5.9958718202307253	-1	-12.105828541230251	4.9958718202307253	0.0	-5.5952380952380949	1	1
1.2181220054626465	0	-2.294047619047619	5.9589285714285722	-2.2940476190476189	5.9589285714285714	0	2	105	-3.1058285412302502	5.9958718202307253	-1	-12.105828541230251	4.9958718202307253	0.0	-5.5952380952380949	1	1
1.2346692085266113	0	-2.2660714285714287	5.9869047619047606	-2.2660714285714287	5.9869047619047615	0	2	105	-3.1058285412302502	5.9958718202307253	-1	-12.105828541230251	4.9958718202307253	0.0	-5.5952380952380949	1	1
1.25126314163208	0	-2.238095238095238	5.9869047619047606	-2.2380952380952381	5.9869047619047615	0	2	105	-3.1058285412302502	5.9958718202307253	-1	-12.105828541230251	4.9958718202307253	0.0	-5.5952380952380949	1	1
1.2678279876708984	0	-2.238095238095238	5.9869047619047606	-2.2380952380952381	5.9869047619047615	0	2	105	-3.1058285412302502	5.9958718202307253	-1	-12.105828541230251	4.9958718202307253	0.0	-5.5952380952380949	1	1
1.284771203994751	0	-2.2660714285714287	5.9869047619047606	-2.2660714285714287	5.9869047619047615	0	2	105	-3.1058285412302502	5.9958718202307253	-1	-12.105828541230251	4.9958718202307253	0.0	-5.5952380952380949	1	1
1.3013091087341309	0	-2.294047619047619	6.0148809523809526	-2.2940476190476189	6.0148809523809526	0	2	105	-3.1058285412302502	5.9958718202307253	-1	-12.105828541230251	4.9958718202307253	0.0	-5.5952380952380949	1	1
1.3178861141204834	0	-2.3220238095238095	6.0428571428571427	-2.3220238095238095	6.0428571428571427	0	2	105	-3.1058285412302502	5.9958718202307253	-1	-12.105828541230251	4.9958718202307253	0.0	-5.5952380952380949	1	1
1.3345561027526855	0	-2.3779761904761907	6.0988095238095248	-2.3779761904761907	6.0988095238095239	0	2	105	-3.1058285412302502	5.9958718202307253	-1	-12.105828541230251	4.9958718202307253	0.0	-5.5952380952380949	1	1
1.351133108139038	0	-2.405952380952381	6.1267857142857132	-2.4059523809523808	6.1267857142857141	0	2	105	-3.1058285412302502	5.9958718202307253	-1	-12.105828541230251	4.9958718202307253	0.0	-5.5952380952380949	1	1
1.3676960468292236	0	-2.4339285714285714	6.1267857142857132	-2.4339285714285714	6.1267857142857141	0	2	105	-3.1058285412302502	5.9958718202307253	-1	-12.105828541230251	4.9958718202307253	0.0	-5.5952380952380949	1	1
1.3842520713806152	0	-2.461904761904762	6.1547619047619051	-2.461904761904762	6.1547619047619051	0	2	105	-3.1058285412302502	5.9958718202307253	-1	-12.105828541230251	4.9958718202307253	0.0	-5.5952380952380949	1	1
1.4008331298828125	0	-2.5458333333333334	6.1547619047619051	-2.5458333333333334	6.1547619047619051	0	2	105	-3.1058285412302502	5.9958718202307253	-1	-12.105828541230251	4.9958718202307253	0.0	-5.5952380952380949	1	1
1.4174790382385254	0	-2.601785714285714	6.1267857142857132	-2.6017857142857141	6.1267857142857141	0	2	105	-3.1058285412302502	5.9958718202307253	-1	-12.105828541230251	4.9958718202307253	0.0	-5.5952380952380949	1	1
1.4340581893920898	0	-2.7416666666666667	6.1267857142857132	-2.7416666666666667	6.1267857142857141	0	2	105	-3.1058285412302502	5.9958718202307253	-1	-12.105828541230251	4.9958718202307253	0.0	-5.5952380952380949	1	1
1.4503791332244873	0	-2.7976190476190474	6.0988095238095248	-2.7976190476190474	6.0988095238095239	0	2	105	-3.1058285412302502	5.9958718202307253	-1	-12.105828541230251	4.9958718202307253	0.0	-5.5952380952380949	1	1
1.466926097869873	0	-2.9375	6.0708333333333329	-2.9375	6.0708333333333337	0	2	105	-3.1058285412302502	5.9958718202307253	-1	-12.105828541230251	4.9958718202307253	0.0	-5.5952380952380949	1	1
1.4835832118988037	0	-3.0773809523809526	6.0428571428571427	-3.0773809523809526	6.0428571428571427	0	2	105	-3.1058285412302502	5.9958718202307253	-1	-12.105828541230251	4.9958718202307253	0.0	-5.5952380952380949	1	1
1.5001590251922607	0	-3.1892857142857145	6.0148809523809526	-3.1892857142857145	6.0148809523809526	0	2	105	-3.1058285412302502	5.9958718202307253	-1	-12.105828541230251	4.9958718202307253	0.0	-5.5952380952380949	1	1
1.516740083694458	0	-3.1892857142857145	6.0148809523809526	-3.1892857142857145	6.0148809523809526	0	2	105	-3.1058285412302502	5.9958718202307253	-1	-12.105828541230251	4.9958718202307253	0.0	-5.5952380952380949	1	1
1.5333271026611328	0	-3.2172619047619047	6.0148809523809526	-3.2172619047619047	6.0148809523809526	0	2	105	-3.1058285412302502	5.9958718202307253	-1	-12.105828541230251	4.9958718202307253	0.0	-5.5952380952380949	1	1
1.5500080585479736	0	-3.2172619047619047	5.9869047619047606	-3.2172619047619047	5.9869047619047615	0	2	105	-3.1058285412302502	5.9958718202307253	-1	-12.105828541230251	4.9958718202307253	0.0	-5.5952380952380949	1	1
1.5665600299835205	0	-3.2452380952380953	5.9869047619047606	-3.2452380952380953	5.9869047619047615	0	2	105	-3.1058285412302502	5.9958718202307253	-1	-12.105828541230251	4.9958718202307253	0.0	-5.5952380952380949	1	1
1.5830891132354736	0	-3.2452380952380953	5.9589285714285722	-3.2452380952380953	5.9589285714285714	0	2	105	-3.1058285412302502	5.9958718202307253	-1	-12.105828541230251	4.9958718202307253	0.0	-5.5952380952380949	1	1
1.5999791622161865	0	-3.2452380952380953	5.9589285714285722	-3.2452380952380953	5.9589285714285714	0	2	105	-3.1058285412302502	5.9958718202307253	-1	-12.105828541230251	4.9958718202307253	0.0	-5.5952380952380949	1	1
1.6166210174560547	0	-3.2452380952380953	5.9589285714285722	-3.2452380952380953	5.9589285714285714	0	2	105	-3.1058285412302502	5.9958718202307253	-1	-12.105828541230251	4.9958718202307253	0.0	-5.5952380952380949	1	1
1.6331779956817627	0	-3.2452380952380953	5.9589285714285722	-3.2452380952380953	5.9589285714285714	0	2	105	-3.1058285412302502	5.9958718202307253	-1	-12.105828541230251	4.9958718202307253	0.0	-5.5952380952380949	1	1
1.6497712135314941	0	-3.2452380952380953	5.9589285714285722	-3.2452380952380953	5.9589285714285714	0	2	105	-3.1058285412302502	5.9958718202307253	-1	-12.105828541230251	4.9958718202307253	0.0	-5.5952380952380949	1	1
1.6663200855255127	0	-3.2452380952380953	5.9589285714285722	-3.2452380952380953	5.9589285714285714	0	2	105	-3.1058285412302502	5.9958718202307253	-1	-12.105828541230251	4.9958718202307253	0.0	-5.5952380952380949	1	1
1.6829872131347656	0	-3.2452380952380953	5.9589285714285722	-3.2452380952380953	5.9589285714285714	0	2	105	-3.1058285412302502	5.9958718202307253	-1	-12.105828541230251	4.9958718202307253	0.0	-5.5952380952380949	1	1
1.6995999813079834	0	-3.2452380952380953	5.9589285714285722	-3.2452380952380953	5.9589285714285714	0	2	105	-3.1058285412302502	5.9958718202307253	-1	-12.105828541230251	4.9958718202307253	0.0	-5.5952380952380949	1	1
1.7161691188812256	0	-3.2452380952380953	5.9589285714285722	-3.2452380952380953	5.9589285714285714	0	2	105	-3.1058285412302502	5.9958718202307253	-1	-12.105828541230251	4.9958718202307253	0.0	-5.5952380952380949	1	1
1.7327451705932617	0	-3.2452380952380953	5.9589285714285722	-3.2452380952380953	5.9589285714285714	0	2	105	-3.1058285412302502	5.9958718202307253	-1	-12.105828541230251	4.9958718202307253	0.0	-5.5952380952380949	1	1
1.7493500709533691	0	-3.2452380952380953	5.9589285714285722	-3.2452380952380953	5.9589285714285714	0	2	105	-3.1058285412302502	5.9958718202307253	-1	-12.105828541230251	4.9958718202307253	0.0	-5.5952380952380949	1	1
1.7657110691070557	0	-3.2452380952380953	5.9589285714285722	-3.2452380952380953	5.9589285714285714	0	2	105	-3.1058285412302502	5.9958718202307253	-1	-12.105828541230251	4.9958718202307253	0.0	-5.5952380952380949	1	1
1.7822391986846924	0	-3.2452380952380953	5.9589285714285722	-3.2452380952380953	5.9589285714285714	0	2	105	-3.1058285412302502	5.9958718202307253	-1	-12.105828541230251	4.9958718202307253	0.0	-5.5952380952380949	1	1
1.7988390922546387	0	-3.2452380952380953	5.9589285714285722	-3.2452380952380953	5.9589285714285714	0	2	105	-3.1058285412302502	5.9958718202307253	-1	-12.105828541230251	4.9958718202307253	0.0	-5.5952380952380949	1	1
1.8155012130737305	0	-3.2452380952380953	5.9589285714285722	-3.2452380952380953	5.9589285714285714	0	2	105	-3.1058285412302502	5.9958718202307253	-1	-12.105828541230251	4.9958718202307253	0.0	-5.5952380952380949	1	1
1.832045078277588	0	-3.2452380952380953	5.9589285714285722	-3.2452380952380953	5.9589285714285714	0	2	105	-3.1058285412302502	5.9958718202307253	-1	-12.105828541230251	4.9958718202307253	0.0	-5.5952380952380949	1	1
1.8486721515655518	0	-3.2452380952380953	5.9589285714285722	-3.2452380952380953	5.9589285714285714	0	2	105	-3.1058285412302502	5.9958718202307253	-1	-12.105828541230251	4.9958718202307253	0.0	-5.5952380952380949	1	1
1.8652451038360596	0	-3.2452380952380953	5.9589285714285722	-3.2452380952380953	5.9589285714285714	0	2	105	-3.1058285412302502	5.9958718202307253	-1	-12.105828541230251	4.9958718202307253	0.0	-5.5952380952380949	1	1
1.8818411827087402	0	-3.2452380952380953	5.9589285714285722	-3.2452380952380953	5.9589285714285714	0	2	105	-3.1058285412302502	5.9958718202307253	-1	-12.105828541230251	4.9958718202307253	0.0	-5.5952380952380949	1	1
1.898380994796753	0	-3.2452380952380953	5.9589285714285722	-3.2452380952380953	5.9589285714285714	0	2	105	-3.1058285412302502	5.9958718202307253	-1	-12.105828541230251	4.9958718202307253	0.0	-5.5952380952380949	1	1
1.9149601459503174	0	-3.2452380952380953	5.9589285714285722	-3.2452380952380953	5.9589285714285714	0	2	105	-3.1058285412302502	5.9958718202307253	-1	-12.105828541230251	4.9958718202307253	0.0	-5.5952380952380949	1	1
1.9319121837615967	0	-3.2452380952380953	5.9589285714285722	-3.2452380952380953	5.9589285714285714	0	2	105	-3.1058285412302502	5.9958718202307253	-1	-12.105828541230251	4.9958718202307253	0.0	-5.5952380952380949	1	1
1.9484851360321045	0	-3.2452380952380953	5.9589285714285722	-3.2452380952380953	5.9589285714285714	0	2	105	-3.1058285412302502	5.9958718202307253	-1	-12.105828541230251	4.9958718202307253	0.0	-5.5952380952380949	1	1
1.9650599956512451	0	-3.2452380952380953	5.9589285714285722	-3.2452380952380953	5.9589285714285714	0	2	105	-3.1058285412302502	5.9958718202307253	-1	-12.105828541230251	4.9958718202307253	0.0	-5.5952380952380949	1	1
1.9816200733184814	0	-3.2452380952380953	5.9589285714285722	-3.2452380952380953	5.9589285714285714	0	2	105	-3.1058285412302502	5.9958718202307253	-1	-12.105828541230251	4.9958718202307253	0.0	-5.5952380952380949	1	1
1.9982130527496338	0	-3.2452380952380953	5.9589285714285722	-3.2452380952380953	5.9589285714285714	0	2	105	-3.1058285412302502	5.9958718202307253	-1	-12.105828541230251	4.9958718202307253	0.0	-5.5952380952380949	1	1
2.0148680210113525	0	-3.2452380952380953	5.9589285714285722	-3.2452380952380953	5.9589285714285714	0	2	105	-3.1058285412302502	5.9958718202307253	-1	-12.105828541230251	4.9958718202307253	0.0	-5.5952380952380949	1	1
2.0314860343933105	0	-3.2452380952380953	5.9589285714285722	-3.2452380952380953	5.9589285714285714	0	2	105	-3.1058285412302502	5.9958718202307253	-1	-12.105828541230251	4.9958718202307253	0.0	-5.5952380952380949	1	1
2.048070192337036	0	-3.2452380952380953	5.9589285714285722	-3.2452380952380953	5.9589285714285714	0	2	105	-3.1058285412302502	5.9958718202307253	-1	-12.105828541230251	4.9958718202307253	0.0	-5.5952380952380949	1	1
2.064643144607544	0	-3.2452380952380953	5.9589285714285722	-3.2452380952380953	5.9589285714285714	0	2	105	-3.1058285412302502	5.9958718202307253	-1	-12.105828541230251	4.9958718202307253	0.0	-5.5952380952380949	1	1
2.0812430381774902	0	-3.2452380952380953	5.9589285714285722	-3.2452380952380953	5.9589285714285714	0	2	105	-3.1058285412302502	5.9958718202307253	-1	-12.105828541230251	4.9958718202307253	0.0	-5.5952380952380949	1	1
2.09755802154541	0	-3.2452380952380953	5.9589285714285722	-3.2452380952380953	5.9589285714285714	0	2	105	-3.1058285412302502	5.9958718202307253	-1	-12.105828541230251	4.9958718202307253	0.0	-5.5952380952380949	1	1
2.1141161918640137	0	-3.2732142857142859	5.9589285714285722	-3.2732142857142859	5.9589285714285714	0	2	105	-3.1058285412302502	5.9958718202307253	-1	-12.105828541230251	4.9958718202307253	0.0	-5.5952380952380949	1	1
2.130690097808838	0	-3.2732142857142859	5.9589285714285722	-3.2732142857142859	5.9589285714285714	0	3	105	-3.1058285412302502	5.9958718202307253	-1	-12.105828541230251	4.9958718202307253	0.0	-5.5952380952380949	1	1
2.147379159927368	0	-3.2732142857142859	5.9589285714285722	-3.2732142857142859	5.9309523809523812	0	4	105	-3.1058285412302502	5.9958718202307253	-1	-12.105828541230251	4.9958718202307253	0.0	-5.5952380952380949	1	1
2.1639320850372314	0	-3.301190476190476	5.9589285714285722	-3.301190476190476	5.9309523809523812	0	4	105	-3.1058285412302502	5.9958718202307253	-1	-12.105828541230251	4.9958718202307253	0.0	-5.5952380952380949	1	1
2.180510997772217	0	-3.301190476190476	5.9589285714285722	-3.301190476190476	5.9309523809523812	0	4	105	-3.1058285412302502	5.9958718202307253	-1	-12.105828541230251	4.9958718202307253	0.0	-5.5952380952380949	1	1
2.197127103805542	0	-3.301190476190476	5.9589285714285722	-3.301190476190476	5.9309523809523812	0	4	105	-3.1058285412302502	5.9958718202307253	-1	-12.105828541230251	4.9958718202307253	0.0	-5.5952380952380949	1	1
2.213754177093506	0	-3.301190476190476	5.9589285714285722	-3.301190476190476	5.9309523809523812	0	4	105	-3.1058285412302502	5.9958718202307253	-1	-12.105828541230251	4.9958718202307253	0.0	-5.5952380952380949	1	1
2.230351209640503	0	-3.301190476190476	5.9589285714285722	-3.301190476190476	5.9309523809523812	0	4	105	-3.1058285412302502	5.9958718202307253	-1	-12.105828541230251	4.9958718202307253	0.0	-5.5952380952380949	1	1
2.2472000122070312	0	-3.301190476190476	5.9589285714285722	-3.301190476190476	5.9309523809523812	0	4	105	-3.1058285412302502	5.9958718202307253	-1	-12.105828541230251	4.9958718202307253	0.0	-5.5952380952380949	1	1
2.2638020515441895	0	-3.301190476190476	5.9589285714285722	-3.301190476190476	5.9309523809523812	0	4	105	-3.1058285412302502	5.9958718202307253	-1	-12.105828541230251	4.9958718202307253	0.0	-5.5952380952380949	1	1
2.280363082885742	0	-3.301190476190476	5.9589285714285722	-3.301190476190476	5.9309523809523812	0	4	105	-3.1058285412302502	5.9958718202307253	-1	-12.105828541230251	4.9958718202307253	0.0	-5.5952380952380949	1	1
2.296966075897217	0	-3.301190476190476	5.9589285714285722	-3.301190476190476	5.9309523809523812	0	4	105	-3.1058285412302502	5.9958718202307253	-1	-12.105828541230251	4.9958718202307253	0.0	-5.5952380952380949	1	1
2.3135321140289307	0	-3.301190476190476	5.9589285714285722	-3.301190476190476	5.9309523809523812	0	4	105	-3.1058285412302502	5.9958718202307253	-1	-12.105828541230251	4.9958718202307253	0.0	-5.5952380952380949	1	1
2.3301031589508057	0	-3.301190476190476	5.9589285714285722	-3.301190476190476	5.9309523809523812	0	4	105	-3.1058285412302502	5.9958718202307253	-1	-12.105828541230251	4.9958718202307253	0.0	-5.5952380952380949	1	1
2.3467321395874023	0	-3.301190476190476	5.9589285714285722	-3.301190476190476	5.9309523809523812	0	4	105	-3.1058285412302502	5.9958718202307253	-1	-12.105828541230251	4.9958718202307253	0.0	-5.5952380952380949	1	1
2.363332986831665	0	-3.301190476190476	5.9589285714285722	-3.301190476190476	5.9309523809523812	0	4	105	-3.1058285412302502	5.9958718202307253	-1	-12.105828541230251	4.9958718202307253	0.0	-5.5952380952380949	1	1
2.3799071311950684	0	-3.301190476190476	5.9589285714285722	-3.301190476190476	5.9309523809523812	0	4	105	-3.1058285412302502	5.9958718202307253	-1	-12.105828541230251	4.9958718202307253	0.0	-5.5952380952380949	1	1
2.396515130996704	0	-3.301190476190476	5.9589285714285722	-3.301190476190476	5.9309523809523812	0	4	105	-3.1058285412302502	5.9958718202307253	-1	-12.105828541230251	4.9958718202307253	0.0	-5.5952380952380949	1	1
2.4128611087799072	0	-3.301190476190476	5.9589285714285722	-3.301190476190476	5.9309523809523812	0	4	105	-3.1058285412302502	5.9958718202307253	-1	-12.105828541230251	4.9958718202307253	0.0	-5.5952380952380949	1	1
2.429417133331299	0	-3.301190476190476	5.9589285714285722	-3.301190476190476	5.9309523809523812	0	4	105	-3.1058285412302502	5.9958718202307253	-1	-12.105828541230251	4.9958718202307253	0.0	-5.5952380952380949	1	1
2.446045160293579	0	-3.3851190476190478	5.9589285714285722	-3.3851190476190478	5.9309523809523812	0	4	105	-3.1058285412302502	5.9958718202307253	-1	-12.105828541230251	4.9958718202307253	0.0	-5.5952380952380949	1	1
2.462599039077759	0	-3.5249999999999999	5.9589285714285722	-3.5249999999999999	5.9309523809523812	0	4	105	-3.1058285412302502	5.9958718202307253	-1	-12.105828541230251	4.9958718202307253	0.0	-5.5952380952380949	1	1
2.479222059249878	0	-3.6089285714285713	5.9589285714285722	-3.6089285714285713	5.9309523809523812	0	4	105	-3.1058285412302502	5.9958718202307253	-1	-12.105828541230251	4.9958718202307253	0.0	-5.5952380952380949	1	1
2.49580717086792	0	-3.8607142857142858	5.9589285714285722	-3.8607142857142858	5.9309523809523812	0	4	105	-3.1058285412302502	5.9958718202307253	-1	-12.105828541230251	4.9958718202307253	0.0	-5.5952380952380949	1	1
2.5123801231384277	0	-4.1964285714285712	5.9589285714285722	-4.1964285714285712	5.9029761904761902	0	4	105	-3.1058285412302502	5.9958718202307253	-1	-12.105828541230251	4.9958718202307253	0.0	-5.5952380952380949	1	1
2.5289700031280518	0	-4.3922619047619049	5.9589285714285722	-4.3922619047619049	5.9029761904761902	0	4	105	-3.1058285412302502	5.9958718202307253	-1	-12.105828541230251	4.9958718202307253	0.0	-5.5952380952380949	1	1
2.545692205429077	0	-4.895833333333333	5.9589285714285722	-4.895833333333333	5.875	0	4	105	-3.1058285412302502	5.9958718202307253	-1	-12.105828541230251	4.9958718202307253	0.0	-5.5952380952380949	1	1
2.562185049057007	0	-5.5392857142857146	5.9589285714285722	-5.5392857142857146	5.8470238095238098	0	4	105	-3.1058285412302502	5.9958718202307253	-1	-12.105828541230251	4.9958718202307253	0.0	-5.5952380952380949	1	1
2.579050064086914	0	-5.9309523809523812	5.9589285714285722	-5.9309523809523812	5.8190476190476188	0	4	105	-3.1058285412302502	5.9958718202307253	-1	-12.105828541230251	4.9958718202307253	0.0	-5.5952380952380949	1	1
2.5956671237945557	0	-6.7702380952380956	5.9589285714285722	-6.7702380952380956	5.7351190476190474	0	4	105	-3.1058285412302502	5.9958718202307253	-1	-12.105828541230251	4.9958718202307253	0.0	-5.5952380952380949	1	1
2.6122870445251465	0	-7.7214285714285715	5.9589285714285722	-7.7214285714285715	5.6511904761904761	0	4	105	-3.1058285412302502	5.9958718202307253	-1	-12.105828541230251	4.9958718202307253	0.0	-5.5952380952380949	1	1
2.628871202468872	0	-8.2249999999999996	5.9589285714285722	-8.2249999999999996	5.5952380952380949	0	4	105	-3.1058285412302502	5.9958718202307253	-1	-12.105828541230251	4.9958718202307253	0.0	-5.5952380952380949	1	1
2.6454579830169678	0	-9.3440476190476183	5.9589285714285722	-9.3440476190476183	5.5113095238095235	0	4	105	-3.1058285412302502	5.9958718202307253	-1	-12.105828541230251	4.9958718202307253	0.0	-5.5952380952380949	1	1
2.661957025527954	0	-9.8755952380952383	5.9589285714285722	-9.8755952380952383	5.4833333333333334	0	4	105	-3.1058285412302502	5.9958718202307253	-1	-12.105828541230251	4.9958718202307253	0.0	-5.5952380952380949	1	1
2.678582191467285	0	-10.966666666666667	5.9589285714285722	-10.966666666666667	5.399404761904762	0	4	105	-3.1058285412302502	5.9958718202307253	-1	-12.105828541230251	4.9958718202307253	0.0	-5.5952380952380949	1	1
2.695195198059082	0	-11.917857142857143	5.3434523809523817	-11.917857142857143	5.3434523809523808	0	4	105	-3.1058285412302502	5.9958718202307253	-1	-12.105828541230251	4.9958718202307253	0.0	-5.5952380952380949	1	1
2.711827039718628	0	-12.3375	5.3154761904761898	-12.3375	5.3154761904761907	0	4	105	-3.1058285412302502	5.9958718202307253	-1	-12.105828541230251	4.9958718202307253	0.0	-5.5952380952380949	1	1
2.728109121322632	0	-12.980952380952381	5.2315476190476193	-12.980952380952381	5.2315476190476193	0	4	105	-3.1058285412302502	5.9958718202307253	-1	-12.105828541230251	4.9958718202307253	0.0	-5.5952380952380949	1	1
2.7447152137756348	0	-13.428571428571429	5.2035714285714292	-13.428571428571429	5.2035714285714283	0	4	105	-3.1058285412302502	5.9958718202307253	-1	-12.105828541230251	4.9958718202307253	0.0	-5.5952380952380949	1	1
2.761329174041748	0	-13.568452380952381	5.1755952380952372	-13.568452380952381	5.1755952380952381	0	5	105	-3.1058285412302502	5.9958718202307253	-1	-12.105828541230251	4.9958718202307253	0.0	-5.5952380952380949	1	1
2.777878999710083	0	-13.736309523809524	5.1476190476190489	-13.736309523809524	5.147619047619048	0	5	105	-3.1058285412302502	5.9958718202307253	-1	-12.105828541230251	4.9958718202307253	0.0	-5.5952380952380949	1	1
2.79445219039917	0	-13.708333333333334	5.0916666666666668	-13.708333333333334	5.0916666666666668	0	5	105	-3.1058285412302502	5.9958718202307253	-1	-12.105828541230251	4.9958718202307253	0.0	-5.5952380952380949	1	1
2.810927152633667	0	-13.596428571428572	5.0636904761904766	-13.596428571428572	5.0636904761904766	0	5	105	-3.1058285412302502	5.9958718202307253	-1	-12.105828541230251	4.9958718202307253	0.0	-5.5952380952380949	1	1
2.8274741172790527	0	-13.204761904761904	4.9517857142857142	-13.204761904761904	4.9517857142857142	0	5	105	-3.1058285412302502	5.9958718202307253	-1	-12.105828541230251	4.9958718202307253	0.0	-5.5952380952380949	1	1
2.8440871238708496	0	-12.925	4.8678571428571438	-12.925000000000001	4.8678571428571429	0	5	105	-3.1058285412302502	5.9958718202307253	-1	-12.105828541230251	4.9958718202307253	0.0	-5.5952380952380949	1	1
2.8606979846954346	0	-12.253571428571428	4.6999999999999993	-12.253571428571428	4.7000000000000002	0	5	105	-3.1058285412302502	5.9958718202307253	-1	-12.105828541230251	4.9958718202307253	0.0	-5.5952380952380949	1	1
2.877333164215088	0	-11.498214285714285	4.4761904761904763	-11.498214285714285	4.4761904761904763	0	5	105	-3.1058285412302502	5.9958718202307253	-1	-12.105828541230251	4.9958718202307253	0.0	-5.5952380952380949	1	1
2.8938651084899902	0	-10.602976190476191	4.2244047619047613	-10.602976190476191	4.2244047619047622	0	5	105	-3.1058285412302502	5.9958718202307253	-1	-12.105828541230251	4.9958718202307253	0.0	-5.5952380952380949	1	1
2.910459041595459	0	-10.099404761904761	4.0845238095238088	-10.099404761904761	4.0845238095238097	0	5	105	-3.1058285412302502	5.9958718202307253	-1	-12.105828541230251	4.9958718202307253	0.0	-5.5952380952380949	1	1
2.9270761013031006	0	-9.036309523809523	3.7767857142857153	-9.036309523809523	3.7767857142857144	0	5	105	-3.1058285412302502	5.9958718202307253	-1	-12.105828541230251	4.9958718202307253	0.0	-5.5952380952380949	1	1
2.9437761306762695	0	-8.476785714285715	3.5529761904761905	-8.4767857142857146	3.5529761904761905	0	5	105	-3.1058285412302502	5.9958718202307253	-1	-12.105828541230251	4.9958718202307253	0.0	-5.5952380952380949	1	1
2.9603891372680664	0	-7.413690476190476	3.1053571428571427	-7.4136904761904763	3.1053571428571427	0	5	105	-3.1058285412302502	5.9958718202307253	-1	-12.105828541230251	4.9958718202307253	0.0	-5.5952380952380949	1	1
2.97697114944458	0	-6.378571428571429	2.5738095238095244	-6.378571428571429	2.573809523809524	0	5	105	-3.1058285412302502	5.9958718202307253	-1	-12.105828541230251	4.9958718202307253	0.0	-5.5952380952380949	1	1
2.993542194366455	0	-5.427380952380952	2.0702380952380954	-5.4273809523809522	2.0702380952380954	0	5	105	-3.1058285412302502	5.9958718202307253	-1	-12.105828541230251	4.9958718202307253	0.0	-5.5952380952380949	1	1
3.010235071182251	0	-4.979761904761904	1.7904761904761903	-4.9797619047619044	1.7904761904761906	0	5	105	-3.1058285412302502	5.9958718202307253	-1	-12.105828541230251	4.9958718202307253	0.0	-5.5952380952380949	1	1
3.0267300605773926	0	-4.168452380952381	1.2589285714285712	-4.168452380952381	1.2589285714285714	0	5	105	-3.1058285412302502	5.9958718202307253	-1	-12.105828541230251	4.9958718202307253	0.0	-5.5952380952380949	1	1
3.0432941913604736	0	-3.8047619047619046	0.97916666666666696	-3.8047619047619046	0.97916666666666663	0	5	105	-3.1058285412302502	5.9958718202307253	-1	-12.105828541230251	4.9958718202307253	0.0	-5.5952380952380949	1	1
3.059929132461548	0	-3.1053571428571427	0.47559523809523796	-3.1053571428571427	0.47559523809523807	0	5	105	-3.1058285412302502	5.9958718202307253	-1	-12.105828541230251	4.9958718202307253	0.0	-5.5952380952380949	1	1
3.0765562057495117	0	-2.517857142857143	-0.027976190476190155	-2.5178571428571428	-0.027976190476190477	0	5	105	-3.1058285412302502	5.9958718202307253	-1	-12.105828541230251	4.9958718202307253	0.0	-5.5952380952380949	1	1
3.0930771827697754	0	-2.042261904761905	-0.47559523809523796	-2.0422619047619048	-0.47559523809523807	0	5	105	-3.1058285412302502	5.9958718202307253	-1	-12.105828541230251	4.9958718202307253	0.0	-5.5952380952380949	1	1
3.1096811294555664	0	-1.874404761904762	-0.69940476190476186	-1.8744047619047619	-0.69940476190476186	0	5	105	-3.1058285412302502	5.9958718202307253	-1	-12.105828541230251	4.9958718202307253	0.0	-5.5952380952380949	1	1
3.126258134841919	0	-1.5666666666666667	-1.0630952380952383	-1.5666666666666667	-1.0630952380952381	0	5	105	-3.1058285412302502	5.9958718202307253	-1	-12.105828541230251	4.9958718202307253	0.0	-5.5952380952380949	1	1
3.142824172973633	0	-1.4267857142857143	-1.230952380952381	-1.4267857142857143	-1.230952380952381	0	5	105	-3.1058285412302502	5.9958718202307253	-1	-12.105828541230251	4.9958718202307253	0.0	-5.5952380952380949	1	1
3.1594600677490234	0	-1.230952380952381	-1.5386904761904763	-1.230952380952381	-1.5386904761904763	0	5	105	-3.1058285412302502	5.9958718202307253	-1	-12.105828541230251	4.9958718202307253	0.0	-5.5952380952380949	1	1
3.176048994064331	0	-1.0910714285714285	-1.7904761904761903	-1.0910714285714285	-1.7904761904761906	0	5	105	-3.1058285412302502	5.9958718202307253	-1	-12.105828541230251	4.9958718202307253	0.0	-5.5952380952380949	1	1
3.192653179168701	0	-1.0071428571428571	-1.9863095238095241	-1.0071428571428571	-1.9863095238095239	0	5	105	-3.1058285412302502	5.9958718202307253	-1	-12.105828541230251	4.9958718202307253	0.0	-5.5952380952380949	1	1
3.2094202041625977	0	-0.9791666666666666	-2.0702380952380954	-0.97916666666666663	-2.0702380952380954	0	5	105	-3.1058285412302502	5.9958718202307253	-1	-12.105828541230251	4.9958718202307253	0.0	-5.5952380952380949	1	1
3.2261781692504883	0	-0.9511904761904761	-2.2101190476190475	-0.95119047619047614	-2.2101190476190475	0	5	105	-3.1058285412302502	5.9958718202307253	-1	-12.105828541230251	4.9958718202307253	0.0	-5.5952380952380949	1	1
3.2428171634674072	0	-0.9511904761904761	-2.2660714285714287	-0.95119047619047614	-2.2660714285714287	0	5	105	-3.1058285412302502	5.9958718202307253	-1	-12.105828541230251	4.9958718202307253	0.0	-5.5952380952380949	1	1
3.2594211101531982	0	-1.0071428571428571	-2.4059523809523808	-1.0071428571428571	-2.4059523809523808	0	5	105	-3.1058285412302502	5.9958718202307253	-1	-12.105828541230251	4.9958718202307253	0.0	-5.5952380952380949	1	1
3.2760331630706787	0	-1.119047619047619	-2.573809523809524	-1.1190476190476191	-2.573809523809524	0	5	105	-3.1058285412302502	5.9958718202307253	-1	-12.105828541230251	4.9958718202307253	0.0	-5.5952380952380949	1	1
3.292609214782715	0	-1.2029761904761904	-2.7976190476190474	-1.2029761904761904	-2.7976190476190474	0	5	105	-3.1058285412302502	5.9958718202307253	-1	-12.105828541230251	4.9958718202307253	0.0	-5.5952380952380949	1	1
3.309213161468506	0	-1.230952380952381	-2.9095238095238094	-1.230952380952381	-2.9095238095238094	0	5	105	-3.1058285412302502	5.9958718202307253	-1	-12.105828541230251	4.9958718202307253	0.0	-5.5952380952380949	1	1
3.3257791996002197	0	-1.286904761904762	-3.1333333333333333	-1.286904761904762	-3.1333333333333333	0	5	105	-3.1058285412302502	5.9958718202307253	-1	-12.105828541230251	4.9958718202307253	0.0	-5.5952380952380949	1	1
3.342358112335205	0	-1.3148809523809524	-3.2452380952380953	-1.3148809523809524	-3.2452380952380953	0	5	105	-3.1058285412302502	5.9958718202307253	-1	-12.105828541230251	4.9958718202307253	0.0	-5.5952380952380949	1	1
3.3589789867401123	0	-1.3428571428571427	-3.5249999999999999	-1.3428571428571427	-3.5249999999999999	0	5	105	-3.1058285412302502	5.9958718202307253	-1	-12.105828541230251	4.9958718202307253	0.0	-5.5952380952380949	1	1
3.375284194946289	0	-1.3428571428571427	-3.8047619047619046	-1.3428571428571427	-3.8047619047619046	0	5	105	-3.1058285412302502	5.9958718202307253	-1	-12.105828541230251	4.9958718202307253	0.0	-5.5952380952380949	1	1
3.391864061355591	0	-1.3148809523809524	-3.9446428571428571	-1.3148809523809524	-3.9446428571428571	0	5	105	-3.1058285412302502	5.9958718202307253	-1	-12.105828541230251	4.9958718202307253	0.0	-5.5952380952380949	1	1
3.408527135848999	0	-1.2589285714285714	-4.1964285714285712	-1.2589285714285714	-4.1964285714285712	0	5	105	-3.1058285412302502	5.9958718202307253	-1	-12.105828541230251	4.9958718202307253	0.0	-5.5952380952380949	1	1
3.425072193145752	0	-1.175	-4.4761904761904763	-1.175	-4.4761904761904763	0	5	105	-3.1058285412302502	5.9958718202307253	-1	-12.105828541230251	4.9958718202307253	0.0	-5.5952380952380949	1	1
3.4416420459747314	0	-1.1470238095238094	-4.6160714285714288	-1.1470238095238094	-4.6160714285714288	0	5	105	-3.1058285412302502	5.9958718202307253	-1	-12.105828541230251	4.9958718202307253	0.0	-5.5952380952380949	1	1
3.4582841396331787	0	-1.0910714285714285	-4.895833333333333	-1.0910714285714285	-4.895833333333333	0	5	105	-3.1058285412302502	5.9958718202307253	-1	-12.105828541230251	4.9958718202307253	0.0	-5.5952380952380949	1	1
3.474893093109131	0	-1.119047619047619	-5.147619047619048	-1.1190476190476191	-5.147619047619048	0	5	105	-3.1058285412302502	5.9958718202307253	-1	-12.105828541230251	4.9958718202307253	0.0	-5.5952380952380949	1	1
3.491450071334839	0	-1.1470238095238094	-5.2595238095238095	-1.1470238095238094	-5.2595238095238095	0	5	105	-3.1058285412302502	5.9958718202307253	-1	-12.105828541230251	4.9958718202307253	0.0	-5.5952380952380949	1	1
3.508028030395508	0	-1.2029761904761904	-5.4833333333333334	-1.2029761904761904	-5.4833333333333334	0	5	105	-3.1058285412302502	5.9958718202307253	-1	-12.105828541230251	4.9958718202307253	0.0	-5.5952380952380949	1	1
3.5246360301971436	0	-1.230952380952381	-5.6511904761904761	-1.230952380952381	-5.6511904761904761	0	5	105	-3.1058285412302502	5.9958718202307253	-1	-12.105828541230251	4.9958718202307253	0.0	-5.5952380952380949	1	1
3.5412662029266357	0	-1.2589285714285714	-5.7351190476190474	-1.2589285714285714	-5.7351190476190474	0	5	105	-3.1058285412302502	5.9958718202307253	-1	-12.105828541230251	4.9958718202307253	0.0	-5.5952380952380949	1	1
3.5578370094299316	0	-1.230952380952381	-5.8470238095238098	-1.230952380952381	-5.8470238095238098	0	5	105	-3.1058285412302502	5.9958718202307253	-1	-12.105828541230251	4.9958718202307253	0.0	-5.5952380952380949	1	1
3.574383020401001	0	-1.175	-5.9589285714285714	-1.175	-5.9589285714285714	0	5	105	-3.1058285412302502	5.9958718202307253	-1	-12.105828541230251	4.9958718202307253	0.0	-5.5952380952380949	1	1
3.590968132019043	0	-1.119047619047619	-5.9869047619047615	-1.1190476190476191	-5.9869047619047615	0	5	105	-3.1058285412302502	5.9958718202307253	-1	-12.105828541230251	4.9958718202307253	0.0	-5.5952380952380949	1	1
3.6076362133026123	0	-1.0071428571428571	-6.0428571428571427	-1.0071428571428571	-6.0428571428571427	0	5	105	-3.1058285412302502	5.9958718202307253	-1	-12.105828541230251	4.9958718202307253	0.0	-5.5952380952380949	1	1
3.6242270469665527	0	-0.9232142857142858	-6.0988095238095239	-0.92321428571428577	-6.0988095238095239	0	5	105	-3.1058285412302502	5.9958718202307253	-1	-12.105828541230251	4.9958718202307253	0.0	-5.5952380952380949	1	1
3.6407999992370605	0	-0.8672619047619048	-6.0988095238095239	-0.86726190476190479	-6.0988095238095239	0	5	105	-3.1058285412302502	5.9958718202307253	-1	-12.105828541230251	4.9958718202307253	0.0	-5.5952380952380949	1	1
3.6574201583862305	0	-0.7833333333333333	-6.1267857142857141	-0.78333333333333333	-6.1267857142857141	0	5	105	-3.1058285412302502	5.9958718202307253	-1	-12.105828541230251	4.9958718202307253	0.0	-5.5952380952380949	1	1
3.674018144607544	0	-0.6714285714285714	-6.1547619047619051	-0.67142857142857137	-6.1547619047619051	0	5	105	-3.1058285412302502	5.9958718202307253	-1	-12.105828541230251	4.9958718202307253	0.0	-5.5952380952380949	1	1
3.6905980110168457	0	-0.5875	-6.1547619047619051	-0.58750000000000002	-6.1547619047619051	0	5	105	-3.1058285412302502	5.9958718202307253	-1	-12.105828541230251	4.9958718202307253	0.0	-5.5952380952380949	1	1
3.707163095474243	0	-0.44761904761904764	-6.1827380952380953	-0.44761904761904764	-6.1827380952380953	0	5	105	-3.1058285412302502	5.9958718202307253	-1	-12.105828541230251	4.9958718202307253	0.0	-5.5952380952380949	1	1
3.723771095275879	0	-0.39166666666666666	-6.1827380952380953	-0.39166666666666666	-6.1827380952380953	0	5	105	-3.1058285412302502	5.9958718202307253	-1	-12.105828541230251	4.9958718202307253	0.0	-5.5952380952380949	1	1
3.7403621673583984	0	-0.30773809523809526	-6.1827380952380953	-0.30773809523809526	-6.1827380952380953	0	5	105	-3.1058285412302502	5.9958718202307253	-1	-12.105828541230251	4.9958718202307253	0.0	-5.5952380952380949	1	1
3.7570600509643555	0	-0.22380952380952382	-6.1827380952380953	-0.22380952380952382	-6.1827380952380953	0	5	105	-3.1058285412302502	5.9958718202307253	-1	-12.105828541230251	4.9958718202307253	0.0	-5.5952380952380949	1	1
3.773548126220703	0	-0.22380952380952382	-6.1827380952380953	-0.22380952380952382	-6.1827380952380953	0	5	105	-3.1058285412302502	5.9958718202307253	-1	-12.105828541230251	4.9958718202307253	0.0	-5.5952380952380949	1	1
3.7901711463928223	0	-0.16785714285714284	-6.1547619047619051	-0.16785714285714284	-6.1547619047619051	0	5	105	-3.1058285412302502	5.9958718202307253	-1	-12.105828541230251	4.9958718202307253	0.0	-5.5952380952380949	1	1
3.806735038757324	0	-0.11190476190476191	-6.0988095238095239	-0.11190476190476191	-6.0988095238095239	0	5	105	-3.1058285412302502	5.9958718202307253	-1	-12.105828541230251	4.9958718202307253	0.0	-5.5952380952380949	1	1
