time	trial	cursorx	cursory	hand_x	hand_Y	rotation	step	targetangle	targetposx	targetposy	garagelocation	garageposx	garageposy	homex	homey	group	trial_type
9.5367431640625e-07	1	-0.11190476190476191	-6.0988095238095239	-0.11190476190476191	-6.0988095238095239	0	5	90	7.3478807948841188e-16	6.4047619047619051	1	9.0	5.4047619047619051	0.0	-5.5952380952380949	1	1
0.028993844985961914	1	0.055952380952380955	-5.9309523809523812	0.055952380952380955	-5.9309523809523812	0	1	90	7.3478807948841188e-16	6.4047619047619051	1	9.0	5.4047619047619051	0.0	-5.5952380952380949	1	1
0.045684814453125	1	0.16785714285714284	-5.8190476190476188	0.16785714285714284	-5.8190476190476188	0	1	90	7.3478807948841188e-16	6.4047619047619051	1	9.0	5.4047619047619051	0.0	-5.5952380952380949	1	1
0.06239795684814453	1	0.16785714285714284	-5.7910714285714286	0.16785714285714284	-5.7910714285714286	0	1	90	7.3478807948841188e-16	6.4047619047619051	1	9.0	5.4047619047619051	0.0	-5.5952380952380949	1	1
0.07903194427490234	1	0.19583333333333333	-5.7351190476190474	0.19583333333333333	-5.7351190476190474	0	1	90	7.3478807948841188e-16	6.4047619047619051	1	9.0	5.4047619047619051	0.0	-5.5952380952380949	1	1
0.09562492370605469	1	0.22380952380952382	-5.7071428571428573	0.22380952380952382	-5.7071428571428573	0	1	90	7.3478807948841188e-16	6.4047619047619051	1	9.0	5.4047619047619051	0.0	-5.5952380952380949	1	1
0.11221694946289062	1	0.22380952380952382	-5.7071428571428573	0.22380952380952382	-5.7071428571428573	0	1	90	7.3478807948841188e-16	6.4047619047619051	1	9.0	5.4047619047619051	0.0	-5.5952380952380949	1	1
0.12887883186340332	1	0.19583333333333333	-5.7071428571428573	0.19583333333333333	-5.7071428571428573	0	1	90	7.3478807948841188e-16	6.4047619047619051	1	9.0	5.4047619047619051	0.0	-5.5952380952380949	1	1
0.1454617977142334	1	0.19583333333333333	-5.7071428571428573	0.19583333333333333	-5.7071428571428573	0	1	90	7.3478807948841188e-16	6.4047619047619051	1	9.0	5.4047619047619051	0.0	-5.5952380952380949	1	1
0.16207480430603027	1	0.19583333333333333	-5.7071428571428573	0.19583333333333333	-5.7071428571428573	0	1	90	7.3478807948841188e-16	6.4047619047619051	1	9.0	5.4047619047619051	0.0	-5.5952380952380949	1	1
0.17854785919189453	1	0.19583333333333333	-5.7071428571428573	0.19583333333333333	-5.7071428571428573	0	1	90	7.3478807948841188e-16	6.4047619047619051	1	9.0	5.4047619047619051	0.0	-5.5952380952380949	1	1
0.1952497959136963	1	0.19583333333333333	-5.7071428571428573	0.19583333333333333	-5.7071428571428573	0	1	90	7.3478807948841188e-16	6.4047619047619051	1	9.0	5.4047619047619051	0.0	-5.5952380952380949	1	1
0.21152091026306152	1	0.19583333333333333	-5.7071428571428573	0.19583333333333333	-5.7071428571428573	0	1	90	7.3478807948841188e-16	6.4047619047619051	1	9.0	5.4047619047619051	0.0	-5.5952380952380949	1	1
0.22811102867126465	1	0.19583333333333333	-5.7071428571428573	0.19583333333333333	-5.7071428571428573	0	1	90	7.3478807948841188e-16	6.4047619047619051	1	9.0	5.4047619047619051	0.0	-5.5952380952380949	1	1
0.24473881721496582	1	0.19583333333333333	-5.7071428571428573	0.19583333333333333	-5.7071428571428573	0	1	90	7.3478807948841188e-16	6.4047619047619051	1	9.0	5.4047619047619051	0.0	-5.5952380952380949	1	1
0.2613658905029297	1	0.19583333333333333	-5.7071428571428573	0.19583333333333333	-5.7071428571428573	0	1	90	7.3478807948841188e-16	6.4047619047619051	1	9.0	5.4047619047619051	0.0	-5.5952380952380949	1	1
0.27793192863464355	1	0.19583333333333333	-5.7071428571428573	0.19583333333333333	-5.7071428571428573	0	1	90	7.3478807948841188e-16	6.4047619047619051	1	9.0	5.4047619047619051	0.0	-5.5952380952380949	1	1
0.2944979667663574	1	0.19583333333333333	-5.6791666666666663	0.19583333333333333	-5.6791666666666663	0	1	90	7.3478807948841188e-16	6.4047619047619051	1	9.0	5.4047619047619051	0.0	-5.5952380952380949	1	1
0.31108880043029785	1	0.16785714285714284	-5.6232142857142859	0.16785714285714284	-5.6232142857142859	0	1	90	7.3478807948841188e-16	6.4047619047619051	1	9.0	5.4047619047619051	0.0	-5.5952380952380949	1	1
0.3276958465576172	1	0.13988095238095238	-5.5113095238095235	0.13988095238095238	-5.5113095238095235	0	1	90	7.3478807948841188e-16	6.4047619047619051	1	9.0	5.4047619047619051	0.0	-5.5952380952380949	1	1
0.3442709445953369	1	0.11190476190476191	-5.4553571428571432	0.11190476190476191	-5.4553571428571432	0	1	90	7.3478807948841188e-16	6.4047619047619051	1	9.0	5.4047619047619051	0.0	-5.5952380952380949	1	1
0.3608880043029785	1	0.08392857142857142	-5.2595238095238095	0.083928571428571422	-5.2595238095238095	0	1	90	7.3478807948841188e-16	6.4047619047619051	1	9.0	5.4047619047619051	0.0	-5.5952380952380949	1	1
0.37744784355163574	1	0.055952380952380955	-4.9797619047619044	0.055952380952380955	-4.9797619047619044	0	1	90	7.3478807948841188e-16	6.4047619047619051	1	9.0	5.4047619047619051	0.0	-5.5952380952380949	1	1
0.3941018581390381	1	0.0	-4.6720238095238091	0.0	-4.6720238095238091	0	1	90	7.3478807948841188e-16	6.4047619047619051	1	9.0	5.4047619047619051	0.0	-5.5952380952380949	1	1
0.4106760025024414	1	-0.027976190476190477	-4.4761904761904763	-0.027976190476190477	-4.4761904761904763	0	1	90	7.3478807948841188e-16	6.4047619047619051	1	9.0	5.4047619047619051	0.0	-5.5952380952380949	1	1
0.42724084854125977	1	-0.08392857142857142	-4.0565476190476186	-0.083928571428571422	-4.0565476190476186	0	1	90	7.3478807948841188e-16	6.4047619047619051	1	9.0	5.4047619047619051	0.0	-5.5952380952380949	1	1
0.44388794898986816	1	-0.11190476190476191	-3.8607142857142858	-0.11190476190476191	-3.8607142857142858	0	1	90	7.3478807948841188e-16	6.4047619047619051	1	9.0	5.4047619047619051	0.0	-5.5952380952380949	1	1
0.4604988098144531	1	-0.19583333333333333	-3.3571428571428572	-0.19583333333333333	-3.3571428571428572	0	1	90	7.3478807948841188e-16	6.4047619047619051	1	9.0	5.4047619047619051	0.0	-5.5952380952380949	1	1
0.47702693939208984	1	-0.2517857142857143	-2.8815476190476192	-0.25178571428571428	-2.8815476190476192	0	1	90	7.3478807948841188e-16	6.4047619047619051	1	9.0	5.4047619047619051	0.0	-5.5952380952380949	1	1
0.49364590644836426	1	-0.3357142857142857	-2.3500000000000001	-0.33571428571428569	-2.3500000000000001	0	2	90	7.3478807948841188e-16	6.4047619047619051	1	9.0	5.4047619047619051	0.0	-5.5952380952380949	1	1
0.5102479457855225	1	-0.3636904761904762	-2.0702380952380954	-0.36369047619047618	-2.0702380952380954	0	2	90	7.3478807948841188e-16	6.4047619047619051	1	9.0	5.4047619047619051	0.0	-5.5952380952380949	1	1
0.5268759727478027	1	-0.39166666666666666	-1.5107142857142861	-0.39166666666666666	-1.5107142857142857	0	2	90	7.3478807948841188e-16	6.4047619047619051	1	9.0	5.4047619047619051	0.0	-5.5952380952380949	1	1
0.5437178611755371	1	-0.41964285714285715	-1.2029761904761909	-0.41964285714285715	-1.2029761904761904	0	2	90	7.3478807948841188e-16	6.4047619047619051	1	9.0	5.4047619047619051	0.0	-5.5952380952380949	1	1
0.5603129863739014	1	-0.5035714285714286	-0.64345238095238066	-0.50357142857142856	-0.643452380952381	0	2	90	7.3478807948841188e-16	6.4047619047619051	1	9.0	5.4047619047619051	0.0	-5.5952380952380949	1	1
0.5768988132476807	1	-0.5875	-0.083928571428571352	-0.58750000000000002	-0.083928571428571422	0	2	90	7.3478807948841188e-16	6.4047619047619051	1	9.0	5.4047619047619051	0.0	-5.5952380952380949	1	1
0.5935399532318115	1	-0.643452380952381	0.44761904761904781	-0.643452380952381	0.44761904761904764	0	2	90	7.3478807948841188e-16	6.4047619047619051	1	9.0	5.4047619047619051	0.0	-5.5952380952380949	1	1
0.6101279258728027	1	-0.6714285714285714	0.72738095238095202	-0.67142857142857137	0.72738095238095235	0	2	90	7.3478807948841188e-16	6.4047619047619051	1	9.0	5.4047619047619051	0.0	-5.5952380952380949	1	1
0.6266880035400391	1	-0.7553571428571428	1.2589285714285712	-0.75535714285714284	1.2589285714285714	0	2	90	7.3478807948841188e-16	6.4047619047619051	1	9.0	5.4047619047619051	0.0	-5.5952380952380949	1	1
0.643258810043335	1	-0.7833333333333333	1.5107142857142861	-0.78333333333333333	1.5107142857142857	0	2	90	7.3478807948841188e-16	6.4047619047619051	1	9.0	5.4047619047619051	0.0	-5.5952380952380949	1	1
0.6598749160766602	1	-0.8392857142857143	2.0422619047619044	-0.8392857142857143	2.0422619047619048	0	2	90	7.3478807948841188e-16	6.4047619047619051	1	9.0	5.4047619047619051	0.0	-5.5952380952380949	1	1
0.676461935043335	1	-0.8952380952380953	2.5178571428571423	-0.89523809523809528	2.5178571428571428	0	2	90	7.3478807948841188e-16	6.4047619047619051	1	9.0	5.4047619047619051	0.0	-5.5952380952380949	1	1
0.6930098533630371	1	-0.8952380952380953	2.7696428571428573	-0.89523809523809528	2.7696428571428573	0	2	90	7.3478807948841188e-16	6.4047619047619051	1	9.0	5.4047619047619051	0.0	-5.5952380952380949	1	1
0.7096338272094727	1	-0.9232142857142858	3.2452380952380953	-0.92321428571428577	3.2452380952380953	0	2	90	7.3478807948841188e-16	6.4047619047619051	1	9.0	5.4047619047619051	0.0	-5.5952380952380949	1	1
0.7262778282165527	1	-0.8672619047619048	3.6928571428571431	-0.86726190476190479	3.6928571428571431	0	2	90	7.3478807948841188e-16	6.4047619047619051	1	9.0	5.4047619047619051	0.0	-5.5952380952380949	1	1
0.7427639961242676	1	-0.8392857142857143	3.9166666666666661	-0.8392857142857143	3.9166666666666665	0	2	90	7.3478807948841188e-16	6.4047619047619051	1	9.0	5.4047619047619051	0.0	-5.5952380952380949	1	1
0.7594239711761475	1	-0.7553571428571428	4.3083333333333336	-0.75535714285714284	4.3083333333333336	0	2	90	7.3478807948841188e-16	6.4047619047619051	1	9.0	5.4047619047619051	0.0	-5.5952380952380949	1	1
0.7759737968444824	1	-0.6714285714285714	4.6999999999999993	-0.67142857142857137	4.7000000000000002	0	2	90	7.3478807948841188e-16	6.4047619047619051	1	9.0	5.4047619047619051	0.0	-5.5952380952380949	1	1
0.792665958404541	1	-0.643452380952381	4.8678571428571438	-0.643452380952381	4.8678571428571429	0	2	90	7.3478807948841188e-16	6.4047619047619051	1	9.0	5.4047619047619051	0.0	-5.5952380952380949	1	1
0.8091998100280762	1	-0.6154761904761905	5.1755952380952372	-0.61547619047619051	5.1755952380952381	0	2	90	7.3478807948841188e-16	6.4047619047619051	1	9.0	5.4047619047619051	0.0	-5.5952380952380949	1	1
0.8257858753204346	1	-0.5595238095238095	5.4553571428571423	-0.55952380952380953	5.4553571428571432	0	2	90	7.3478807948841188e-16	6.4047619047619051	1	9.0	5.4047619047619051	0.0	-5.5952380952380949	1	1
0.8423869609832764	1	-0.5035714285714286	5.5672619047619047	-0.50357142857142856	5.5672619047619047	0	2	90	7.3478807948841188e-16	6.4047619047619051	1	9.0	5.4047619047619051	0.0	-5.5952380952380949	1	1
0.8590469360351562	1	-0.39166666666666666	5.8190476190476197	-0.39166666666666666	5.8190476190476188	0	2	90	7.3478807948841188e-16	6.4047619047619051	1	9.0	5.4047619047619051	0.0	-5.5952380952380949	1	1
0.8752708435058594	1	-0.27976190476190477	5.9869047619047606	-0.27976190476190477	5.9869047619047615	0	2	90	7.3478807948841188e-16	6.4047619047619051	1	9.0	5.4047619047619051	0.0	-5.5952380952380949	1	1
0.8918638229370117	1	-0.2517857142857143	6.0708333333333329	-0.25178571428571428	6.0708333333333337	0	2	90	7.3478807948841188e-16	6.4047619047619051	1	9.0	5.4047619047619051	0.0	-5.5952380952380949	1	1
0.9084758758544922	1	-0.19583333333333333	6.1827380952380953	-0.19583333333333333	6.1827380952380953	0	2	90	7.3478807948841188e-16	6.4047619047619051	1	9.0	5.4047619047619051	0.0	-5.5952380952380949	1	1
0.9251339435577393	1	-0.13988095238095238	6.2666666666666657	-0.13988095238095238	6.2666666666666666	0	2	90	7.3478807948841188e-16	6.4047619047619051	1	9.0	5.4047619047619051	0.0	-5.5952380952380949	1	1
0.9416699409484863	1	-0.13988095238095238	6.2946428571428577	-0.13988095238095238	6.2946428571428568	0	2	90	7.3478807948841188e-16	6.4047619047619051	1	9.0	5.4047619047619051	0.0	-5.5952380952380949	1	1
0.95831298828125	1	-0.13988095238095238	6.2946428571428577	-0.13988095238095238	6.2946428571428568	0	2	90	7.3478807948841188e-16	6.4047619047619051	1	9.0	5.4047619047619051	0.0	-5.5952380952380949	1	1
0.9748799800872803	1	-0.13988095238095238	6.2946428571428577	-0.13988095238095238	6.2946428571428568	0	2	90	7.3478807948841188e-16	6.4047619047619051	1	9.0	5.4047619047619051	0.0	-5.5952380952380949	1	1
0.9915218353271484	1	-0.13988095238095238	6.2946428571428577	-0.13988095238095238	6.2946428571428568	0	2	90	7.3478807948841188e-16	6.4047619047619051	1	9.0	5.4047619047619051	0.0	-5.5952380952380949	1	1
1.0080139636993408	1	-0.13988095238095238	6.2946428571428577	-0.13988095238095238	6.2946428571428568	0	2	90	7.3478807948841188e-16	6.4047619047619051	1	9.0	5.4047619047619051	0.0	-5.5952380952380949	1	1
1.0249319076538086	1	-0.13988095238095238	6.2946428571428577	-0.13988095238095238	6.2946428571428568	0	2	90	7.3478807948841188e-16	6.4047619047619051	1	9.0	5.4047619047619051	0.0	-5.5952380952380949	1	1
1.0415229797363281	1	-0.13988095238095238	6.2946428571428577	-0.13988095238095238	6.2946428571428568	0	2	90	7.3478807948841188e-16	6.4047619047619051	1	9.0	5.4047619047619051	0.0	-5.5952380952380949	1	1
1.058149814605713	1	-0.13988095238095238	6.2946428571428577	-0.13988095238095238	6.2946428571428568	0	2	90	7.3478807948841188e-16	6.4047619047619051	1	9.0	5.4047619047619051	0.0	-5.5952380952380949	1	1
1.0746188163757324	1	-0.13988095238095238	6.2946428571428577	-0.13988095238095238	6.2946428571428568	0	2	90	7.3478807948841188e-16	6.4047619047619051	1	9.0	5.4047619047619051	0.0	-5.5952380952380949	1	1
1.091282844543457	1	-0.13988095238095238	6.2946428571428577	-0.13988095238095238	6.2946428571428568	0	2	90	7.3478807948841188e-16	6.4047619047619051	1	9.0	5.4047619047619051	0.0	-5.5952380952380949	1	1
1.107848882675171	1	-0.13988095238095238	6.2946428571428577	-0.13988095238095238	6.2946428571428568	0	2	90	7.3478807948841188e-16	6.4047619047619051	1	9.0	5.4047619047619051	0.0	-5.5952380952380949	1	1
1.1245458126068115	1	-0.13988095238095238	6.2946428571428577	-0.13988095238095238	6.2946428571428568	0	2	90	7.3478807948841188e-16	6.4047619047619051	1	9.0	5.4047619047619051	0.0	-5.5952380952380949	1	1
1.1410648822784424	1	-0.13988095238095238	6.2946428571428577	-0.13988095238095238	6.2946428571428568	0	2	90	7.3478807948841188e-16	6.4047619047619051	1	9.0	5.4047619047619051	0.0	-5.5952380952380949	1	1
1.1576528549194336	1	-0.13988095238095238	6.2946428571428577	-0.13988095238095238	6.2946428571428568	0	2	90	7.3478807948841188e-16	6.4047619047619051	1	9.0	5.4047619047619051	0.0	-5.5952380952380949	1	1
1.1742868423461914	1	-0.13988095238095238	6.2946428571428577	-0.13988095238095238	6.2946428571428568	0	2	90	7.3478807948841188e-16	6.4047619047619051	1	9.0	5.4047619047619051	0.0	-5.5952380952380949	1	1
1.190673828125	1	-0.13988095238095238	6.2946428571428577	-0.13988095238095238	6.2946428571428568	0	2	90	7.3478807948841188e-16	6.4047619047619051	1	9.0	5.4047619047619051	0.0	-5.5952380952380949	1	1
1.207150936126709	1	-0.13988095238095238	6.2946428571428577	-0.13988095238095238	6.2946428571428568	0	2	90	7.3478807948841188e-16	6.4047619047619051	1	9.0	5.4047619047619051	0.0	-5.5952380952380949	1	1
1.2237298488616943	1	-0.13988095238095238	6.2946428571428577	-0.13988095238095238	6.2946428571428568	0	2	90	7.3478807948841188e-16	6.4047619047619051	1	9.0	5.4047619047619051	0.0	-5.5952380952380949	1	1
1.240351915359497	1	-0.13988095238095238	6.2946428571428577	-0.13988095238095238	6.2946428571428568	0	2	90	7.3478807948841188e-16	6.4047619047619051	1	9.0	5.4047619047619051	0.0	-5.5952380952380949	1	1
1.2570478916168213	1	-0.13988095238095238	6.2946428571428577	-0.13988095238095238	6.2946428571428568	0	2	90	7.3478807948841188e-16	6.4047619047619051	1	9.0	5.4047619047619051	0.0	-5.5952380952380949	1	1
1.2735719680786133	1	-0.13988095238095238	6.2946428571428577	-0.13988095238095238	6.2946428571428568	0	2	90	7.3478807948841188e-16	6.4047619047619051	1	9.0	5.4047619047619051	0.0	-5.5952380952380949	1	1
1.290186882019043	1	-0.13988095238095238	6.2946428571428577	-0.13988095238095238	6.2946428571428568	0	2	90	7.3478807948841188e-16	6.4047619047619051	1	9.0	5.4047619047619051	0.0	-5.5952380952380949	1	1
1.3067288398742676	1	-0.13988095238095238	6.2946428571428577	-0.13988095238095238	6.2946428571428568	0	2	90	7.3478807948841188e-16	6.4047619047619051	1	9.0	5.4047619047619051	0.0	-5.5952380952380949	1	1
1.3233489990234375	1	-0.13988095238095238	6.2946428571428577	-0.13988095238095238	6.2946428571428568	0	2	90	7.3478807948841188e-16	6.4047619047619051	1	9.0	5.4047619047619051	0.0	-5.5952380952380949	1	1
1.3399128913879395	1	-0.13988095238095238	6.3226190476190478	-0.13988095238095238	6.3226190476190478	0	2	90	7.3478807948841188e-16	6.4047619047619051	1	9.0	5.4047619047619051	0.0	-5.5952380952380949	1	1
1.3568038940429688	1	-0.13988095238095238	6.3226190476190478	-0.13988095238095238	6.3226190476190478	0	2	90	7.3478807948841188e-16	6.4047619047619051	1	9.0	5.4047619047619051	0.0	-5.5952380952380949	1	1
1.3733739852905273	1	-0.13988095238095238	6.3226190476190478	-0.13988095238095238	6.3226190476190478	0	2	90	7.3478807948841188e-16	6.4047619047619051	1	9.0	5.4047619047619051	0.0	-5.5952380952380949	1	1
1.3900198936462402	1	-0.13988095238095238	6.3226190476190478	-0.13988095238095238	6.3226190476190478	0	2	90	7.3478807948841188e-16	6.4047619047619051	1	9.0	5.4047619047619051	0.0	-5.5952380952380949	1	1
1.4064428806304932	1	-0.13988095238095238	6.3226190476190478	-0.13988095238095238	6.3226190476190478	0	2	90	7.3478807948841188e-16	6.4047619047619051	1	9.0	5.4047619047619051	0.0	-5.5952380952380949	1	1
1.423125982284546	1	-0.13988095238095238	6.3226190476190478	-0.13988095238095238	6.3226190476190478	0	2	90	7.3478807948841188e-16	6.4047619047619051	1	9.0	5.4047619047619051	0.0	-5.5952380952380949	1	1
1.4397339820861816	1	-0.13988095238095238	6.3226190476190478	-0.13988095238095238	6.3226190476190478	0	2	90	7.3478807948841188e-16	6.4047619047619051	1	9.0	5.4047619047619051	0.0	-5.5952380952380949	1	1
1.4563930034637451	1	-0.13988095238095238	6.3226190476190478	-0.13988095238095238	6.3226190476190478	0	2	90	7.3478807948841188e-16	6.4047619047619051	1	9.0	5.4047619047619051	0.0	-5.5952380952380949	1	1
1.4729759693145752	1	-0.13988095238095238	6.3226190476190478	-0.13988095238095238	6.3226190476190478	0	2	90	7.3478807948841188e-16	6.4047619047619051	1	9.0	5.4047619047619051	0.0	-5.5952380952380949	1	1
1.4895048141479492	1	-0.13988095238095238	6.3226190476190478	-0.13988095238095238	6.3226190476190478	0	2	90	7.3478807948841188e-16	6.4047619047619051	1	9.0	5.4047619047619051	0.0	-5.5952380952380949	1	1
1.506147861480713	1	-0.13988095238095238	6.3226190476190478	-0.13988095238095238	6.3226190476190478	0	2	90	7.3478807948841188e-16	6.4047619047619051	1	9.0	5.4047619047619051	0.0	-5.5952380952380949	1	1
1.5225038528442383	1	-0.13988095238095238	6.2946428571428577	-0.13988095238095238	6.2946428571428568	0	2	90	7.3478807948841188e-16	6.4047619047619051	1	9.0	5.4047619047619051	0.0	-5.5952380952380949	1	1
1.539078950881958	1	-0.13988095238095238	6.2946428571428577	-0.13988095238095238	6.2946428571428568	0	2	90	7.3478807948841188e-16	6.4047619047619051	1	9.0	5.4047619047619051	0.0	-5.5952380952380949	1	1
1.5556459426879883	1	-0.13988095238095238	6.2946428571428577	-0.13988095238095238	6.2946428571428568	0	2	90	7.3478807948841188e-16	6.4047619047619051	1	9.0	5.4047619047619051	0.0	-5.5952380952380949	1	1
1.5722808837890625	1	-0.13988095238095238	6.2946428571428577	-0.13988095238095238	6.2946428571428568	0	3	90	7.3478807948841188e-16	6.4047619047619051	1	9.0	5.4047619047619051	0.0	-5.5952380952380949	1	1
1.5888938903808594	1	-0.13988095238095238	6.2946428571428577	-0.13988095238095238	6.2946428571428568	0	4	90	7.3478807948841188e-16	6.4047619047619051	1	9.0	5.4047619047619051	0.0	-5.5952380952380949	1	1
1.6054339408874512	1	-0.13988095238095238	6.2946428571428577	-0.13988095238095238	6.2946428571428568	0	4	90	7.3478807948841188e-16	6.4047619047619051	1	9.0	5.4047619047619051	0.0	-5.5952380952380949	1	1
1.6220250129699707	1	-0.13988095238095238	6.2946428571428577	-0.13988095238095238	6.2946428571428568	0	4	90	7.3478807948841188e-16	6.4047619047619051	1	9.0	5.4047619047619051	0.0	-5.5952380952380949	1	1
1.638603925704956	1	-0.13988095238095238	6.2946428571428577	-0.13988095238095238	6.2946428571428568	0	4	90	7.3478807948841188e-16	6.4047619047619051	1	9.0	5.4047619047619051	0.0	-5.5952380952380949	1	1
1.6552278995513916	1	-0.13988095238095238	6.2946428571428577	-0.13988095238095238	6.2946428571428568	0	4	90	7.3478807948841188e-16	6.4047619047619051	1	9.0	5.4047619047619051	0.0	-5.5952380952380949	1	1
1.672111988067627	1	-0.13988095238095238	6.2946428571428577	-0.13988095238095238	6.2946428571428568	0	4	90	7.3478807948841188e-16	6.4047619047619051	1	9.0	5.4047619047619051	0.0	-5.5952380952380949	1	1
1.6886909008026123	1	-0.13988095238095238	6.2946428571428577	-0.13988095238095238	6.2946428571428568	0	4	90	7.3478807948841188e-16	6.4047619047619051	1	9.0	5.4047619047619051	0.0	-5.5952380952380949	1	1
1.7052810192108154	1	-0.13988095238095238	6.2946428571428577	-0.13988095238095238	6.2946428571428568	0	4	90	7.3478807948841188e-16	6.4047619047619051	1	9.0	5.4047619047619051	0.0	-5.5952380952380949	1	1
1.7219018936157227	1	-0.13988095238095238	6.2946428571428577	-0.13988095238095238	6.2946428571428568	0	4	90	7.3478807948841188e-16	6.4047619047619051	1	9.0	5.4047619047619051	0.0	-5.5952380952380949	1	1
1.7384798526763916	1	-0.13988095238095238	6.2946428571428577	-0.13988095238095238	6.3226190476190478	0	4	90	7.3478807948841188e-16	6.4047619047619051	1	9.0	5.4047619047619051	0.0	-5.5952380952380949	1	1
1.7550439834594727	1	-0.11190476190476191	6.2946428571428577	-0.11190476190476191	6.3226190476190478	0	4	90	7.3478807948841188e-16	6.4047619047619051	1	9.0	5.4047619047619051	0.0	-5.5952380952380949	1	1
1.7715489864349365	1	0.083928571428571422	6.2946428571428577	0.083928571428571422	6.3226190476190478	0	4	90	7.3478807948841188e-16	6.4047619047619051	1	9.0	5.4047619047619051	0.0	-5.5952380952380949	1	1
1.7882788181304932	1	0.643452380952381	6.2946428571428577	0.643452380952381	6.350595238095238	0	4	90	7.3478807948841188e-16	6.4047619047619051	1	9.0	5.4047619047619051	0.0	-5.5952380952380949	1	1
1.8048570156097412	1	1.0910714285714285	6.2946428571428577	1.0910714285714285	6.4065476190476192	0	4	90	7.3478807948841188e-16	6.4047619047619051	1	9.0	5.4047619047619051	0.0	-5.5952380952380949	1	1
1.8214068412780762	1	2.3220238095238095	6.2946428571428577	2.3220238095238095	6.5464285714285717	0	4	90	7.3478807948841188e-16	6.4047619047619051	1	9.0	5.4047619047619051	0.0	-5.5952380952380949	1	1
1.837744951248169	1	3.8327380952380952	6.2946428571428577	3.8327380952380952	6.6863095238095234	0	4	90	7.3478807948841188e-16	6.4047619047619051	1	9.0	5.4047619047619051	0.0	-5.5952380952380949	1	1
1.8543438911437988	1	4.6720238095238091	6.2946428571428577	4.6720238095238091	6.7702380952380956	0	4	90	7.3478807948841188e-16	6.4047619047619051	1	9.0	5.4047619047619051	0.0	-5.5952380952380949	1	1
1.8709769248962402	1	6.2386904761904765	6.2946428571428577	6.2386904761904765	6.854166666666667	0	4	90	7.3478807948841188e-16	6.4047619047619051	1	9.0	5.4047619047619051	0.0	-5.5952380952380949	1	1
1.8875079154968262	1	7.6375000000000002	6.2946428571428577	7.6375000000000002	6.8821428571428571	0	4	90	7.3478807948841188e-16	6.4047619047619051	1	9.0	5.4047619047619051	0.0	-5.5952380952380949	1	1
1.9040989875793457	1	8.25297619047619	6.9101190476190482	8.2529761904761898	6.9101190476190473	0	4	90	7.3478807948841188e-16	6.4047619047619051	1	9.0	5.4047619047619051	0.0	-5.5952380952380949	1	1
1.9207768440246582	1	9.37202380952381	6.8541666666666679	9.3720238095238102	6.854166666666667	0	4	90	7.3478807948841188e-16	6.4047619047619051	1	9.0	5.4047619047619051	0.0	-5.5952380952380949	1	1
1.9373228549957275	1	10.267261904761904	6.7982142857142858	10.267261904761904	6.7982142857142858	0	4	90	7.3478807948841188e-16	6.4047619047619051	1	9.0	5.4047619047619051	0.0	-5.5952380952380949	1	1
1.953927993774414	1	10.602976190476191	6.7422619047619037	10.602976190476191	6.7422619047619046	0	4	90	7.3478807948841188e-16	6.4047619047619051	1	9.0	5.4047619047619051	0.0	-5.5952380952380949	1	1
1.970585823059082	1	11.022619047619047	6.6023809523809511	11.022619047619047	6.602380952380952	0	5	90	7.3478807948841188e-16	6.4047619047619051	1	9.0	5.4047619047619051	0.0	-5.5952380952380949	1	1
1.9871280193328857	1	11.1625	6.4625000000000004	11.1625	6.4625000000000004	0	5	90	7.3478807948841188e-16	6.4047619047619051	1	9.0	5.4047619047619051	0.0	-5.5952380952380949	1	1
2.0039708614349365	1	11.1625	6.4065476190476183	11.1625	6.4065476190476192	0	5	90	7.3478807948841188e-16	6.4047619047619051	1	9.0	5.4047619047619051	0.0	-5.5952380952380949	1	1
2.020577907562256	1	11.050595238095237	6.1827380952380953	11.050595238095237	6.1827380952380953	0	5	90	7.3478807948841188e-16	6.4047619047619051	1	9.0	5.4047619047619051	0.0	-5.5952380952380949	1	1
2.0370869636535645	1	10.938690476190477	6.0708333333333329	10.938690476190477	6.0708333333333337	0	5	90	7.3478807948841188e-16	6.4047619047619051	1	9.0	5.4047619047619051	0.0	-5.5952380952380949	1	1
2.05377197265625	1	10.491071428571429	5.7910714285714278	10.491071428571429	5.7910714285714286	0	5	90	7.3478807948841188e-16	6.4047619047619051	1	9.0	5.4047619047619051	0.0	-5.5952380952380949	1	1
2.0704150199890137	1	9.819642857142858	5.4553571428571423	9.819642857142858	5.4553571428571432	0	5	90	7.3478807948841188e-16	6.4047619047619051	1	9.0	5.4047619047619051	0.0	-5.5952380952380949	1	1
2.0868589878082275	1	8.980357142857143	5.0916666666666668	8.9803571428571427	5.0916666666666668	0	5	90	7.3478807948841188e-16	6.4047619047619051	1	9.0	5.4047619047619051	0.0	-5.5952380952380949	1	1
2.103529930114746	1	8.532738095238095	4.8678571428571438	8.5327380952380949	4.8678571428571429	0	5	90	7.3478807948841188e-16	6.4047619047619051	1	9.0	5.4047619047619051	0.0	-5.5952380952380949	1	1
2.1201298236846924	1	7.6375	4.4482142857142861	7.6375000000000002	4.4482142857142861	0	5	90	7.3478807948841188e-16	6.4047619047619051	1	9.0	5.4047619047619051	0.0	-5.5952380952380949	1	1
2.1367368698120117	1	7.189880952380952	4.2244047619047613	7.1898809523809524	4.2244047619047622	0	5	90	7.3478807948841188e-16	6.4047619047619051	1	9.0	5.4047619047619051	0.0	-5.5952380952380949	1	1
2.1533169746398926	1	6.2386904761904765	3.6928571428571431	6.2386904761904765	3.6928571428571431	0	5	90	7.3478807948841188e-16	6.4047619047619051	1	9.0	5.4047619047619051	0.0	-5.5952380952380949	1	1
2.169651985168457	1	5.231547619047619	3.1333333333333329	5.2315476190476193	3.1333333333333333	0	5	90	7.3478807948841188e-16	6.4047619047619051	1	9.0	5.4047619047619051	0.0	-5.5952380952380949	1	1
2.1862659454345703	1	4.72797619047619	2.8255952380952376	4.7279761904761903	2.825595238095238	0	5	90	7.3478807948841188e-16	6.4047619047619051	1	9.0	5.4047619047619051	0.0	-5.5952380952380949	1	1
2.2028348445892334	1	3.720833333333333	2.2101190476190471	3.7208333333333332	2.2101190476190475	0	5	90	7.3478807948841188e-16	6.4047619047619051	1	9.0	5.4047619047619051	0.0	-5.5952380952380949	1	1
2.219374895095825	1	2.825595238095238	1.5946428571428575	2.825595238095238	1.5946428571428573	0	5	90	7.3478807948841188e-16	6.4047619047619051	1	9.0	5.4047619047619051	0.0	-5.5952380952380949	1	1
2.2359678745269775	1	2.405952380952381	1.2869047619047622	2.4059523809523808	1.286904761904762	0	5	90	7.3478807948841188e-16	6.4047619047619051	1	9.0	5.4047619047619051	0.0	-5.5952380952380949	1	1
2.2526237964630127	1	1.650595238095238	0.69940476190476186	1.650595238095238	0.69940476190476186	0	5	90	7.3478807948841188e-16	6.4047619047619051	1	9.0	5.4047619047619051	0.0	-5.5952380952380949	1	1
2.269239902496338	1	0.9511904761904761	0.11190476190476151	0.95119047619047614	0.11190476190476191	0	5	90	7.3478807948841188e-16	6.4047619047619051	1	9.0	5.4047619047619051	0.0	-5.5952380952380949	1	1
2.285804033279419	1	0.643452380952381	-0.13988095238095255	0.643452380952381	-0.13988095238095238	0	5	90	7.3478807948841188e-16	6.4047619047619051	1	9.0	5.4047619047619051	0.0	-5.5952380952380949	1	1
2.3024048805236816	1	0.08392857142857142	-0.67142857142857171	0.083928571428571422	-0.67142857142857137	0	5	90	7.3478807948841188e-16	6.4047619047619051	1	9.0	5.4047619047619051	0.0	-5.5952380952380949	1	1
2.3192498683929443	1	-0.39166666666666666	-1.1190476190476186	-0.39166666666666666	-1.1190476190476191	0	5	90	7.3478807948841188e-16	6.4047619047619051	1	9.0	5.4047619047619051	0.0	-5.5952380952380949	1	1
2.335831880569458	1	-0.5875	-1.3148809523809524	-0.58750000000000002	-1.3148809523809524	0	5	90	7.3478807948841188e-16	6.4047619047619051	1	9.0	5.4047619047619051	0.0	-5.5952380952380949	1	1
2.352423906326294	1	-0.9511904761904761	-1.6785714285714288	-0.95119047619047614	-1.6785714285714286	0	5	90	7.3478807948841188e-16	6.4047619047619051	1	9.0	5.4047619047619051	0.0	-5.5952380952380949	1	1
2.369067907333374	1	-1.0910714285714285	-1.8464285714285715	-1.0910714285714285	-1.8464285714285715	0	5	90	7.3478807948841188e-16	6.4047619047619051	1	9.0	5.4047619047619051	0.0	-5.5952380952380949	1	1
2.385680913925171	1	-1.3428571428571427	-2.1541666666666668	-1.3428571428571427	-2.1541666666666668	0	5	90	7.3478807948841188e-16	6.4047619047619051	1	9.0	5.4047619047619051	0.0	-5.5952380952380949	1	1
2.4020910263061523	1	-1.5386904761904763	-2.4339285714285714	-1.5386904761904763	-2.4339285714285714	0	5	90	7.3478807948841188e-16	6.4047619047619051	1	9.0	5.4047619047619051	0.0	-5.5952380952380949	1	1
2.418813943862915	1	-1.6785714285714286	-2.6857142857142855	-1.6785714285714286	-2.6857142857142855	0	5	90	7.3478807948841188e-16	6.4047619047619051	1	9.0	5.4047619047619051	0.0	-5.5952380952380949	1	1
2.4353668689727783	1	-1.706547619047619	-2.825595238095238	-1.706547619047619	-2.825595238095238	0	5	90	7.3478807948841188e-16	6.4047619047619051	1	9.0	5.4047619047619051	0.0	-5.5952380952380949	1	1
2.4520180225372314	1	-1.7625	-3.049404761904762	-1.7625	-3.049404761904762	0	5	90	7.3478807948841188e-16	6.4047619047619051	1	9.0	5.4047619047619051	0.0	-5.5952380952380949	1	1
2.4686639308929443	1	-1.7625	-3.1613095238095239	-1.7625	-3.1613095238095239	0	5	90	7.3478807948841188e-16	6.4047619047619051	1	9.0	5.4047619047619051	0.0	-5.5952380952380949	1	1
2.485189914703369	1	-1.7625	-3.3851190476190478	-1.7625	-3.3851190476190478	0	5	90	7.3478807948841188e-16	6.4047619047619051	1	9.0	5.4047619047619051	0.0	-5.5952380952380949	1	1
2.5017788410186768	1	-1.7625	-3.6369047619047619	-1.7625	-3.6369047619047619	0	5	90	7.3478807948841188e-16	6.4047619047619051	1	9.0	5.4047619047619051	0.0	-5.5952380952380949	1	1
2.518420934677124	1	-1.7625	-3.8607142857142858	-1.7625	-3.8607142857142858	0	5	90	7.3478807948841188e-16	6.4047619047619051	1	9.0	5.4047619047619051	0.0	-5.5952380952380949	1	1
2.5349409580230713	1	-1.7345238095238096	-3.9726190476190477	-1.7345238095238096	-3.9726190476190477	0	5	90	7.3478807948841188e-16	6.4047619047619051	1	9.0	5.4047619047619051	0.0	-5.5952380952380949	1	1
2.5515668392181396	1	-1.7345238095238096	-4.168452380952381	-1.7345238095238096	-4.168452380952381	0	5	90	7.3478807948841188e-16	6.4047619047619051	1	9.0	5.4047619047619051	0.0	-5.5952380952380949	1	1
2.5681188106536865	1	-1.7345238095238096	-4.2523809523809524	-1.7345238095238096	-4.2523809523809524	0	5	90	7.3478807948841188e-16	6.4047619047619051	1	9.0	5.4047619047619051	0.0	-5.5952380952380949	1	1
2.5848309993743896	1	-1.7345238095238096	-4.3642857142857139	-1.7345238095238096	-4.3642857142857139	0	5	90	7.3478807948841188e-16	6.4047619047619051	1	9.0	5.4047619047619051	0.0	-5.5952380952380949	1	1
2.6013779640197754	1	-1.7625	-4.5041666666666664	-1.7625	-4.5041666666666664	0	5	90	7.3478807948841188e-16	6.4047619047619051	1	9.0	5.4047619047619051	0.0	-5.5952380952380949	1	1
2.6179428100585938	1	-1.7904761904761906	-4.6160714285714288	-1.7904761904761906	-4.6160714285714288	0	5	90	7.3478807948841188e-16	6.4047619047619051	1	9.0	5.4047619047619051	0.0	-5.5952380952380949	1	1
2.6345579624176025	1	-1.8464285714285715	-4.6720238095238091	-1.8464285714285715	-4.6720238095238091	0	5	90	7.3478807948841188e-16	6.4047619047619051	1	9.0	5.4047619047619051	0.0	-5.5952380952380949	1	1
2.651132822036743	1	-1.9583333333333333	-4.7839285714285715	-1.9583333333333333	-4.7839285714285715	0	5	90	7.3478807948841188e-16	6.4047619047619051	1	9.0	5.4047619047619051	0.0	-5.5952380952380949	1	1
2.667711019515991	1	-2.0142857142857142	-4.8398809523809527	-2.0142857142857142	-4.8398809523809527	0	5	90	7.3478807948841188e-16	6.4047619047619051	1	9.0	5.4047619047619051	0.0	-5.5952380952380949	1	1
2.684351921081543	1	-2.126190476190476	-4.9797619047619044	-2.1261904761904762	-4.9797619047619044	0	5	90	7.3478807948841188e-16	6.4047619047619051	1	9.0	5.4047619047619051	0.0	-5.5952380952380949	1	1
2.700958013534546	1	-2.2101190476190475	-5.0636904761904766	-2.2101190476190475	-5.0636904761904766	0	5	90	7.3478807948841188e-16	6.4047619047619051	1	9.0	5.4047619047619051	0.0	-5.5952380952380949	1	1
2.7175188064575195	1	-2.2101190476190475	-5.147619047619048	-2.2101190476190475	-5.147619047619048	0	5	90	7.3478807948841188e-16	6.4047619047619051	1	9.0	5.4047619047619051	0.0	-5.5952380952380949	1	1
2.7338569164276123	1	-2.2101190476190475	-5.2035714285714283	-2.2101190476190475	-5.2035714285714283	0	5	90	7.3478807948841188e-16	6.4047619047619051	1	9.0	5.4047619047619051	0.0	-5.5952380952380949	1	1
2.750699996948242	1	-2.126190476190476	-5.2595238095238095	-2.1261904761904762	-5.2595238095238095	0	5	90	7.3478807948841188e-16	6.4047619047619051	1	9.0	5.4047619047619051	0.0	-5.5952380952380949	1	1
2.7672648429870605	1	-2.042261904761905	-5.3154761904761907	-2.0422619047619048	-5.3154761904761907	0	5	90	7.3478807948841188e-16	6.4047619047619051	1	9.0	5.4047619047619051	0.0	-5.5952380952380949	1	1
2.783914804458618	1	-1.818452380952381	-5.399404761904762	-1.8184523809523809	-5.399404761904762	0	5	90	7.3478807948841188e-16	6.4047619047619051	1	9.0	5.4047619047619051	0.0	-5.5952380952380949	1	1
2.8005118370056152	1	-1.5666666666666667	-5.4273809523809522	-1.5666666666666667	-5.4273809523809522	0	5	90	7.3478807948841188e-16	6.4047619047619051	1	9.0	5.4047619047619051	0.0	-5.5952380952380949	1	1
2.8170878887176514	1	-1.4547619047619047	-5.4273809523809522	-1.4547619047619047	-5.4273809523809522	0	5	90	7.3478807948841188e-16	6.4047619047619051	1	9.0	5.4047619047619051	0.0	-5.5952380952380949	1	1
2.8336968421936035	1	-1.230952380952381	-5.4553571428571432	-1.230952380952381	-5.4553571428571432	0	5	90	7.3478807948841188e-16	6.4047619047619051	1	9.0	5.4047619047619051	0.0	-5.5952380952380949	1	1
2.8503119945526123	1	-1.0071428571428571	-5.4273809523809522	-1.0071428571428571	-5.4273809523809522	0	5	90	7.3478807948841188e-16	6.4047619047619051	1	9.0	5.4047619047619051	0.0	-5.5952380952380949	1	1
2.8667778968811035	1	-0.8952380952380953	-5.4273809523809522	-0.89523809523809528	-5.4273809523809522	0	5	90	7.3478807948841188e-16	6.4047619047619051	1	9.0	5.4047619047619051	0.0	-5.5952380952380949	1	1
2.8835058212280273	1	-0.6714285714285714	-5.4273809523809522	-0.67142857142857137	-5.4273809523809522	0	5	90	7.3478807948841188e-16	6.4047619047619051	1	9.0	5.4047619047619051	0.0	-5.5952380952380949	1	1
2.9000580310821533	1	-0.5035714285714286	-5.4273809523809522	-0.50357142857142856	-5.4273809523809522	0	5	90	7.3478807948841188e-16	6.4047619047619051	1	9.0	5.4047619047619051	0.0	-5.5952380952380949	1	1
