time	trial	cursorx	cursory	hand_x	hand_Y	rotation	step	targetangle	targetposx	targetposy	garagelocation	garageposx	garageposy	homex	homey	group	trial_type
9.5367431640625e-07	3	-0.44761904761904764	-5.7351190476190474	-0.44761904761904764	-5.7351190476190474	0	5	90	7.3478807948841188e-16	6.4047619047619051	-1	-9.0	5.4047619047619051	0.0	-5.5952380952380949	1	1
0.029721975326538086	3	-0.30773809523809526	-5.7351190476190474	-0.30773809523809526	-5.7351190476190474	0	1	90	7.3478807948841188e-16	6.4047619047619051	-1	-9.0	5.4047619047619051	0.0	-5.5952380952380949	1	1
0.04641890525817871	3	-0.2517857142857143	-5.7351190476190474	-0.25178571428571428	-5.7351190476190474	0	1	90	7.3478807948841188e-16	6.4047619047619051	-1	-9.0	5.4047619047619051	0.0	-5.5952380952380949	1	1
0.06296181678771973	3	-0.2517857142857143	-5.7071428571428573	-0.25178571428571428	-5.7071428571428573	0	1	90	7.3478807948841188e-16	6.4047619047619051	-1	-9.0	5.4047619047619051	0.0	-5.5952380952380949	1	1
0.07956790924072266	3	-0.19583333333333333	-5.7071428571428573	-0.19583333333333333	-5.7071428571428573	0	1	90	7.3478807948841188e-16	6.4047619047619051	-1	-9.0	5.4047619047619051	0.0	-5.5952380952380949	1	1
0.09617185592651367	3	-0.16785714285714284	-5.7071428571428573	-0.16785714285714284	-5.7071428571428573	0	1	90	7.3478807948841188e-16	6.4047619047619051	-1	-9.0	5.4047619047619051	0.0	-5.5952380952380949	1	1
0.11278700828552246	3	-0.13988095238095238	-5.7071428571428573	-0.13988095238095238	-5.7071428571428573	0	1	90	7.3478807948841188e-16	6.4047619047619051	-1	-9.0	5.4047619047619051	0.0	-5.5952380952380949	1	1
0.12932682037353516	3	-0.11190476190476191	-5.7071428571428573	-0.11190476190476191	-5.7071428571428573	0	1	90	7.3478807948841188e-16	6.4047619047619051	-1	-9.0	5.4047619047619051	0.0	-5.5952380952380949	1	1
0.14592599868774414	3	-0.11190476190476191	-5.7071428571428573	-0.11190476190476191	-5.7071428571428573	0	1	90	7.3478807948841188e-16	6.4047619047619051	-1	-9.0	5.4047619047619051	0.0	-5.5952380952380949	1	1
0.1624917984008789	3	-0.11190476190476191	-5.7071428571428573	-0.11190476190476191	-5.7071428571428573	0	1	90	7.3478807948841188e-16	6.4047619047619051	-1	-9.0	5.4047619047619051	0.0	-5.5952380952380949	1	1
0.17886781692504883	3	-0.11190476190476191	-5.7071428571428573	-0.11190476190476191	-5.7071428571428573	0	1	90	7.3478807948841188e-16	6.4047619047619051	-1	-9.0	5.4047619047619051	0.0	-5.5952380952380949	1	1
0.1954200267791748	3	-0.11190476190476191	-5.7071428571428573	-0.11190476190476191	-5.7071428571428573	0	1	90	7.3478807948841188e-16	6.4047619047619051	-1	-9.0	5.4047619047619051	0.0	-5.5952380952380949	1	1
0.21201181411743164	3	-0.11190476190476191	-5.7071428571428573	-0.11190476190476191	-5.7071428571428573	0	1	90	7.3478807948841188e-16	6.4047619047619051	-1	-9.0	5.4047619047619051	0.0	-5.5952380952380949	1	1
0.2286369800567627	3	-0.11190476190476191	-5.7071428571428573	-0.11190476190476191	-5.7071428571428573	0	1	90	7.3478807948841188e-16	6.4047619047619051	-1	-9.0	5.4047619047619051	0.0	-5.5952380952380949	1	1
0.2452378273010254	3	-0.11190476190476191	-5.7071428571428573	-0.11190476190476191	-5.7071428571428573	0	1	90	7.3478807948841188e-16	6.4047619047619051	-1	-9.0	5.4047619047619051	0.0	-5.5952380952380949	1	1
0.26177191734313965	3	-0.11190476190476191	-5.7071428571428573	-0.11190476190476191	-5.7071428571428573	0	1	90	7.3478807948841188e-16	6.4047619047619051	-1	-9.0	5.4047619047619051	0.0	-5.5952380952380949	1	1
0.27846384048461914	3	-0.11190476190476191	-5.6791666666666663	-0.11190476190476191	-5.6791666666666663	0	1	90	7.3478807948841188e-16	6.4047619047619051	-1	-9.0	5.4047619047619051	0.0	-5.5952380952380949	1	1
0.29497385025024414	3	-0.11190476190476191	-5.6791666666666663	-0.11190476190476191	-5.6791666666666663	0	1	90	7.3478807948841188e-16	6.4047619047619051	-1	-9.0	5.4047619047619051	0.0	-5.5952380952380949	1	1
0.31165480613708496	3	-0.11190476190476191	-5.6791666666666663	-0.11190476190476191	-5.6791666666666663	0	1	90	7.3478807948841188e-16	6.4047619047619051	-1	-9.0	5.4047619047619051	0.0	-5.5952380952380949	1	1
0.3285088539123535	3	-0.11190476190476191	-5.6791666666666663	-0.11190476190476191	-5.6791666666666663	0	1	90	7.3478807948841188e-16	6.4047619047619051	-1	-9.0	5.4047619047619051	0.0	-5.5952380952380949	1	1
0.3450808525085449	3	-0.11190476190476191	-5.6511904761904761	-0.11190476190476191	-5.6511904761904761	0	1	90	7.3478807948841188e-16	6.4047619047619051	-1	-9.0	5.4047619047619051	0.0	-5.5952380952380949	1	1
0.36161088943481445	3	-0.11190476190476191	-5.6232142857142859	-0.11190476190476191	-5.6232142857142859	0	1	90	7.3478807948841188e-16	6.4047619047619051	-1	-9.0	5.4047619047619051	0.0	-5.5952380952380949	1	1
0.37830400466918945	3	-0.13988095238095238	-5.5392857142857146	-0.13988095238095238	-5.5392857142857146	0	1	90	7.3478807948841188e-16	6.4047619047619051	-1	-9.0	5.4047619047619051	0.0	-5.5952380952380949	1	1
0.3948209285736084	3	-0.11190476190476191	-5.399404761904762	-0.11190476190476191	-5.399404761904762	0	1	90	7.3478807948841188e-16	6.4047619047619051	-1	-9.0	5.4047619047619051	0.0	-5.5952380952380949	1	1
0.4114558696746826	3	-0.11190476190476191	-5.2315476190476193	-0.11190476190476191	-5.2315476190476193	0	1	90	7.3478807948841188e-16	6.4047619047619051	-1	-9.0	5.4047619047619051	0.0	-5.5952380952380949	1	1
0.42804694175720215	3	-0.08392857142857142	-5.147619047619048	-0.083928571428571422	-5.147619047619048	0	1	90	7.3478807948841188e-16	6.4047619047619051	-1	-9.0	5.4047619047619051	0.0	-5.5952380952380949	1	1
0.444652795791626	3	-0.055952380952380955	-4.9238095238095241	-0.055952380952380955	-4.9238095238095241	0	1	90	7.3478807948841188e-16	6.4047619047619051	-1	-9.0	5.4047619047619051	0.0	-5.5952380952380949	1	1
0.46121692657470703	3	-0.055952380952380955	-4.8119047619047617	-0.055952380952380955	-4.8119047619047617	0	1	90	7.3478807948841188e-16	6.4047619047619051	-1	-9.0	5.4047619047619051	0.0	-5.5952380952380949	1	1
0.4778268337249756	3	-0.027976190476190477	-4.5321428571428575	-0.027976190476190477	-4.5321428571428575	0	1	90	7.3478807948841188e-16	6.4047619047619051	-1	-9.0	5.4047619047619051	0.0	-5.5952380952380949	1	1
0.49416399002075195	3	0.0	-4.2244047619047622	0.0	-4.2244047619047622	0	1	90	7.3478807948841188e-16	6.4047619047619051	-1	-9.0	5.4047619047619051	0.0	-5.5952380952380949	1	1
0.5107889175415039	3	0.027976190476190477	-4.0565476190476186	0.027976190476190477	-4.0565476190476186	0	1	90	7.3478807948841188e-16	6.4047619047619051	-1	-9.0	5.4047619047619051	0.0	-5.5952380952380949	1	1
0.5273568630218506	3	0.055952380952380955	-3.6928571428571431	0.055952380952380955	-3.6928571428571431	0	1	90	7.3478807948841188e-16	6.4047619047619051	-1	-9.0	5.4047619047619051	0.0	-5.5952380952380949	1	1
0.5439310073852539	3	0.11190476190476191	-3.301190476190476	0.11190476190476191	-3.301190476190476	0	1	90	7.3478807948841188e-16	6.4047619047619051	-1	-9.0	5.4047619047619051	0.0	-5.5952380952380949	1	1
0.5605149269104004	3	0.13988095238095238	-3.1053571428571427	0.13988095238095238	-3.1053571428571427	0	1	90	7.3478807948841188e-16	6.4047619047619051	-1	-9.0	5.4047619047619051	0.0	-5.5952380952380949	1	1
0.5772089958190918	3	0.16785714285714284	-2.7136904761904761	0.16785714285714284	-2.7136904761904761	0	2	90	7.3478807948841188e-16	6.4047619047619051	-1	-9.0	5.4047619047619051	0.0	-5.5952380952380949	1	1
0.5937159061431885	3	0.19583333333333333	-2.2940476190476189	0.19583333333333333	-2.2940476190476189	0	2	90	7.3478807948841188e-16	6.4047619047619051	-1	-9.0	5.4047619047619051	0.0	-5.5952380952380949	1	1
0.6102948188781738	3	0.22380952380952382	-2.0702380952380954	0.22380952380952382	-2.0702380952380954	0	2	90	7.3478807948841188e-16	6.4047619047619051	-1	-9.0	5.4047619047619051	0.0	-5.5952380952380949	1	1
0.6268658638000488	3	0.22380952380952382	-1.6505952380952378	0.22380952380952382	-1.650595238095238	0	2	90	7.3478807948841188e-16	6.4047619047619051	-1	-9.0	5.4047619047619051	0.0	-5.5952380952380949	1	1
0.6435198783874512	3	0.22380952380952382	-1.230952380952381	0.22380952380952382	-1.230952380952381	0	2	90	7.3478807948841188e-16	6.4047619047619051	-1	-9.0	5.4047619047619051	0.0	-5.5952380952380949	1	1
0.6603889465332031	3	0.2517857142857143	-1.0071428571428571	0.25178571428571428	-1.0071428571428571	0	2	90	7.3478807948841188e-16	6.4047619047619051	-1	-9.0	5.4047619047619051	0.0	-5.5952380952380949	1	1
0.6770298480987549	3	0.2517857142857143	-0.55952380952380931	0.25178571428571428	-0.55952380952380953	0	2	90	7.3478807948841188e-16	6.4047619047619051	-1	-9.0	5.4047619047619051	0.0	-5.5952380952380949	1	1
0.6935369968414307	3	0.2517857142857143	-0.33571428571428541	0.25178571428571428	-0.33571428571428569	0	2	90	7.3478807948841188e-16	6.4047619047619051	-1	-9.0	5.4047619047619051	0.0	-5.5952380952380949	1	1
0.7101798057556152	3	0.22380952380952382	0.13988095238095255	0.22380952380952382	0.13988095238095238	0	2	90	7.3478807948841188e-16	6.4047619047619051	-1	-9.0	5.4047619047619051	0.0	-5.5952380952380949	1	1
0.7267599105834961	3	0.22380952380952382	0.55952380952380931	0.22380952380952382	0.55952380952380953	0	2	90	7.3478807948841188e-16	6.4047619047619051	-1	-9.0	5.4047619047619051	0.0	-5.5952380952380949	1	1
0.7433059215545654	3	0.19583333333333333	0.78333333333333321	0.19583333333333333	0.78333333333333333	0	2	90	7.3478807948841188e-16	6.4047619047619051	-1	-9.0	5.4047619047619051	0.0	-5.5952380952380949	1	1
0.7598979473114014	3	0.19583333333333333	1.1749999999999998	0.19583333333333333	1.175	0	2	90	7.3478807948841188e-16	6.4047619047619051	-1	-9.0	5.4047619047619051	0.0	-5.5952380952380949	1	1
0.7765979766845703	3	0.22380952380952382	1.5946428571428575	0.22380952380952382	1.5946428571428573	0	2	90	7.3478807948841188e-16	6.4047619047619051	-1	-9.0	5.4047619047619051	0.0	-5.5952380952380949	1	1
0.7931478023529053	3	0.22380952380952382	1.7625000000000002	0.22380952380952382	1.7625	0	2	90	7.3478807948841188e-16	6.4047619047619051	-1	-9.0	5.4047619047619051	0.0	-5.5952380952380949	1	1
0.8097109794616699	3	0.19583333333333333	2.1541666666666668	0.19583333333333333	2.1541666666666668	0	2	90	7.3478807948841188e-16	6.4047619047619051	-1	-9.0	5.4047619047619051	0.0	-5.5952380952380949	1	1
0.8262917995452881	3	0.13988095238095238	2.5178571428571423	0.13988095238095238	2.5178571428571428	0	2	90	7.3478807948841188e-16	6.4047619047619051	-1	-9.0	5.4047619047619051	0.0	-5.5952380952380949	1	1
0.8429408073425293	3	0.11190476190476191	2.6857142857142851	0.11190476190476191	2.6857142857142855	0	2	90	7.3478807948841188e-16	6.4047619047619051	-1	-9.0	5.4047619047619051	0.0	-5.5952380952380949	1	1
0.8595049381256104	3	0.055952380952380955	2.9934523809523803	0.055952380952380955	2.9934523809523808	0	2	90	7.3478807948841188e-16	6.4047619047619051	-1	-9.0	5.4047619047619051	0.0	-5.5952380952380949	1	1
0.8760600090026855	3	0.0	3.3011904761904756	0.0	3.301190476190476	0	2	90	7.3478807948841188e-16	6.4047619047619051	-1	-9.0	5.4047619047619051	0.0	-5.5952380952380949	1	1
0.892725944519043	3	-0.027976190476190477	3.4410714285714281	-0.027976190476190477	3.4410714285714286	0	2	90	7.3478807948841188e-16	6.4047619047619051	-1	-9.0	5.4047619047619051	0.0	-5.5952380952380949	1	1
0.9091918468475342	3	-0.027976190476190477	3.7208333333333332	-0.027976190476190477	3.7208333333333332	0	2	90	7.3478807948841188e-16	6.4047619047619051	-1	-9.0	5.4047619047619051	0.0	-5.5952380952380949	1	1
0.9257969856262207	3	-0.055952380952380955	3.9726190476190482	-0.055952380952380955	3.9726190476190477	0	2	90	7.3478807948841188e-16	6.4047619047619051	-1	-9.0	5.4047619047619051	0.0	-5.5952380952380949	1	1
0.9424610137939453	3	-0.055952380952380955	4.0845238095238088	-0.055952380952380955	4.0845238095238097	0	2	90	7.3478807948841188e-16	6.4047619047619051	-1	-9.0	5.4047619047619051	0.0	-5.5952380952380949	1	1
0.9590408802032471	3	-0.055952380952380955	4.3363095238095237	-0.055952380952380955	4.3363095238095237	0	2	90	7.3478807948841188e-16	6.4047619047619051	-1	-9.0	5.4047619047619051	0.0	-5.5952380952380949	1	1
0.9753968715667725	3	-0.08392857142857142	4.5601190476190467	-0.083928571428571422	4.5601190476190476	0	2	90	7.3478807948841188e-16	6.4047619047619051	-1	-9.0	5.4047619047619051	0.0	-5.5952380952380949	1	1
0.9920439720153809	3	-0.08392857142857142	4.6720238095238091	-0.083928571428571422	4.6720238095238091	0	2	90	7.3478807948841188e-16	6.4047619047619051	-1	-9.0	5.4047619047619051	0.0	-5.5952380952380949	1	1
1.0085868835449219	3	-0.11190476190476191	4.8678571428571438	-0.11190476190476191	4.8678571428571429	0	2	90	7.3478807948841188e-16	6.4047619047619051	-1	-9.0	5.4047619047619051	0.0	-5.5952380952380949	1	1
1.025148868560791	3	-0.13988095238095238	5.0357142857142847	-0.13988095238095238	5.0357142857142856	0	2	90	7.3478807948841188e-16	6.4047619047619051	-1	-9.0	5.4047619047619051	0.0	-5.5952380952380949	1	1
1.0417828559875488	3	-0.13988095238095238	5.1196428571428569	-0.13988095238095238	5.1196428571428569	0	2	90	7.3478807948841188e-16	6.4047619047619051	-1	-9.0	5.4047619047619051	0.0	-5.5952380952380949	1	1
1.0583348274230957	3	-0.16785714285714284	5.2874999999999996	-0.16785714285714284	5.2874999999999996	0	2	90	7.3478807948841188e-16	6.4047619047619051	-1	-9.0	5.4047619047619051	0.0	-5.5952380952380949	1	1
1.074908971786499	3	-0.16785714285714284	5.3714285714285701	-0.16785714285714284	5.371428571428571	0	2	90	7.3478807948841188e-16	6.4047619047619051	-1	-9.0	5.4047619047619051	0.0	-5.5952380952380949	1	1
1.0915799140930176	3	-0.19583333333333333	5.5113095238095227	-0.19583333333333333	5.5113095238095235	0	2	90	7.3478807948841188e-16	6.4047619047619051	-1	-9.0	5.4047619047619051	0.0	-5.5952380952380949	1	1
1.1081678867340088	3	-0.19583333333333333	5.6232142857142868	-0.19583333333333333	5.6232142857142859	0	2	90	7.3478807948841188e-16	6.4047619047619051	-1	-9.0	5.4047619047619051	0.0	-5.5952380952380949	1	1
1.1247270107269287	3	-0.19583333333333333	5.7071428571428573	-0.19583333333333333	5.7071428571428573	0	2	90	7.3478807948841188e-16	6.4047619047619051	-1	-9.0	5.4047619047619051	0.0	-5.5952380952380949	1	1
1.1412978172302246	3	-0.19583333333333333	5.7630952380952394	-0.19583333333333333	5.7630952380952385	0	2	90	7.3478807948841188e-16	6.4047619047619051	-1	-9.0	5.4047619047619051	0.0	-5.5952380952380949	1	1
1.1578869819641113	3	-0.22380952380952382	5.8470238095238098	-0.22380952380952382	5.8470238095238098	0	2	90	7.3478807948841188e-16	6.4047619047619051	-1	-9.0	5.4047619047619051	0.0	-5.5952380952380949	1	1
1.1745049953460693	3	-0.22380952380952382	5.875	-0.22380952380952382	5.875	0	2	90	7.3478807948841188e-16	6.4047619047619051	-1	-9.0	5.4047619047619051	0.0	-5.5952380952380949	1	1
1.1911067962646484	3	-0.22380952380952382	5.9589285714285722	-0.22380952380952382	5.9589285714285714	0	2	90	7.3478807948841188e-16	6.4047619047619051	-1	-9.0	5.4047619047619051	0.0	-5.5952380952380949	1	1
1.2076728343963623	3	-0.22380952380952382	6.0148809523809526	-0.22380952380952382	6.0148809523809526	0	2	90	7.3478807948841188e-16	6.4047619047619051	-1	-9.0	5.4047619047619051	0.0	-5.5952380952380949	1	1
1.2242538928985596	3	-0.22380952380952382	6.0708333333333329	-0.22380952380952382	6.0708333333333337	0	2	90	7.3478807948841188e-16	6.4047619047619051	-1	-9.0	5.4047619047619051	0.0	-5.5952380952380949	1	1
1.240921974182129	3	-0.22380952380952382	6.0988095238095248	-0.22380952380952382	6.0988095238095239	0	2	90	7.3478807948841188e-16	6.4047619047619051	-1	-9.0	5.4047619047619051	0.0	-5.5952380952380949	1	1
1.25746488571167	3	-0.22380952380952382	6.1547619047619051	-0.22380952380952382	6.1547619047619051	0	2	90	7.3478807948841188e-16	6.4047619047619051	-1	-9.0	5.4047619047619051	0.0	-5.5952380952380949	1	1
1.2740349769592285	3	-0.22380952380952382	6.1827380952380953	-0.22380952380952382	6.1827380952380953	0	2	90	7.3478807948841188e-16	6.4047619047619051	-1	-9.0	5.4047619047619051	0.0	-5.5952380952380949	1	1
1.2907078266143799	3	-0.22380952380952382	6.2107142857142854	-0.22380952380952382	6.2107142857142854	0	2	90	7.3478807948841188e-16	6.4047619047619051	-1	-9.0	5.4047619047619051	0.0	-5.5952380952380949	1	1
1.3075950145721436	3	-0.22380952380952382	6.2666666666666657	-0.22380952380952382	6.2666666666666666	0	2	90	7.3478807948841188e-16	6.4047619047619051	-1	-9.0	5.4047619047619051	0.0	-5.5952380952380949	1	1
1.324145793914795	3	-0.22380952380952382	6.2946428571428577	-0.22380952380952382	6.2946428571428568	0	2	90	7.3478807948841188e-16	6.4047619047619051	-1	-9.0	5.4047619047619051	0.0	-5.5952380952380949	1	1
1.3407118320465088	3	-0.22380952380952382	6.3226190476190478	-0.22380952380952382	6.3226190476190478	0	2	90	7.3478807948841188e-16	6.4047619047619051	-1	-9.0	5.4047619047619051	0.0	-5.5952380952380949	1	1
1.3572828769683838	3	-0.19583333333333333	6.350595238095238	-0.19583333333333333	6.350595238095238	0	2	90	7.3478807948841188e-16	6.4047619047619051	-1	-9.0	5.4047619047619051	0.0	-5.5952380952380949	1	1
1.373905897140503	3	-0.19583333333333333	6.350595238095238	-0.19583333333333333	6.350595238095238	0	2	90	7.3478807948841188e-16	6.4047619047619051	-1	-9.0	5.4047619047619051	0.0	-5.5952380952380949	1	1
1.3905348777770996	3	-0.19583333333333333	6.350595238095238	-0.19583333333333333	6.350595238095238	0	2	90	7.3478807948841188e-16	6.4047619047619051	-1	-9.0	5.4047619047619051	0.0	-5.5952380952380949	1	1
1.4070708751678467	3	-0.19583333333333333	6.350595238095238	-0.19583333333333333	6.350595238095238	0	2	90	7.3478807948841188e-16	6.4047619047619051	-1	-9.0	5.4047619047619051	0.0	-5.5952380952380949	1	1
1.423666000366211	3	-0.19583333333333333	6.350595238095238	-0.19583333333333333	6.350595238095238	0	2	90	7.3478807948841188e-16	6.4047619047619051	-1	-9.0	5.4047619047619051	0.0	-5.5952380952380949	1	1
1.4403448104858398	3	-0.19583333333333333	6.350595238095238	-0.19583333333333333	6.350595238095238	0	2	90	7.3478807948841188e-16	6.4047619047619051	-1	-9.0	5.4047619047619051	0.0	-5.5952380952380949	1	1
1.4566118717193604	3	-0.19583333333333333	6.350595238095238	-0.19583333333333333	6.350595238095238	0	2	90	7.3478807948841188e-16	6.4047619047619051	-1	-9.0	5.4047619047619051	0.0	-5.5952380952380949	1	1
1.47318696975708	3	-0.19583333333333333	6.350595238095238	-0.19583333333333333	6.350595238095238	0	2	90	7.3478807948841188e-16	6.4047619047619051	-1	-9.0	5.4047619047619051	0.0	-5.5952380952380949	1	1
1.4898548126220703	3	-0.19583333333333333	6.350595238095238	-0.19583333333333333	6.350595238095238	0	2	90	7.3478807948841188e-16	6.4047619047619051	-1	-9.0	5.4047619047619051	0.0	-5.5952380952380949	1	1
1.5064148902893066	3	-0.19583333333333333	6.350595238095238	-0.19583333333333333	6.350595238095238	0	2	90	7.3478807948841188e-16	6.4047619047619051	-1	-9.0	5.4047619047619051	0.0	-5.5952380952380949	1	1
1.5229449272155762	3	-0.19583333333333333	6.350595238095238	-0.19583333333333333	6.350595238095238	0	2	90	7.3478807948841188e-16	6.4047619047619051	-1	-9.0	5.4047619047619051	0.0	-5.5952380952380949	1	1
1.5395638942718506	3	-0.19583333333333333	6.350595238095238	-0.19583333333333333	6.350595238095238	0	2	90	7.3478807948841188e-16	6.4047619047619051	-1	-9.0	5.4047619047619051	0.0	-5.5952380952380949	1	1
1.5561389923095703	3	-0.19583333333333333	6.350595238095238	-0.19583333333333333	6.350595238095238	0	2	90	7.3478807948841188e-16	6.4047619047619051	-1	-9.0	5.4047619047619051	0.0	-5.5952380952380949	1	1
1.5727670192718506	3	-0.19583333333333333	6.350595238095238	-0.19583333333333333	6.350595238095238	0	2	90	7.3478807948841188e-16	6.4047619047619051	-1	-9.0	5.4047619047619051	0.0	-5.5952380952380949	1	1
1.5894567966461182	3	-0.19583333333333333	6.350595238095238	-0.19583333333333333	6.350595238095238	0	2	90	7.3478807948841188e-16	6.4047619047619051	-1	-9.0	5.4047619047619051	0.0	-5.5952380952380949	1	1
1.6059699058532715	3	-0.19583333333333333	6.350595238095238	-0.19583333333333333	6.350595238095238	0	2	90	7.3478807948841188e-16	6.4047619047619051	-1	-9.0	5.4047619047619051	0.0	-5.5952380952380949	1	1
1.6228039264678955	3	-0.19583333333333333	6.350595238095238	-0.19583333333333333	6.350595238095238	0	2	90	7.3478807948841188e-16	6.4047619047619051	-1	-9.0	5.4047619047619051	0.0	-5.5952380952380949	1	1
1.6394288539886475	3	-0.19583333333333333	6.350595238095238	-0.19583333333333333	6.350595238095238	0	2	90	7.3478807948841188e-16	6.4047619047619051	-1	-9.0	5.4047619047619051	0.0	-5.5952380952380949	1	1
1.6559889316558838	3	-0.19583333333333333	6.350595238095238	-0.19583333333333333	6.350595238095238	0	2	90	7.3478807948841188e-16	6.4047619047619051	-1	-9.0	5.4047619047619051	0.0	-5.5952380952380949	1	1
1.6725938320159912	3	-0.19583333333333333	6.350595238095238	-0.19583333333333333	6.350595238095238	0	2	90	7.3478807948841188e-16	6.4047619047619051	-1	-9.0	5.4047619047619051	0.0	-5.5952380952380949	1	1
1.6891939640045166	3	-0.19583333333333333	6.350595238095238	-0.19583333333333333	6.350595238095238	0	2	90	7.3478807948841188e-16	6.4047619047619051	-1	-9.0	5.4047619047619051	0.0	-5.5952380952380949	1	1
1.7058138847351074	3	-0.19583333333333333	6.350595238095238	-0.19583333333333333	6.350595238095238	0	2	90	7.3478807948841188e-16	6.4047619047619051	-1	-9.0	5.4047619047619051	0.0	-5.5952380952380949	1	1
1.7223598957061768	3	-0.19583333333333333	6.350595238095238	-0.19583333333333333	6.350595238095238	0	2	90	7.3478807948841188e-16	6.4047619047619051	-1	-9.0	5.4047619047619051	0.0	-5.5952380952380949	1	1
1.7389309406280518	3	-0.19583333333333333	6.350595238095238	-0.19583333333333333	6.350595238095238	0	2	90	7.3478807948841188e-16	6.4047619047619051	-1	-9.0	5.4047619047619051	0.0	-5.5952380952380949	1	1
1.7555699348449707	3	-0.19583333333333333	6.350595238095238	-0.19583333333333333	6.350595238095238	0	2	90	7.3478807948841188e-16	6.4047619047619051	-1	-9.0	5.4047619047619051	0.0	-5.5952380952380949	1	1
1.772183895111084	3	-0.19583333333333333	6.350595238095238	-0.19583333333333333	6.350595238095238	0	2	90	7.3478807948841188e-16	6.4047619047619051	-1	-9.0	5.4047619047619051	0.0	-5.5952380952380949	1	1
1.7884838581085205	3	-0.19583333333333333	6.350595238095238	-0.19583333333333333	6.350595238095238	0	2	90	7.3478807948841188e-16	6.4047619047619051	-1	-9.0	5.4047619047619051	0.0	-5.5952380952380949	1	1
1.8051378726959229	3	-0.19583333333333333	6.350595238095238	-0.19583333333333333	6.350595238095238	0	2	90	7.3478807948841188e-16	6.4047619047619051	-1	-9.0	5.4047619047619051	0.0	-5.5952380952380949	1	1
1.82167387008667	3	-0.19583333333333333	6.350595238095238	-0.19583333333333333	6.350595238095238	0	2	90	7.3478807948841188e-16	6.4047619047619051	-1	-9.0	5.4047619047619051	0.0	-5.5952380952380949	1	1
1.8382987976074219	3	-0.19583333333333333	6.350595238095238	-0.19583333333333333	6.350595238095238	0	2	90	7.3478807948841188e-16	6.4047619047619051	-1	-9.0	5.4047619047619051	0.0	-5.5952380952380949	1	1
1.8548409938812256	3	-0.19583333333333333	6.350595238095238	-0.19583333333333333	6.350595238095238	0	2	90	7.3478807948841188e-16	6.4047619047619051	-1	-9.0	5.4047619047619051	0.0	-5.5952380952380949	1	1
1.8714308738708496	3	-0.22380952380952382	6.350595238095238	-0.22380952380952382	6.350595238095238	0	2	90	7.3478807948841188e-16	6.4047619047619051	-1	-9.0	5.4047619047619051	0.0	-5.5952380952380949	1	1
1.8880119323730469	3	-0.27976190476190477	6.350595238095238	-0.27976190476190477	6.3226190476190478	0	2	90	7.3478807948841188e-16	6.4047619047619051	-1	-9.0	5.4047619047619051	0.0	-5.5952380952380949	1	1
1.9046969413757324	3	-0.30773809523809526	6.350595238095238	-0.30773809523809526	6.2946428571428568	0	3	90	7.3478807948841188e-16	6.4047619047619051	-1	-9.0	5.4047619047619051	0.0	-5.5952380952380949	1	1
1.9212570190429688	3	-0.41964285714285715	6.350595238095238	-0.41964285714285715	6.2666666666666666	0	4	90	7.3478807948841188e-16	6.4047619047619051	-1	-9.0	5.4047619047619051	0.0	-5.5952380952380949	1	1
1.9378228187561035	3	-0.50357142857142856	6.350595238095238	-0.50357142857142856	6.2386904761904765	0	4	90	7.3478807948841188e-16	6.4047619047619051	-1	-9.0	5.4047619047619051	0.0	-5.5952380952380949	1	1
1.954697847366333	3	-0.53154761904761905	6.350595238095238	-0.53154761904761905	6.2386904761904765	0	4	90	7.3478807948841188e-16	6.4047619047619051	-1	-9.0	5.4047619047619051	0.0	-5.5952380952380949	1	1
1.9713490009307861	3	-0.61547619047619051	6.350595238095238	-0.61547619047619051	6.2107142857142854	0	4	90	7.3478807948841188e-16	6.4047619047619051	-1	-9.0	5.4047619047619051	0.0	-5.5952380952380949	1	1
1.9879848957061768	3	-0.69940476190476186	6.350595238095238	-0.69940476190476186	6.1827380952380953	0	4	90	7.3478807948841188e-16	6.4047619047619051	-1	-9.0	5.4047619047619051	0.0	-5.5952380952380949	1	1
2.0045828819274902	3	-0.72738095238095235	6.350595238095238	-0.72738095238095235	6.1827380952380953	0	4	90	7.3478807948841188e-16	6.4047619047619051	-1	-9.0	5.4047619047619051	0.0	-5.5952380952380949	1	1
2.02089786529541	3	-0.81130952380952381	6.350595238095238	-0.81130952380952381	6.1547619047619051	0	4	90	7.3478807948841188e-16	6.4047619047619051	-1	-9.0	5.4047619047619051	0.0	-5.5952380952380949	1	1
2.0376830101013184	3	-0.86726190476190479	6.350595238095238	-0.86726190476190479	6.1267857142857141	0	4	90	7.3478807948841188e-16	6.4047619047619051	-1	-9.0	5.4047619047619051	0.0	-5.5952380952380949	1	1
2.0542399883270264	3	-0.89523809523809528	6.350595238095238	-0.89523809523809528	6.1267857142857141	0	4	90	7.3478807948841188e-16	6.4047619047619051	-1	-9.0	5.4047619047619051	0.0	-5.5952380952380949	1	1
2.070849895477295	3	-0.89523809523809528	6.350595238095238	-0.89523809523809528	6.1267857142857141	0	4	90	7.3478807948841188e-16	6.4047619047619051	-1	-9.0	5.4047619047619051	0.0	-5.5952380952380949	1	1
2.0874078273773193	3	-0.89523809523809528	6.350595238095238	-0.89523809523809528	6.1267857142857141	0	4	90	7.3478807948841188e-16	6.4047619047619051	-1	-9.0	5.4047619047619051	0.0	-5.5952380952380949	1	1
2.103848934173584	3	-0.89523809523809528	6.350595238095238	-0.89523809523809528	6.1267857142857141	0	4	90	7.3478807948841188e-16	6.4047619047619051	-1	-9.0	5.4047619047619051	0.0	-5.5952380952380949	1	1
2.120374917984009	3	-0.89523809523809528	6.350595238095238	-0.89523809523809528	6.1267857142857141	0	4	90	7.3478807948841188e-16	6.4047619047619051	-1	-9.0	5.4047619047619051	0.0	-5.5952380952380949	1	1
2.137000799179077	3	-0.89523809523809528	6.350595238095238	-0.89523809523809528	6.1267857142857141	0	4	90	7.3478807948841188e-16	6.4047619047619051	-1	-9.0	5.4047619047619051	0.0	-5.5952380952380949	1	1
2.1535589694976807	3	-0.92321428571428577	6.350595238095238	-0.92321428571428577	6.1267857142857141	0	4	90	7.3478807948841188e-16	6.4047619047619051	-1	-9.0	5.4047619047619051	0.0	-5.5952380952380949	1	1
2.170184850692749	3	-0.97916666666666663	6.350595238095238	-0.97916666666666663	6.1267857142857141	0	4	90	7.3478807948841188e-16	6.4047619047619051	-1	-9.0	5.4047619047619051	0.0	-5.5952380952380949	1	1
2.1867008209228516	3	-1.0910714285714285	6.350595238095238	-1.0910714285714285	6.0988095238095239	0	4	90	7.3478807948841188e-16	6.4047619047619051	-1	-9.0	5.4047619047619051	0.0	-5.5952380952380949	1	1
2.2033939361572266	3	-1.4267857142857143	6.350595238095238	-1.4267857142857143	6.0428571428571427	0	4	90	7.3478807948841188e-16	6.4047619047619051	-1	-9.0	5.4047619047619051	0.0	-5.5952380952380949	1	1
2.2199180126190186	3	-2.0702380952380954	6.350595238095238	-2.0702380952380954	5.9869047619047615	0	4	90	7.3478807948841188e-16	6.4047619047619051	-1	-9.0	5.4047619047619051	0.0	-5.5952380952380949	1	1
2.2365598678588867	3	-2.825595238095238	6.350595238095238	-2.825595238095238	5.9029761904761902	0	4	90	7.3478807948841188e-16	6.4047619047619051	-1	-9.0	5.4047619047619051	0.0	-5.5952380952380949	1	1
2.253105878829956	3	-3.2452380952380953	6.350595238095238	-3.2452380952380953	5.8470238095238098	0	4	90	7.3478807948841188e-16	6.4047619047619051	-1	-9.0	5.4047619047619051	0.0	-5.5952380952380949	1	1
2.269697904586792	3	-4.0565476190476186	6.350595238095238	-4.0565476190476186	5.7910714285714286	0	4	90	7.3478807948841188e-16	6.4047619047619051	-1	-9.0	5.4047619047619051	0.0	-5.5952380952380949	1	1
2.286242961883545	3	-4.4761904761904763	6.350595238095238	-4.4761904761904763	5.7351190476190474	0	4	90	7.3478807948841188e-16	6.4047619047619051	-1	-9.0	5.4047619047619051	0.0	-5.5952380952380949	1	1
2.3029139041900635	3	-5.3434523809523808	6.350595238095238	-5.3434523809523808	5.6511904761904761	0	4	90	7.3478807948841188e-16	6.4047619047619051	-1	-9.0	5.4047619047619051	0.0	-5.5952380952380949	1	1
2.3194680213928223	3	-6.1547619047619051	6.350595238095238	-6.1547619047619051	5.5672619047619047	0	4	90	7.3478807948841188e-16	6.4047619047619051	-1	-9.0	5.4047619047619051	0.0	-5.5952380952380949	1	1
2.3360698223114014	3	-6.9380952380952383	6.350595238095238	-6.9380952380952383	5.4553571428571432	0	4	90	7.3478807948841188e-16	6.4047619047619051	-1	-9.0	5.4047619047619051	0.0	-5.5952380952380949	1	1
2.3526828289031982	3	-7.2738095238095237	6.350595238095238	-7.2738095238095237	5.399404761904762	0	4	90	7.3478807948841188e-16	6.4047619047619051	-1	-9.0	5.4047619047619051	0.0	-5.5952380952380949	1	1
2.3693289756774902	3	-7.805357142857143	5.2874999999999996	-7.8053571428571429	5.2874999999999996	0	4	90	7.3478807948841188e-16	6.4047619047619051	-1	-9.0	5.4047619047619051	0.0	-5.5952380952380949	1	1
2.3858349323272705	3	-8.001190476190477	5.2595238095238095	-8.0011904761904766	5.2595238095238095	0	4	90	7.3478807948841188e-16	6.4047619047619051	-1	-9.0	5.4047619047619051	0.0	-5.5952380952380949	1	1
2.4025638103485107	3	-8.280952380952382	5.2035714285714292	-8.2809523809523817	5.2035714285714283	0	4	90	7.3478807948841188e-16	6.4047619047619051	-1	-9.0	5.4047619047619051	0.0	-5.5952380952380949	1	1
2.4190099239349365	3	-8.476785714285715	5.1755952380952372	-8.4767857142857146	5.1755952380952381	0	4	90	7.3478807948841188e-16	6.4047619047619051	-1	-9.0	5.4047619047619051	0.0	-5.5952380952380949	1	1
2.435688018798828	3	-8.588690476190477	5.1476190476190489	-8.588690476190477	5.147619047619048	0	5	90	7.3478807948841188e-16	6.4047619047619051	-1	-9.0	5.4047619047619051	0.0	-5.5952380952380949	1	1
2.45226788520813	3	-8.616666666666667	5.1476190476190489	-8.6166666666666671	5.147619047619048	0	5	90	7.3478807948841188e-16	6.4047619047619051	-1	-9.0	5.4047619047619051	0.0	-5.5952380952380949	1	1
2.4688198566436768	3	-8.616666666666667	5.1196428571428569	-8.6166666666666671	5.1196428571428569	0	5	90	7.3478807948841188e-16	6.4047619047619051	-1	-9.0	5.4047619047619051	0.0	-5.5952380952380949	1	1
2.4853808879852295	3	-8.588690476190477	5.0916666666666668	-8.588690476190477	5.0916666666666668	0	5	90	7.3478807948841188e-16	6.4047619047619051	-1	-9.0	5.4047619047619051	0.0	-5.5952380952380949	1	1
2.502100944519043	3	-8.532738095238095	5.0357142857142847	-8.5327380952380949	5.0357142857142856	0	5	90	7.3478807948841188e-16	6.4047619047619051	-1	-9.0	5.4047619047619051	0.0	-5.5952380952380949	1	1
2.518622875213623	3	-8.420833333333333	4.9238095238095241	-8.4208333333333325	4.9238095238095241	0	5	90	7.3478807948841188e-16	6.4047619047619051	-1	-9.0	5.4047619047619051	0.0	-5.5952380952380949	1	1
2.535176992416382	3	-8.364880952380952	4.8678571428571438	-8.3648809523809522	4.8678571428571429	0	5	90	7.3478807948841188e-16	6.4047619047619051	-1	-9.0	5.4047619047619051	0.0	-5.5952380952380949	1	1
2.5518128871917725	3	-8.19702380952381	4.6999999999999993	-8.1970238095238095	4.7000000000000002	0	5	90	7.3478807948841188e-16	6.4047619047619051	-1	-9.0	5.4047619047619051	0.0	-5.5952380952380949	1	1
2.5684449672698975	3	-7.973214285714286	4.5041666666666664	-7.9732142857142856	4.5041666666666664	0	5	90	7.3478807948841188e-16	6.4047619047619051	-1	-9.0	5.4047619047619051	0.0	-5.5952380952380949	1	1
2.5850019454956055	3	-7.833333333333333	4.3922619047619058	-7.833333333333333	4.3922619047619049	0	5	90	7.3478807948841188e-16	6.4047619047619051	-1	-9.0	5.4047619047619051	0.0	-5.5952380952380949	1	1
2.601813793182373	3	-7.525595238095238	4.1404761904761909	-7.5255952380952378	4.1404761904761909	0	5	90	7.3478807948841188e-16	6.4047619047619051	-1	-9.0	5.4047619047619051	0.0	-5.5952380952380949	1	1
2.6184778213500977	3	-7.189880952380952	3.8047619047619037	-7.1898809523809524	3.8047619047619046	0	5	90	7.3478807948841188e-16	6.4047619047619051	-1	-9.0	5.4047619047619051	0.0	-5.5952380952380949	1	1
2.6350669860839844	3	-6.826190476190476	3.4410714285714281	-6.8261904761904759	3.4410714285714286	0	5	90	7.3478807948841188e-16	6.4047619047619051	-1	-9.0	5.4047619047619051	0.0	-5.5952380952380949	1	1
2.6516640186309814	3	-6.630357142857143	3.2172619047619051	-6.6303571428571431	3.2172619047619047	0	5	90	7.3478807948841188e-16	6.4047619047619051	-1	-9.0	5.4047619047619051	0.0	-5.5952380952380949	1	1
2.668217897415161	3	-6.266666666666667	2.8255952380952376	-6.2666666666666666	2.825595238095238	0	5	90	7.3478807948841188e-16	6.4047619047619051	-1	-9.0	5.4047619047619051	0.0	-5.5952380952380949	1	1
2.6848249435424805	3	-6.098809523809524	2.6297619047619047	-6.0988095238095239	2.6297619047619047	0	5	90	7.3478807948841188e-16	6.4047619047619051	-1	-9.0	5.4047619047619051	0.0	-5.5952380952380949	1	1
2.701436996459961	3	-5.707142857142857	2.2101190476190471	-5.7071428571428573	2.2101190476190475	0	5	90	7.3478807948841188e-16	6.4047619047619051	-1	-9.0	5.4047619047619051	0.0	-5.5952380952380949	1	1
2.7180349826812744	3	-5.315476190476191	1.8184523809523814	-5.3154761904761907	1.8184523809523809	0	5	90	7.3478807948841188e-16	6.4047619047619051	-1	-9.0	5.4047619047619051	0.0	-5.5952380952380949	1	1
2.734604835510254	3	-5.091666666666667	1.6226190476190476	-5.0916666666666668	1.6226190476190476	0	5	90	7.3478807948841188e-16	6.4047619047619051	-1	-9.0	5.4047619047619051	0.0	-5.5952380952380949	1	1
2.751128911972046	3	-4.672023809523809	1.230952380952381	-4.6720238095238091	1.230952380952381	0	5	90	7.3478807948841188e-16	6.4047619047619051	-1	-9.0	5.4047619047619051	0.0	-5.5952380952380949	1	1
2.7675909996032715	3	-4.224404761904762	0.81130952380952337	-4.2244047619047622	0.81130952380952381	0	5	90	7.3478807948841188e-16	6.4047619047619051	-1	-9.0	5.4047619047619051	0.0	-5.5952380952380949	1	1
2.784130811691284	3	-4.000595238095238	0.61547619047619051	-4.0005952380952383	0.61547619047619051	0	5	90	7.3478807948841188e-16	6.4047619047619051	-1	-9.0	5.4047619047619051	0.0	-5.5952380952380949	1	1
2.8007419109344482	3	-3.580952380952381	0.19583333333333375	-3.5809523809523811	0.19583333333333333	0	5	90	7.3478807948841188e-16	6.4047619047619051	-1	-9.0	5.4047619047619051	0.0	-5.5952380952380949	1	1
2.817375898361206	3	-3.2172619047619047	-0.19583333333333375	-3.2172619047619047	-0.19583333333333333	0	5	90	7.3478807948841188e-16	6.4047619047619051	-1	-9.0	5.4047619047619051	0.0	-5.5952380952380949	1	1
2.8339598178863525	3	-3.0214285714285714	-0.39166666666666661	-3.0214285714285714	-0.39166666666666666	0	5	90	7.3478807948841188e-16	6.4047619047619051	-1	-9.0	5.4047619047619051	0.0	-5.5952380952380949	1	1
2.850510835647583	3	-2.6577380952380953	-0.78333333333333321	-2.6577380952380953	-0.78333333333333333	0	5	90	7.3478807948841188e-16	6.4047619047619051	-1	-9.0	5.4047619047619051	0.0	-5.5952380952380949	1	1
2.867098808288574	3	-2.489880952380952	-0.97916666666666696	-2.4898809523809522	-0.97916666666666663	0	5	90	7.3478807948841188e-16	6.4047619047619051	-1	-9.0	5.4047619047619051	0.0	-5.5952380952380949	1	1
2.8836629390716553	3	-2.154166666666667	-1.3148809523809524	-2.1541666666666668	-1.3148809523809524	0	5	90	7.3478807948841188e-16	6.4047619047619051	-1	-9.0	5.4047619047619051	0.0	-5.5952380952380949	1	1
2.9002699851989746	3	-1.8464285714285715	-1.6785714285714288	-1.8464285714285715	-1.6785714285714286	0	5	90	7.3478807948841188e-16	6.4047619047619051	-1	-9.0	5.4047619047619051	0.0	-5.5952380952380949	1	1
2.9171838760375977	3	-1.706547619047619	-1.8464285714285715	-1.706547619047619	-1.8464285714285715	0	5	90	7.3478807948841188e-16	6.4047619047619051	-1	-9.0	5.4047619047619051	0.0	-5.5952380952380949	1	1
2.9336278438568115	3	-1.4547619047619047	-2.1541666666666668	-1.4547619047619047	-2.1541666666666668	0	5	90	7.3478807948841188e-16	6.4047619047619051	-1	-9.0	5.4047619047619051	0.0	-5.5952380952380949	1	1
2.950349807739258	3	-1.230952380952381	-2.4339285714285714	-1.230952380952381	-2.4339285714285714	0	5	90	7.3478807948841188e-16	6.4047619047619051	-1	-9.0	5.4047619047619051	0.0	-5.5952380952380949	1	1
2.966981887817383	3	-1.1470238095238094	-2.573809523809524	-1.1470238095238094	-2.573809523809524	0	5	90	7.3478807948841188e-16	6.4047619047619051	-1	-9.0	5.4047619047619051	0.0	-5.5952380952380949	1	1
2.983491897583008	3	-0.9791666666666666	-2.825595238095238	-0.97916666666666663	-2.825595238095238	0	5	90	7.3478807948841188e-16	6.4047619047619051	-1	-9.0	5.4047619047619051	0.0	-5.5952380952380949	1	1
3.0001168251037598	3	-0.8113095238095238	-3.049404761904762	-0.81130952380952381	-3.049404761904762	0	5	90	7.3478807948841188e-16	6.4047619047619051	-1	-9.0	5.4047619047619051	0.0	-5.5952380952380949	1	1
3.0168209075927734	3	-0.7553571428571428	-3.1333333333333333	-0.75535714285714284	-3.1333333333333333	0	5	90	7.3478807948841188e-16	6.4047619047619051	-1	-9.0	5.4047619047619051	0.0	-5.5952380952380949	1	1
3.0331928730010986	3	-0.643452380952381	-3.3291666666666666	-0.643452380952381	-3.3291666666666666	0	5	90	7.3478807948841188e-16	6.4047619047619051	-1	-9.0	5.4047619047619051	0.0	-5.5952380952380949	1	1
3.04982590675354	3	-0.5595238095238095	-3.4970238095238093	-0.55952380952380953	-3.4970238095238093	0	5	90	7.3478807948841188e-16	6.4047619047619051	-1	-9.0	5.4047619047619051	0.0	-5.5952380952380949	1	1
3.0664830207824707	3	-0.5035714285714286	-3.5809523809523811	-0.50357142857142856	-3.5809523809523811	0	5	90	7.3478807948841188e-16	6.4047619047619051	-1	-9.0	5.4047619047619051	0.0	-5.5952380952380949	1	1
3.082772970199585	3	-0.44761904761904764	-3.7208333333333332	-0.44761904761904764	-3.7208333333333332	0	5	90	7.3478807948841188e-16	6.4047619047619051	-1	-9.0	5.4047619047619051	0.0	-5.5952380952380949	1	1
3.0994279384613037	3	-0.39166666666666666	-3.8607142857142858	-0.39166666666666666	-3.8607142857142858	0	5	90	7.3478807948841188e-16	6.4047619047619051	-1	-9.0	5.4047619047619051	0.0	-5.5952380952380949	1	1
3.1160688400268555	3	-0.3636904761904762	-3.9166666666666665	-0.36369047619047618	-3.9166666666666665	0	5	90	7.3478807948841188e-16	6.4047619047619051	-1	-9.0	5.4047619047619051	0.0	-5.5952380952380949	1	1
3.1326019763946533	3	-0.30773809523809526	-4.0565476190476186	-0.30773809523809526	-4.0565476190476186	0	5	90	7.3478807948841188e-16	6.4047619047619051	-1	-9.0	5.4047619047619051	0.0	-5.5952380952380949	1	1
3.1491827964782715	3	-0.2517857142857143	-4.1964285714285712	-0.25178571428571428	-4.1964285714285712	0	5	90	7.3478807948841188e-16	6.4047619047619051	-1	-9.0	5.4047619047619051	0.0	-5.5952380952380949	1	1
3.165827989578247	3	-0.22380952380952382	-4.2803571428571425	-0.22380952380952382	-4.2803571428571425	0	5	90	7.3478807948841188e-16	6.4047619047619051	-1	-9.0	5.4047619047619051	0.0	-5.5952380952380949	1	1
3.1823859214782715	3	-0.16785714285714284	-4.4482142857142861	-0.16785714285714284	-4.4482142857142861	0	5	90	7.3478807948841188e-16	6.4047619047619051	-1	-9.0	5.4047619047619051	0.0	-5.5952380952380949	1	1
3.198931932449341	3	-0.13988095238095238	-4.5321428571428575	-0.13988095238095238	-4.5321428571428575	0	5	90	7.3478807948841188e-16	6.4047619047619051	-1	-9.0	5.4047619047619051	0.0	-5.5952380952380949	1	1
3.2157769203186035	3	-0.08392857142857142	-4.7279761904761903	-0.083928571428571422	-4.7279761904761903	0	5	90	7.3478807948841188e-16	6.4047619047619051	-1	-9.0	5.4047619047619051	0.0	-5.5952380952380949	1	1
3.232210874557495	3	-0.027976190476190477	-4.895833333333333	-0.027976190476190477	-4.895833333333333	0	5	90	7.3478807948841188e-16	6.4047619047619051	-1	-9.0	5.4047619047619051	0.0	-5.5952380952380949	1	1
3.2490220069885254	3	0.027976190476190477	-5.0357142857142856	0.027976190476190477	-5.0357142857142856	0	5	90	7.3478807948841188e-16	6.4047619047619051	-1	-9.0	5.4047619047619051	0.0	-5.5952380952380949	1	1
3.26566481590271	3	0.055952380952380955	-5.0916666666666668	0.055952380952380955	-5.0916666666666668	0	5	90	7.3478807948841188e-16	6.4047619047619051	-1	-9.0	5.4047619047619051	0.0	-5.5952380952380949	1	1
