time	trial	cursorx	cursory	hand_x	hand_Y	rotation	step	targetangle	targetposx	targetposy	garagelocation	garageposx	garageposy	homex	homey	group	trial_type
9.5367431640625e-07	4	-0.531547619047619	-5.7071428571428573	-0.53154761904761905	-5.7071428571428573	0	5	75	3.1058285412302489	5.9958718202307253	1	12.105828541230249	4.9958718202307253	0.0	-5.5952380952380949	1	1
0.02872490882873535	4	-0.44761904761904764	-5.6232142857142859	-0.44761904761904764	-5.6232142857142859	0	1	75	3.1058285412302489	5.9958718202307253	1	12.105828541230249	4.9958718202307253	0.0	-5.5952380952380949	1	1
0.045346975326538086	4	-0.39166666666666666	-5.5672619047619047	-0.39166666666666666	-5.5672619047619047	0	1	75	3.1058285412302489	5.9958718202307253	1	12.105828541230249	4.9958718202307253	0.0	-5.5952380952380949	1	1
0.061942100524902344	4	-0.39166666666666666	-5.5672619047619047	-0.39166666666666666	-5.5672619047619047	0	1	75	3.1058285412302489	5.9958718202307253	1	12.105828541230249	4.9958718202307253	0.0	-5.5952380952380949	1	1
0.07850313186645508	4	-0.3357142857142857	-5.5113095238095235	-0.33571428571428569	-5.5113095238095235	0	1	75	3.1058285412302489	5.9958718202307253	1	12.105828541230249	4.9958718202307253	0.0	-5.5952380952380949	1	1
0.09505105018615723	4	-0.3357142857142857	-5.5113095238095235	-0.33571428571428569	-5.5113095238095235	0	1	75	3.1058285412302489	5.9958718202307253	1	12.105828541230249	4.9958718202307253	0.0	-5.5952380952380949	1	1
0.1116490364074707	4	-0.30773809523809526	-5.4833333333333334	-0.30773809523809526	-5.4833333333333334	0	1	75	3.1058285412302489	5.9958718202307253	1	12.105828541230249	4.9958718202307253	0.0	-5.5952380952380949	1	1
0.1282958984375	4	-0.27976190476190477	-5.4553571428571432	-0.27976190476190477	-5.4553571428571432	0	1	75	3.1058285412302489	5.9958718202307253	1	12.105828541230249	4.9958718202307253	0.0	-5.5952380952380949	1	1
0.14491510391235352	4	-0.27976190476190477	-5.4553571428571432	-0.27976190476190477	-5.4553571428571432	0	1	75	3.1058285412302489	5.9958718202307253	1	12.105828541230249	4.9958718202307253	0.0	-5.5952380952380949	1	1
0.1614990234375	4	-0.27976190476190477	-5.4553571428571432	-0.27976190476190477	-5.4553571428571432	0	1	75	3.1058285412302489	5.9958718202307253	1	12.105828541230249	4.9958718202307253	0.0	-5.5952380952380949	1	1
0.178070068359375	4	-0.27976190476190477	-5.4553571428571432	-0.27976190476190477	-5.4553571428571432	0	1	75	3.1058285412302489	5.9958718202307253	1	12.105828541230249	4.9958718202307253	0.0	-5.5952380952380949	1	1
0.1946549415588379	4	-0.27976190476190477	-5.4553571428571432	-0.27976190476190477	-5.4553571428571432	0	1	75	3.1058285412302489	5.9958718202307253	1	12.105828541230249	4.9958718202307253	0.0	-5.5952380952380949	1	1
0.21094512939453125	4	-0.27976190476190477	-5.4553571428571432	-0.27976190476190477	-5.4553571428571432	0	1	75	3.1058285412302489	5.9958718202307253	1	12.105828541230249	4.9958718202307253	0.0	-5.5952380952380949	1	1
0.22754311561584473	4	-0.27976190476190477	-5.4553571428571432	-0.27976190476190477	-5.4553571428571432	0	1	75	3.1058285412302489	5.9958718202307253	1	12.105828541230249	4.9958718202307253	0.0	-5.5952380952380949	1	1
0.24422597885131836	4	-0.27976190476190477	-5.4553571428571432	-0.27976190476190477	-5.4553571428571432	0	1	75	3.1058285412302489	5.9958718202307253	1	12.105828541230249	4.9958718202307253	0.0	-5.5952380952380949	1	1
0.26080799102783203	4	-0.27976190476190477	-5.4553571428571432	-0.27976190476190477	-5.4553571428571432	0	1	75	3.1058285412302489	5.9958718202307253	1	12.105828541230249	4.9958718202307253	0.0	-5.5952380952380949	1	1
0.27739596366882324	4	-0.27976190476190477	-5.4553571428571432	-0.27976190476190477	-5.4553571428571432	0	1	75	3.1058285412302489	5.9958718202307253	1	12.105828541230249	4.9958718202307253	0.0	-5.5952380952380949	1	1
0.2939729690551758	4	-0.27976190476190477	-5.4553571428571432	-0.27976190476190477	-5.4553571428571432	0	1	75	3.1058285412302489	5.9958718202307253	1	12.105828541230249	4.9958718202307253	0.0	-5.5952380952380949	1	1
0.31060290336608887	4	-0.27976190476190477	-5.4553571428571432	-0.27976190476190477	-5.4553571428571432	0	1	75	3.1058285412302489	5.9958718202307253	1	12.105828541230249	4.9958718202307253	0.0	-5.5952380952380949	1	1
0.32716989517211914	4	-0.27976190476190477	-5.4553571428571432	-0.27976190476190477	-5.4553571428571432	0	1	75	3.1058285412302489	5.9958718202307253	1	12.105828541230249	4.9958718202307253	0.0	-5.5952380952380949	1	1
0.343825101852417	4	-0.27976190476190477	-5.4553571428571432	-0.27976190476190477	-5.4553571428571432	0	1	75	3.1058285412302489	5.9958718202307253	1	12.105828541230249	4.9958718202307253	0.0	-5.5952380952380949	1	1
0.3603520393371582	4	-0.27976190476190477	-5.4553571428571432	-0.27976190476190477	-5.4553571428571432	0	1	75	3.1058285412302489	5.9958718202307253	1	12.105828541230249	4.9958718202307253	0.0	-5.5952380952380949	1	1
0.3772459030151367	4	-0.27976190476190477	-5.4553571428571432	-0.27976190476190477	-5.4553571428571432	0	1	75	3.1058285412302489	5.9958718202307253	1	12.105828541230249	4.9958718202307253	0.0	-5.5952380952380949	1	1
0.39388012886047363	4	-0.27976190476190477	-5.4553571428571432	-0.27976190476190477	-5.4553571428571432	0	1	75	3.1058285412302489	5.9958718202307253	1	12.105828541230249	4.9958718202307253	0.0	-5.5952380952380949	1	1
0.41051197052001953	4	-0.27976190476190477	-5.4553571428571432	-0.27976190476190477	-5.4553571428571432	0	1	75	3.1058285412302489	5.9958718202307253	1	12.105828541230249	4.9958718202307253	0.0	-5.5952380952380949	1	1
0.42700791358947754	4	-0.27976190476190477	-5.4273809523809522	-0.27976190476190477	-5.4273809523809522	0	1	75	3.1058285412302489	5.9958718202307253	1	12.105828541230249	4.9958718202307253	0.0	-5.5952380952380949	1	1
0.4436969757080078	4	-0.2517857142857143	-5.371428571428571	-0.25178571428571428	-5.371428571428571	0	1	75	3.1058285412302489	5.9958718202307253	1	12.105828541230249	4.9958718202307253	0.0	-5.5952380952380949	1	1
0.46041393280029297	4	-0.22380952380952382	-5.2315476190476193	-0.22380952380952382	-5.2315476190476193	0	1	75	3.1058285412302489	5.9958718202307253	1	12.105828541230249	4.9958718202307253	0.0	-5.5952380952380949	1	1
0.4769289493560791	4	-0.16785714285714284	-5.0636904761904766	-0.16785714285714284	-5.0636904761904766	0	1	75	3.1058285412302489	5.9958718202307253	1	12.105828541230249	4.9958718202307253	0.0	-5.5952380952380949	1	1
0.4935150146484375	4	-0.13988095238095238	-4.9797619047619044	-0.13988095238095238	-4.9797619047619044	0	1	75	3.1058285412302489	5.9958718202307253	1	12.105828541230249	4.9958718202307253	0.0	-5.5952380952380949	1	1
0.510106086730957	4	-0.08392857142857142	-4.7279761904761903	-0.083928571428571422	-4.7279761904761903	0	1	75	3.1058285412302489	5.9958718202307253	1	12.105828541230249	4.9958718202307253	0.0	-5.5952380952380949	1	1
0.5267119407653809	4	-0.027976190476190477	-4.4482142857142861	-0.027976190476190477	-4.4482142857142861	0	1	75	3.1058285412302489	5.9958718202307253	1	12.105828541230249	4.9958718202307253	0.0	-5.5952380952380949	1	1
0.5430951118469238	4	0.0	-4.3083333333333336	0.0	-4.3083333333333336	0	1	75	3.1058285412302489	5.9958718202307253	1	12.105828541230249	4.9958718202307253	0.0	-5.5952380952380949	1	1
0.5596370697021484	4	0.08392857142857142	-3.9446428571428571	0.083928571428571422	-3.9446428571428571	0	1	75	3.1058285412302489	5.9958718202307253	1	12.105828541230249	4.9958718202307253	0.0	-5.5952380952380949	1	1
0.5762429237365723	4	0.11190476190476191	-3.7767857142857144	0.11190476190476191	-3.7767857142857144	0	1	75	3.1058285412302489	5.9958718202307253	1	12.105828541230249	4.9958718202307253	0.0	-5.5952380952380949	1	1
0.5929000377655029	4	0.22380952380952382	-3.3851190476190478	0.22380952380952382	-3.3851190476190478	0	1	75	3.1058285412302489	5.9958718202307253	1	12.105828541230249	4.9958718202307253	0.0	-5.5952380952380949	1	1
0.6094560623168945	4	0.3636904761904762	-2.9654761904761906	0.36369047619047618	-2.9654761904761906	0	1	75	3.1058285412302489	5.9958718202307253	1	12.105828541230249	4.9958718202307253	0.0	-5.5952380952380949	1	1
0.6260190010070801	4	0.5035714285714286	-2.5458333333333334	0.50357142857142856	-2.5458333333333334	0	2	75	3.1058285412302489	5.9958718202307253	1	12.105828541230249	4.9958718202307253	0.0	-5.5952380952380949	1	1
0.6427059173583984	4	0.5595238095238095	-2.3500000000000001	0.55952380952380953	-2.3500000000000001	0	2	75	3.1058285412302489	5.9958718202307253	1	12.105828541230249	4.9958718202307253	0.0	-5.5952380952380949	1	1
0.6592710018157959	4	0.6994047619047619	-1.9023809523809523	0.69940476190476186	-1.9023809523809523	0	2	75	3.1058285412302489	5.9958718202307253	1	12.105828541230249	4.9958718202307253	0.0	-5.5952380952380949	1	1
0.6758100986480713	4	0.7833333333333333	-1.6785714285714288	0.78333333333333333	-1.6785714285714286	0	2	75	3.1058285412302489	5.9958718202307253	1	12.105828541230249	4.9958718202307253	0.0	-5.5952380952380949	1	1
0.6926870346069336	4	0.9511904761904761	-1.2029761904761909	0.95119047619047614	-1.2029761904761904	0	2	75	3.1058285412302489	5.9958718202307253	1	12.105828541230249	4.9958718202307253	0.0	-5.5952380952380949	1	1
0.7092220783233643	4	1.119047619047619	-0.75535714285714306	1.1190476190476191	-0.75535714285714284	0	2	75	3.1058285412302489	5.9958718202307253	1	12.105828541230249	4.9958718202307253	0.0	-5.5952380952380949	1	1
0.725909948348999	4	1.3148809523809524	-0.30773809523809526	1.3148809523809524	-0.30773809523809526	0	2	75	3.1058285412302489	5.9958718202307253	1	12.105828541230249	4.9958718202307253	0.0	-5.5952380952380949	1	1
0.7426290512084961	4	1.3988095238095237	-0.083928571428571352	1.3988095238095237	-0.083928571428571422	0	2	75	3.1058285412302489	5.9958718202307253	1	12.105828541230249	4.9958718202307253	0.0	-5.5952380952380949	1	1
0.7590370178222656	4	1.5666666666666667	0.36369047619047645	1.5666666666666667	0.36369047619047618	0	2	75	3.1058285412302489	5.9958718202307253	1	12.105828541230249	4.9958718202307253	0.0	-5.5952380952380949	1	1
0.7756490707397461	4	1.650595238095238	0.58750000000000036	1.650595238095238	0.58750000000000002	0	2	75	3.1058285412302489	5.9958718202307253	1	12.105828541230249	4.9958718202307253	0.0	-5.5952380952380949	1	1
0.7923080921173096	4	1.8464285714285715	1.0071428571428571	1.8464285714285715	1.0071428571428571	0	2	75	3.1058285412302489	5.9958718202307253	1	12.105828541230249	4.9958718202307253	0.0	-5.5952380952380949	1	1
0.8088679313659668	4	2.0142857142857142	1.3988095238095237	2.0142857142857142	1.3988095238095237	0	2	75	3.1058285412302489	5.9958718202307253	1	12.105828541230249	4.9958718202307253	0.0	-5.5952380952380949	1	1
0.8254430294036865	4	2.154166666666667	1.7904761904761903	2.1541666666666668	1.7904761904761906	0	2	75	3.1058285412302489	5.9958718202307253	1	12.105828541230249	4.9958718202307253	0.0	-5.5952380952380949	1	1
0.84210205078125	4	2.238095238095238	1.9863095238095241	2.2380952380952381	1.9863095238095239	0	2	75	3.1058285412302489	5.9958718202307253	1	12.105828541230249	4.9958718202307253	0.0	-5.5952380952380949	1	1
0.8584060668945312	4	2.3779761904761907	2.3499999999999996	2.3779761904761907	2.3500000000000001	0	2	75	3.1058285412302489	5.9958718202307253	1	12.105828541230249	4.9958718202307253	0.0	-5.5952380952380949	1	1
0.8749411106109619	4	2.4339285714285714	2.5178571428571423	2.4339285714285714	2.5178571428571428	0	2	75	3.1058285412302489	5.9958718202307253	1	12.105828541230249	4.9958718202307253	0.0	-5.5952380952380949	1	1
0.8915300369262695	4	2.517857142857143	2.8535714285714278	2.5178571428571428	2.8535714285714286	0	2	75	3.1058285412302489	5.9958718202307253	1	12.105828541230249	4.9958718202307253	0.0	-5.5952380952380949	1	1
0.9080929756164551	4	2.6297619047619047	3.1892857142857149	2.6297619047619047	3.1892857142857145	0	2	75	3.1058285412302489	5.9958718202307253	1	12.105828541230249	4.9958718202307253	0.0	-5.5952380952380949	1	1
0.9247860908508301	4	2.713690476190476	3.5250000000000004	2.7136904761904761	3.5249999999999999	0	2	75	3.1058285412302489	5.9958718202307253	1	12.105828541230249	4.9958718202307253	0.0	-5.5952380952380949	1	1
0.9413220882415771	4	2.7696428571428573	3.6648809523809529	2.7696428571428573	3.6648809523809525	0	2	75	3.1058285412302489	5.9958718202307253	1	12.105828541230249	4.9958718202307253	0.0	-5.5952380952380949	1	1
0.9579501152038574	4	2.8535714285714286	3.9726190476190482	2.8535714285714286	3.9726190476190477	0	2	75	3.1058285412302489	5.9958718202307253	1	12.105828541230249	4.9958718202307253	0.0	-5.5952380952380949	1	1
0.9745209217071533	4	2.8815476190476192	4.1125000000000007	2.8815476190476192	4.1124999999999998	0	2	75	3.1058285412302489	5.9958718202307253	1	12.105828541230249	4.9958718202307253	0.0	-5.5952380952380949	1	1
0.9911539554595947	4	2.9375	4.3922619047619058	2.9375	4.3922619047619049	0	2	75	3.1058285412302489	5.9958718202307253	1	12.105828541230249	4.9958718202307253	0.0	-5.5952380952380949	1	1
1.0077109336853027	4	2.9934523809523808	4.644047619047619	2.9934523809523808	4.644047619047619	0	2	75	3.1058285412302489	5.9958718202307253	1	12.105828541230249	4.9958718202307253	0.0	-5.5952380952380949	1	1
1.0245850086212158	4	3.0214285714285714	4.7559523809523814	3.0214285714285714	4.7559523809523814	0	2	75	3.1058285412302489	5.9958718202307253	1	12.105828541230249	4.9958718202307253	0.0	-5.5952380952380949	1	1
1.041167974472046	4	3.049404761904762	4.9797619047619044	3.049404761904762	4.9797619047619044	0	2	75	3.1058285412302489	5.9958718202307253	1	12.105828541230249	4.9958718202307253	0.0	-5.5952380952380949	1	1
1.0578219890594482	4	3.1053571428571427	5.1476190476190489	3.1053571428571427	5.147619047619048	0	2	75	3.1058285412302489	5.9958718202307253	1	12.105828541230249	4.9958718202307253	0.0	-5.5952380952380949	1	1
1.0742170810699463	4	3.1053571428571427	5.2315476190476193	3.1053571428571427	5.2315476190476193	0	2	75	3.1058285412302489	5.9958718202307253	1	12.105828541230249	4.9958718202307253	0.0	-5.5952380952380949	1	1
1.0909380912780762	4	3.1333333333333333	5.3714285714285701	3.1333333333333333	5.371428571428571	0	2	75	3.1058285412302489	5.9958718202307253	1	12.105828541230249	4.9958718202307253	0.0	-5.5952380952380949	1	1
1.1075170040130615	4	3.1333333333333333	5.4833333333333343	3.1333333333333333	5.4833333333333334	0	2	75	3.1058285412302489	5.9958718202307253	1	12.105828541230249	4.9958718202307253	0.0	-5.5952380952380949	1	1
1.1241610050201416	4	3.1333333333333333	5.5113095238095227	3.1333333333333333	5.5113095238095235	0	2	75	3.1058285412302489	5.9958718202307253	1	12.105828541230249	4.9958718202307253	0.0	-5.5952380952380949	1	1
1.1407101154327393	4	3.1333333333333333	5.5952380952380949	3.1333333333333333	5.5952380952380949	0	2	75	3.1058285412302489	5.9958718202307253	1	12.105828541230249	4.9958718202307253	0.0	-5.5952380952380949	1	1
1.1573619842529297	4	3.1333333333333333	5.6511904761904752	3.1333333333333333	5.6511904761904761	0	2	75	3.1058285412302489	5.9958718202307253	1	12.105828541230249	4.9958718202307253	0.0	-5.5952380952380949	1	1
1.1739280223846436	4	3.1333333333333333	5.6791666666666671	3.1333333333333333	5.6791666666666663	0	2	75	3.1058285412302489	5.9958718202307253	1	12.105828541230249	4.9958718202307253	0.0	-5.5952380952380949	1	1
1.1902689933776855	4	3.1333333333333333	5.7630952380952394	3.1333333333333333	5.7630952380952385	0	2	75	3.1058285412302489	5.9958718202307253	1	12.105828541230249	4.9958718202307253	0.0	-5.5952380952380949	1	1
1.20682692527771	4	3.1333333333333333	5.7910714285714278	3.1333333333333333	5.7910714285714286	0	2	75	3.1058285412302489	5.9958718202307253	1	12.105828541230249	4.9958718202307253	0.0	-5.5952380952380949	1	1
1.223376989364624	4	3.1333333333333333	5.8470238095238098	3.1333333333333333	5.8470238095238098	0	2	75	3.1058285412302489	5.9958718202307253	1	12.105828541230249	4.9958718202307253	0.0	-5.5952380952380949	1	1
1.2399780750274658	4	3.1333333333333333	5.875	3.1333333333333333	5.875	0	2	75	3.1058285412302489	5.9958718202307253	1	12.105828541230249	4.9958718202307253	0.0	-5.5952380952380949	1	1
1.2566759586334229	4	3.1333333333333333	5.875	3.1333333333333333	5.875	0	2	75	3.1058285412302489	5.9958718202307253	1	12.105828541230249	4.9958718202307253	0.0	-5.5952380952380949	1	1
1.2732009887695312	4	3.1333333333333333	5.9029761904761902	3.1333333333333333	5.9029761904761902	0	2	75	3.1058285412302489	5.9958718202307253	1	12.105828541230249	4.9958718202307253	0.0	-5.5952380952380949	1	1
1.2897920608520508	4	3.1333333333333333	5.9029761904761902	3.1333333333333333	5.9029761904761902	0	2	75	3.1058285412302489	5.9958718202307253	1	12.105828541230249	4.9958718202307253	0.0	-5.5952380952380949	1	1
1.3063910007476807	4	3.1333333333333333	5.9029761904761902	3.1333333333333333	5.9029761904761902	0	2	75	3.1058285412302489	5.9958718202307253	1	12.105828541230249	4.9958718202307253	0.0	-5.5952380952380949	1	1
1.3230209350585938	4	3.1333333333333333	5.9029761904761902	3.1333333333333333	5.9029761904761902	0	2	75	3.1058285412302489	5.9958718202307253	1	12.105828541230249	4.9958718202307253	0.0	-5.5952380952380949	1	1
1.339850902557373	4	3.1333333333333333	5.9029761904761902	3.1333333333333333	5.9029761904761902	0	2	75	3.1058285412302489	5.9958718202307253	1	12.105828541230249	4.9958718202307253	0.0	-5.5952380952380949	1	1
1.3564810752868652	4	3.1333333333333333	5.9029761904761902	3.1333333333333333	5.9029761904761902	0	2	75	3.1058285412302489	5.9958718202307253	1	12.105828541230249	4.9958718202307253	0.0	-5.5952380952380949	1	1
1.3730111122131348	4	3.1333333333333333	5.9029761904761902	3.1333333333333333	5.9029761904761902	0	2	75	3.1058285412302489	5.9958718202307253	1	12.105828541230249	4.9958718202307253	0.0	-5.5952380952380949	1	1
1.3896090984344482	4	3.1333333333333333	5.9029761904761902	3.1333333333333333	5.9029761904761902	0	2	75	3.1058285412302489	5.9958718202307253	1	12.105828541230249	4.9958718202307253	0.0	-5.5952380952380949	1	1
1.4061880111694336	4	3.1333333333333333	5.9029761904761902	3.1333333333333333	5.9029761904761902	0	2	75	3.1058285412302489	5.9958718202307253	1	12.105828541230249	4.9958718202307253	0.0	-5.5952380952380949	1	1
1.4227979183197021	4	3.1333333333333333	5.9029761904761902	3.1333333333333333	5.9029761904761902	0	2	75	3.1058285412302489	5.9958718202307253	1	12.105828541230249	4.9958718202307253	0.0	-5.5952380952380949	1	1
1.439384937286377	4	3.1333333333333333	5.9029761904761902	3.1333333333333333	5.9029761904761902	0	2	75	3.1058285412302489	5.9958718202307253	1	12.105828541230249	4.9958718202307253	0.0	-5.5952380952380949	1	1
1.4560348987579346	4	3.1333333333333333	5.9029761904761902	3.1333333333333333	5.9029761904761902	0	2	75	3.1058285412302489	5.9958718202307253	1	12.105828541230249	4.9958718202307253	0.0	-5.5952380952380949	1	1
1.472609043121338	4	3.1333333333333333	5.9029761904761902	3.1333333333333333	5.9029761904761902	0	2	75	3.1058285412302489	5.9958718202307253	1	12.105828541230249	4.9958718202307253	0.0	-5.5952380952380949	1	1
1.489166021347046	4	3.1333333333333333	5.9029761904761902	3.1333333333333333	5.9029761904761902	0	2	75	3.1058285412302489	5.9958718202307253	1	12.105828541230249	4.9958718202307253	0.0	-5.5952380952380949	1	1
1.5055010318756104	4	3.1333333333333333	5.9029761904761902	3.1333333333333333	5.9029761904761902	0	2	75	3.1058285412302489	5.9958718202307253	1	12.105828541230249	4.9958718202307253	0.0	-5.5952380952380949	1	1
1.5221400260925293	4	3.1333333333333333	5.9029761904761902	3.1333333333333333	5.9029761904761902	0	2	75	3.1058285412302489	5.9958718202307253	1	12.105828541230249	4.9958718202307253	0.0	-5.5952380952380949	1	1
1.5387189388275146	4	3.1333333333333333	5.9029761904761902	3.1333333333333333	5.9029761904761902	0	2	75	3.1058285412302489	5.9958718202307253	1	12.105828541230249	4.9958718202307253	0.0	-5.5952380952380949	1	1
1.5553860664367676	4	3.1333333333333333	5.9029761904761902	3.1333333333333333	5.9029761904761902	0	2	75	3.1058285412302489	5.9958718202307253	1	12.105828541230249	4.9958718202307253	0.0	-5.5952380952380949	1	1
1.5719289779663086	4	3.1333333333333333	5.9029761904761902	3.1333333333333333	5.9029761904761902	0	2	75	3.1058285412302489	5.9958718202307253	1	12.105828541230249	4.9958718202307253	0.0	-5.5952380952380949	1	1
1.588547945022583	4	3.1333333333333333	5.9029761904761902	3.1333333333333333	5.9029761904761902	0	2	75	3.1058285412302489	5.9958718202307253	1	12.105828541230249	4.9958718202307253	0.0	-5.5952380952380949	1	1
1.6050701141357422	4	3.1333333333333333	5.9029761904761902	3.1333333333333333	5.9029761904761902	0	2	75	3.1058285412302489	5.9958718202307253	1	12.105828541230249	4.9958718202307253	0.0	-5.5952380952380949	1	1
1.6216530799865723	4	3.1333333333333333	5.9029761904761902	3.1333333333333333	5.9029761904761902	0	2	75	3.1058285412302489	5.9958718202307253	1	12.105828541230249	4.9958718202307253	0.0	-5.5952380952380949	1	1
1.638240098953247	4	3.1333333333333333	5.9029761904761902	3.1333333333333333	5.9029761904761902	0	2	75	3.1058285412302489	5.9958718202307253	1	12.105828541230249	4.9958718202307253	0.0	-5.5952380952380949	1	1
1.6549439430236816	4	3.1333333333333333	5.9029761904761902	3.1333333333333333	5.9029761904761902	0	2	75	3.1058285412302489	5.9958718202307253	1	12.105828541230249	4.9958718202307253	0.0	-5.5952380952380949	1	1
1.6717820167541504	4	3.1333333333333333	5.9029761904761902	3.1333333333333333	5.9029761904761902	0	2	75	3.1058285412302489	5.9958718202307253	1	12.105828541230249	4.9958718202307253	0.0	-5.5952380952380949	1	1
1.6883549690246582	4	3.1333333333333333	5.9029761904761902	3.1333333333333333	5.9029761904761902	0	2	75	3.1058285412302489	5.9958718202307253	1	12.105828541230249	4.9958718202307253	0.0	-5.5952380952380949	1	1
1.7049369812011719	4	3.1333333333333333	5.9029761904761902	3.1333333333333333	5.9029761904761902	0	2	75	3.1058285412302489	5.9958718202307253	1	12.105828541230249	4.9958718202307253	0.0	-5.5952380952380949	1	1
1.7215430736541748	4	3.1333333333333333	5.9029761904761902	3.1333333333333333	5.9029761904761902	0	2	75	3.1058285412302489	5.9958718202307253	1	12.105828541230249	4.9958718202307253	0.0	-5.5952380952380949	1	1
1.7380568981170654	4	3.1333333333333333	5.9029761904761902	3.1333333333333333	5.9029761904761902	0	2	75	3.1058285412302489	5.9958718202307253	1	12.105828541230249	4.9958718202307253	0.0	-5.5952380952380949	1	1
1.7546710968017578	4	3.1333333333333333	5.9029761904761902	3.1333333333333333	5.9029761904761902	0	2	75	3.1058285412302489	5.9958718202307253	1	12.105828541230249	4.9958718202307253	0.0	-5.5952380952380949	1	1
1.7713499069213867	4	3.1333333333333333	5.9029761904761902	3.1333333333333333	5.9029761904761902	0	2	75	3.1058285412302489	5.9958718202307253	1	12.105828541230249	4.9958718202307253	0.0	-5.5952380952380949	1	1
1.7879319190979004	4	3.1333333333333333	5.9029761904761902	3.1333333333333333	5.9029761904761902	0	2	75	3.1058285412302489	5.9958718202307253	1	12.105828541230249	4.9958718202307253	0.0	-5.5952380952380949	1	1
1.8045079708099365	4	3.1333333333333333	5.9029761904761902	3.1333333333333333	5.9029761904761902	0	2	75	3.1058285412302489	5.9958718202307253	1	12.105828541230249	4.9958718202307253	0.0	-5.5952380952380949	1	1
1.8210530281066895	4	3.1333333333333333	5.9029761904761902	3.1333333333333333	5.9029761904761902	0	3	75	3.1058285412302489	5.9958718202307253	1	12.105828541230249	4.9958718202307253	0.0	-5.5952380952380949	1	1
1.8373699188232422	4	3.1892857142857145	5.9029761904761902	3.1892857142857145	5.9029761904761902	0	4	75	3.1058285412302489	5.9958718202307253	1	12.105828541230249	4.9958718202307253	0.0	-5.5952380952380949	1	1
1.8540070056915283	4	3.1892857142857145	5.9029761904761902	3.1892857142857145	5.9029761904761902	0	4	75	3.1058285412302489	5.9958718202307253	1	12.105828541230249	4.9958718202307253	0.0	-5.5952380952380949	1	1
1.8706250190734863	4	3.2172619047619047	5.9029761904761902	3.2172619047619047	5.9029761904761902	0	4	75	3.1058285412302489	5.9958718202307253	1	12.105828541230249	4.9958718202307253	0.0	-5.5952380952380949	1	1
1.8871691226959229	4	3.2452380952380953	5.9029761904761902	3.2452380952380953	5.9029761904761902	0	4	75	3.1058285412302489	5.9958718202307253	1	12.105828541230249	4.9958718202307253	0.0	-5.5952380952380949	1	1
1.903738021850586	4	3.2732142857142859	5.9029761904761902	3.2732142857142859	5.9029761904761902	0	4	75	3.1058285412302489	5.9958718202307253	1	12.105828541230249	4.9958718202307253	0.0	-5.5952380952380949	1	1
1.9203999042510986	4	3.2732142857142859	5.9029761904761902	3.2732142857142859	5.9029761904761902	0	4	75	3.1058285412302489	5.9958718202307253	1	12.105828541230249	4.9958718202307253	0.0	-5.5952380952380949	1	1
1.9369769096374512	4	3.301190476190476	5.9029761904761902	3.301190476190476	5.9029761904761902	0	4	75	3.1058285412302489	5.9958718202307253	1	12.105828541230249	4.9958718202307253	0.0	-5.5952380952380949	1	1
1.95353102684021	4	3.3291666666666666	5.9029761904761902	3.3291666666666666	5.9309523809523812	0	4	75	3.1058285412302489	5.9958718202307253	1	12.105828541230249	4.9958718202307253	0.0	-5.5952380952380949	1	1
1.9701969623565674	4	3.3851190476190478	5.9029761904761902	3.3851190476190478	5.9309523809523812	0	4	75	3.1058285412302489	5.9958718202307253	1	12.105828541230249	4.9958718202307253	0.0	-5.5952380952380949	1	1
1.9870131015777588	4	3.413095238095238	5.9029761904761902	3.413095238095238	5.9309523809523812	0	4	75	3.1058285412302489	5.9958718202307253	1	12.105828541230249	4.9958718202307253	0.0	-5.5952380952380949	1	1
2.003582000732422	4	3.4970238095238093	5.9029761904761902	3.4970238095238093	5.9309523809523812	0	4	75	3.1058285412302489	5.9958718202307253	1	12.105828541230249	4.9958718202307253	0.0	-5.5952380952380949	1	1
2.0202391147613525	4	3.6369047619047619	5.9029761904761902	3.6369047619047619	5.9589285714285714	0	4	75	3.1058285412302489	5.9958718202307253	1	12.105828541230249	4.9958718202307253	0.0	-5.5952380952380949	1	1
2.036807060241699	4	3.7208333333333332	5.9029761904761902	3.7208333333333332	5.9589285714285714	0	4	75	3.1058285412302489	5.9958718202307253	1	12.105828541230249	4.9958718202307253	0.0	-5.5952380952380949	1	1
2.0534350872039795	4	3.9726190476190477	5.9029761904761902	3.9726190476190477	5.9869047619047615	0	4	75	3.1058285412302489	5.9958718202307253	1	12.105828541230249	4.9958718202307253	0.0	-5.5952380952380949	1	1
2.070056915283203	4	4.3642857142857139	5.9029761904761902	4.3642857142857139	6.0428571428571427	0	4	75	3.1058285412302489	5.9958718202307253	1	12.105828541230249	4.9958718202307253	0.0	-5.5952380952380949	1	1
2.086461067199707	4	4.6160714285714288	5.9029761904761902	4.6160714285714288	6.0708333333333337	0	4	75	3.1058285412302489	5.9958718202307253	1	12.105828541230249	4.9958718202307253	0.0	-5.5952380952380949	1	1
2.103214979171753	4	5.147619047619048	5.9029761904761902	5.147619047619048	6.1547619047619051	0	4	75	3.1058285412302489	5.9958718202307253	1	12.105828541230249	4.9958718202307253	0.0	-5.5952380952380949	1	1
2.119810104370117	4	5.8470238095238098	5.9029761904761902	5.8470238095238098	6.2386904761904765	0	4	75	3.1058285412302489	5.9958718202307253	1	12.105828541230249	4.9958718202307253	0.0	-5.5952380952380949	1	1
2.136389970779419	4	6.2386904761904765	5.9029761904761902	6.2386904761904765	6.2946428571428568	0	4	75	3.1058285412302489	5.9958718202307253	1	12.105828541230249	4.9958718202307253	0.0	-5.5952380952380949	1	1
2.1526920795440674	4	7.0779761904761909	5.9029761904761902	7.0779761904761909	6.378571428571429	0	4	75	3.1058285412302489	5.9958718202307253	1	12.105828541230249	4.9958718202307253	0.0	-5.5952380952380949	1	1
2.169342041015625	4	7.9452380952380954	5.9029761904761902	7.9452380952380954	6.4625000000000004	0	4	75	3.1058285412302489	5.9958718202307253	1	12.105828541230249	4.9958718202307253	0.0	-5.5952380952380949	1	1
2.185905933380127	4	8.3648809523809522	5.9029761904761902	8.3648809523809522	6.4625000000000004	0	4	75	3.1058285412302489	5.9958718202307253	1	12.105828541230249	4.9958718202307253	0.0	-5.5952380952380949	1	1
2.202455997467041	4	9.0642857142857149	5.9029761904761902	9.0642857142857149	6.4904761904761905	0	4	75	3.1058285412302489	5.9958718202307253	1	12.105828541230249	4.9958718202307253	0.0	-5.5952380952380949	1	1
2.2190380096435547	4	9.6517857142857135	5.9029761904761902	9.6517857142857135	6.4625000000000004	0	4	75	3.1058285412302489	5.9958718202307253	1	12.105828541230249	4.9958718202307253	0.0	-5.5952380952380949	1	1
2.2356019020080566	4	9.9035714285714285	5.9029761904761902	9.9035714285714285	6.4625000000000004	0	4	75	3.1058285412302489	5.9958718202307253	1	12.105828541230249	4.9958718202307253	0.0	-5.5952380952380949	1	1
2.252239942550659	4	10.267261904761904	5.9029761904761902	10.267261904761904	6.378571428571429	0	4	75	3.1058285412302489	5.9958718202307253	1	12.105828541230249	4.9958718202307253	0.0	-5.5952380952380949	1	1
2.2688961029052734	4	10.407142857142857	5.9029761904761902	10.407142857142857	6.3226190476190478	0	4	75	3.1058285412302489	5.9958718202307253	1	12.105828541230249	4.9958718202307253	0.0	-5.5952380952380949	1	1
2.285435914993286	4	10.575	6.1547619047619051	10.574999999999999	6.1547619047619051	0	4	75	3.1058285412302489	5.9958718202307253	1	12.105828541230249	4.9958718202307253	0.0	-5.5952380952380949	1	1
2.3019979000091553	4	10.630952380952381	5.9869047619047606	10.630952380952381	5.9869047619047615	0	4	75	3.1058285412302489	5.9958718202307253	1	12.105828541230249	4.9958718202307253	0.0	-5.5952380952380949	1	1
2.318934917449951	4	10.602976190476191	5.9029761904761902	10.602976190476191	5.9029761904761902	0	4	75	3.1058285412302489	5.9958718202307253	1	12.105828541230249	4.9958718202307253	0.0	-5.5952380952380949	1	1
2.335491895675659	4	10.407142857142857	5.6791666666666671	10.407142857142857	5.6791666666666663	0	4	75	3.1058285412302489	5.9958718202307253	1	12.105828541230249	4.9958718202307253	0.0	-5.5952380952380949	1	1
2.352073907852173	4	10.01547619047619	5.3434523809523817	10.015476190476191	5.3434523809523808	0	5	75	3.1058285412302489	5.9958718202307253	1	12.105828541230249	4.9958718202307253	0.0	-5.5952380952380949	1	1
2.3687360286712646	4	9.763690476190476	5.1755952380952372	9.7636904761904759	5.1755952380952381	0	5	75	3.1058285412302489	5.9958718202307253	1	12.105828541230249	4.9958718202307253	0.0	-5.5952380952380949	1	1
2.38531494140625	4	9.064285714285715	4.7279761904761912	9.0642857142857149	4.7279761904761903	0	5	75	3.1058285412302489	5.9958718202307253	1	12.105828541230249	4.9958718202307253	0.0	-5.5952380952380949	1	1
2.4016571044921875	4	8.25297619047619	4.2523809523809533	8.2529761904761898	4.2523809523809524	0	5	75	3.1058285412302489	5.9958718202307253	1	12.105828541230249	4.9958718202307253	0.0	-5.5952380952380949	1	1
2.418445110321045	4	7.833333333333333	4.0005952380952383	7.833333333333333	4.0005952380952383	0	5	75	3.1058285412302489	5.9958718202307253	1	12.105828541230249	4.9958718202307253	0.0	-5.5952380952380949	1	1
2.4350550174713135	4	6.994047619047619	3.4410714285714281	6.9940476190476186	3.4410714285714286	0	5	75	3.1058285412302489	5.9958718202307253	1	12.105828541230249	4.9958718202307253	0.0	-5.5952380952380949	1	1
2.451667070388794	4	6.126785714285714	2.8815476190476197	6.1267857142857141	2.8815476190476192	0	5	75	3.1058285412302489	5.9958718202307253	1	12.105828541230249	4.9958718202307253	0.0	-5.5952380952380949	1	1
2.4679911136627197	4	5.679166666666666	2.6017857142857146	5.6791666666666663	2.6017857142857141	0	5	75	3.1058285412302489	5.9958718202307253	1	12.105828541230249	4.9958718202307253	0.0	-5.5952380952380949	1	1
2.4846179485321045	4	4.811904761904762	2.0422619047619044	4.8119047619047617	2.0422619047619048	0	5	75	3.1058285412302489	5.9958718202307253	1	12.105828541230249	4.9958718202307253	0.0	-5.5952380952380949	1	1
2.5011560916900635	4	3.9726190476190477	1.4827380952380951	3.9726190476190477	1.4827380952380953	0	5	75	3.1058285412302489	5.9958718202307253	1	12.105828541230249	4.9958718202307253	0.0	-5.5952380952380949	1	1
2.5177879333496094	4	3.580952380952381	1.2029761904761909	3.5809523809523811	1.2029761904761904	0	5	75	3.1058285412302489	5.9958718202307253	1	12.105828541230249	4.9958718202307253	0.0	-5.5952380952380949	1	1
2.534343957901001	4	2.8535714285714286	0.69940476190476186	2.8535714285714286	0.69940476190476186	0	5	75	3.1058285412302489	5.9958718202307253	1	12.105828541230249	4.9958718202307253	0.0	-5.5952380952380949	1	1
2.550926923751831	4	2.182142857142857	0.25178571428571406	2.1821428571428569	0.25178571428571428	0	5	75	3.1058285412302489	5.9958718202307253	1	12.105828541230249	4.9958718202307253	0.0	-5.5952380952380949	1	1
2.5675361156463623	4	1.9023809523809523	0.055952380952381198	1.9023809523809523	0.055952380952380955	0	5	75	3.1058285412302489	5.9958718202307253	1	12.105828541230249	4.9958718202307253	0.0	-5.5952380952380949	1	1
2.584162950515747	4	1.3708333333333333	-0.33571428571428541	1.3708333333333333	-0.33571428571428569	0	5	75	3.1058285412302489	5.9958718202307253	1	12.105828541230249	4.9958718202307253	0.0	-5.5952380952380949	1	1
2.600713014602661	4	1.175	-0.47559523809523796	1.175	-0.47559523809523807	0	5	75	3.1058285412302489	5.9958718202307253	1	12.105828541230249	4.9958718202307253	0.0	-5.5952380952380949	1	1
2.617276906967163	4	0.8113095238095238	-0.75535714285714306	0.81130952380952381	-0.75535714285714284	0	5	75	3.1058285412302489	5.9958718202307253	1	12.105828541230249	4.9958718202307253	0.0	-5.5952380952380949	1	1
2.6339399814605713	4	0.5595238095238095	-1.0071428571428571	0.55952380952380953	-1.0071428571428571	0	5	75	3.1058285412302489	5.9958718202307253	1	12.105828541230249	4.9958718202307253	0.0	-5.5952380952380949	1	1
2.650562047958374	4	0.3357142857142857	-1.2029761904761909	0.33571428571428569	-1.2029761904761904	0	5	75	3.1058285412302489	5.9958718202307253	1	12.105828541230249	4.9958718202307253	0.0	-5.5952380952380949	1	1
2.6671159267425537	4	0.2517857142857143	-1.2589285714285712	0.25178571428571428	-1.2589285714285714	0	5	75	3.1058285412302489	5.9958718202307253	1	12.105828541230249	4.9958718202307253	0.0	-5.5952380952380949	1	1
2.6837499141693115	4	0.13988095238095238	-1.4267857142857139	0.13988095238095238	-1.4267857142857143	0	5	75	3.1058285412302489	5.9958718202307253	1	12.105828541230249	4.9958718202307253	0.0	-5.5952380952380949	1	1
2.700287103652954	4	0.11190476190476191	-1.4827380952380951	0.11190476190476191	-1.4827380952380953	0	5	75	3.1058285412302489	5.9958718202307253	1	12.105828541230249	4.9958718202307253	0.0	-5.5952380952380949	1	1
2.7169289588928223	4	0.027976190476190477	-1.5666666666666664	0.027976190476190477	-1.5666666666666667	0	5	75	3.1058285412302489	5.9958718202307253	1	12.105828541230249	4.9958718202307253	0.0	-5.5952380952380949	1	1
2.7334930896759033	4	0.0	-1.6505952380952378	0.0	-1.650595238095238	0	5	75	3.1058285412302489	5.9958718202307253	1	12.105828541230249	4.9958718202307253	0.0	-5.5952380952380949	1	1
2.7500720024108887	4	-0.055952380952380955	-1.7625000000000002	-0.055952380952380955	-1.7625	0	5	75	3.1058285412302489	5.9958718202307253	1	12.105828541230249	4.9958718202307253	0.0	-5.5952380952380949	1	1
2.7666289806365967	4	-0.055952380952380955	-1.7904761904761903	-0.055952380952380955	-1.7904761904761906	0	5	75	3.1058285412302489	5.9958718202307253	1	12.105828541230249	4.9958718202307253	0.0	-5.5952380952380949	1	1
2.7832789421081543	4	-0.11190476190476191	-1.9023809523809523	-0.11190476190476191	-1.9023809523809523	0	5	75	3.1058285412302489	5.9958718202307253	1	12.105828541230249	4.9958718202307253	0.0	-5.5952380952380949	1	1
2.7998220920562744	4	-0.13988095238095238	-1.9863095238095241	-0.13988095238095238	-1.9863095238095239	0	5	75	3.1058285412302489	5.9958718202307253	1	12.105828541230249	4.9958718202307253	0.0	-5.5952380952380949	1	1
2.816431999206543	4	-0.19583333333333333	-2.0982142857142856	-0.19583333333333333	-2.0982142857142856	0	5	75	3.1058285412302489	5.9958718202307253	1	12.105828541230249	4.9958718202307253	0.0	-5.5952380952380949	1	1
2.8329861164093018	4	-0.2517857142857143	-2.2101190476190475	-0.25178571428571428	-2.2101190476190475	0	5	75	3.1058285412302489	5.9958718202307253	1	12.105828541230249	4.9958718202307253	0.0	-5.5952380952380949	1	1
2.8496880531311035	4	-0.30773809523809526	-2.3220238095238095	-0.30773809523809526	-2.3220238095238095	0	5	75	3.1058285412302489	5.9958718202307253	1	12.105828541230249	4.9958718202307253	0.0	-5.5952380952380949	1	1
2.86625599861145	4	-0.3357142857142857	-2.3779761904761907	-0.33571428571428569	-2.3779761904761907	0	5	75	3.1058285412302489	5.9958718202307253	1	12.105828541230249	4.9958718202307253	0.0	-5.5952380952380949	1	1
2.8828909397125244	4	-0.39166666666666666	-2.4898809523809522	-0.39166666666666666	-2.4898809523809522	0	5	75	3.1058285412302489	5.9958718202307253	1	12.105828541230249	4.9958718202307253	0.0	-5.5952380952380949	1	1
2.899372100830078	4	-0.41964285714285715	-2.573809523809524	-0.41964285714285715	-2.573809523809524	0	5	75	3.1058285412302489	5.9958718202307253	1	12.105828541230249	4.9958718202307253	0.0	-5.5952380952380949	1	1
2.9160289764404297	4	-0.531547619047619	-2.7416666666666667	-0.53154761904761905	-2.7416666666666667	0	5	75	3.1058285412302489	5.9958718202307253	1	12.105828541230249	4.9958718202307253	0.0	-5.5952380952380949	1	1
2.932569980621338	4	-0.6714285714285714	-2.9095238095238094	-0.67142857142857137	-2.9095238095238094	0	5	75	3.1058285412302489	5.9958718202307253	1	12.105828541230249	4.9958718202307253	0.0	-5.5952380952380949	1	1
2.9492011070251465	4	-0.8113095238095238	-3.0773809523809526	-0.81130952380952381	-3.0773809523809526	0	5	75	3.1058285412302489	5.9958718202307253	1	12.105828541230249	4.9958718202307253	0.0	-5.5952380952380949	1	1
2.966094970703125	4	-0.8672619047619048	-3.1613095238095239	-0.86726190476190479	-3.1613095238095239	0	5	75	3.1058285412302489	5.9958718202307253	1	12.105828541230249	4.9958718202307253	0.0	-5.5952380952380949	1	1
2.982732057571411	4	-1.0071428571428571	-3.3291666666666666	-1.0071428571428571	-3.3291666666666666	0	5	75	3.1058285412302489	5.9958718202307253	1	12.105828541230249	4.9958718202307253	0.0	-5.5952380952380949	1	1
2.9992449283599854	4	-1.0910714285714285	-3.413095238095238	-1.0910714285714285	-3.413095238095238	0	5	75	3.1058285412302489	5.9958718202307253	1	12.105828541230249	4.9958718202307253	0.0	-5.5952380952380949	1	1
3.0158069133758545	4	-1.230952380952381	-3.5809523809523811	-1.230952380952381	-3.5809523809523811	0	5	75	3.1058285412302489	5.9958718202307253	1	12.105828541230249	4.9958718202307253	0.0	-5.5952380952380949	1	1
3.0324149131774902	4	-1.3708333333333333	-3.7767857142857144	-1.3708333333333333	-3.7767857142857144	0	5	75	3.1058285412302489	5.9958718202307253	1	12.105828541230249	4.9958718202307253	0.0	-5.5952380952380949	1	1
3.049103021621704	4	-1.4827380952380953	-3.9726190476190477	-1.4827380952380953	-3.9726190476190477	0	5	75	3.1058285412302489	5.9958718202307253	1	12.105828541230249	4.9958718202307253	0.0	-5.5952380952380949	1	1
3.0656650066375732	4	-1.5386904761904763	-4.0565476190476186	-1.5386904761904763	-4.0565476190476186	0	5	75	3.1058285412302489	5.9958718202307253	1	12.105828541230249	4.9958718202307253	0.0	-5.5952380952380949	1	1
3.0823020935058594	4	-1.6226190476190476	-4.2244047619047622	-1.6226190476190476	-4.2244047619047622	0	5	75	3.1058285412302489	5.9958718202307253	1	12.105828541230249	4.9958718202307253	0.0	-5.5952380952380949	1	1
3.0987000465393066	4	-1.6785714285714286	-4.2803571428571425	-1.6785714285714286	-4.2803571428571425	0	5	75	3.1058285412302489	5.9958718202307253	1	12.105828541230249	4.9958718202307253	0.0	-5.5952380952380949	1	1
3.115410089492798	4	-1.7345238095238096	-4.4202380952380951	-1.7345238095238096	-4.4202380952380951	0	5	75	3.1058285412302489	5.9958718202307253	1	12.105828541230249	4.9958718202307253	0.0	-5.5952380952380949	1	1
3.131700038909912	4	-1.7625	-4.5041666666666664	-1.7625	-4.5041666666666664	0	5	75	3.1058285412302489	5.9958718202307253	1	12.105828541230249	4.9958718202307253	0.0	-5.5952380952380949	1	1
3.148324966430664	4	-1.7625	-4.5601190476190476	-1.7625	-4.5601190476190476	0	5	75	3.1058285412302489	5.9958718202307253	1	12.105828541230249	4.9958718202307253	0.0	-5.5952380952380949	1	1
3.1649129390716553	4	-1.7345238095238096	-4.6160714285714288	-1.7345238095238096	-4.6160714285714288	0	5	75	3.1058285412302489	5.9958718202307253	1	12.105828541230249	4.9958718202307253	0.0	-5.5952380952380949	1	1
3.181555986404419	4	-1.650595238095238	-4.6720238095238091	-1.650595238095238	-4.6720238095238091	0	5	75	3.1058285412302489	5.9958718202307253	1	12.105828541230249	4.9958718202307253	0.0	-5.5952380952380949	1	1
3.198122024536133	4	-1.6226190476190476	-4.7000000000000002	-1.6226190476190476	-4.7000000000000002	0	5	75	3.1058285412302489	5.9958718202307253	1	12.105828541230249	4.9958718202307253	0.0	-5.5952380952380949	1	1
3.2147159576416016	4	-1.5107142857142857	-4.7279761904761903	-1.5107142857142857	-4.7279761904761903	0	5	75	3.1058285412302489	5.9958718202307253	1	12.105828541230249	4.9958718202307253	0.0	-5.5952380952380949	1	1
3.2312610149383545	4	-1.3988095238095237	-4.7839285714285715	-1.3988095238095237	-4.7839285714285715	0	5	75	3.1058285412302489	5.9958718202307253	1	12.105828541230249	4.9958718202307253	0.0	-5.5952380952380949	1	1
3.247910976409912	4	-1.3428571428571427	-4.7839285714285715	-1.3428571428571427	-4.7839285714285715	0	5	75	3.1058285412302489	5.9958718202307253	1	12.105828541230249	4.9958718202307253	0.0	-5.5952380952380949	1	1
3.264497995376587	4	-1.2029761904761904	-4.8398809523809527	-1.2029761904761904	-4.8398809523809527	0	5	75	3.1058285412302489	5.9958718202307253	1	12.105828541230249	4.9958718202307253	0.0	-5.5952380952380949	1	1
3.2813429832458496	4	-1.0910714285714285	-4.8678571428571429	-1.0910714285714285	-4.8678571428571429	0	5	75	3.1058285412302489	5.9958718202307253	1	12.105828541230249	4.9958718202307253	0.0	-5.5952380952380949	1	1
3.2979891300201416	4	-1.0351190476190477	-4.895833333333333	-1.0351190476190477	-4.895833333333333	0	5	75	3.1058285412302489	5.9958718202307253	1	12.105828541230249	4.9958718202307253	0.0	-5.5952380952380949	1	1
3.3144290447235107	4	-0.9232142857142858	-4.9238095238095241	-0.92321428571428577	-4.9238095238095241	0	5	75	3.1058285412302489	5.9958718202307253	1	12.105828541230249	4.9958718202307253	0.0	-5.5952380952380949	1	1
3.331123113632202	4	-0.7833333333333333	-4.9517857142857142	-0.78333333333333333	-4.9517857142857142	0	5	75	3.1058285412302489	5.9958718202307253	1	12.105828541230249	4.9958718202307253	0.0	-5.5952380952380949	1	1
3.3477189540863037	4	-0.7273809523809524	-4.9517857142857142	-0.72738095238095235	-4.9517857142857142	0	5	75	3.1058285412302489	5.9958718202307253	1	12.105828541230249	4.9958718202307253	0.0	-5.5952380952380949	1	1
3.364345073699951	4	-0.5875	-4.9797619047619044	-0.58750000000000002	-4.9797619047619044	0	5	75	3.1058285412302489	5.9958718202307253	1	12.105828541230249	4.9958718202307253	0.0	-5.5952380952380949	1	1
3.380937099456787	4	-0.47559523809523807	-5.0077380952380954	-0.47559523809523807	-5.0077380952380954	0	5	75	3.1058285412302489	5.9958718202307253	1	12.105828541230249	4.9958718202307253	0.0	-5.5952380952380949	1	1
3.3975770473480225	4	-0.41964285714285715	-5.0357142857142856	-0.41964285714285715	-5.0357142857142856	0	5	75	3.1058285412302489	5.9958718202307253	1	12.105828541230249	4.9958718202307253	0.0	-5.5952380952380949	1	1
3.4141430854797363	4	-0.30773809523809526	-5.0357142857142856	-0.30773809523809526	-5.0357142857142856	0	5	75	3.1058285412302489	5.9958718202307253	1	12.105828541230249	4.9958718202307253	0.0	-5.5952380952380949	1	1
3.4306681156158447	4	-0.19583333333333333	-5.0636904761904766	-0.19583333333333333	-5.0636904761904766	0	5	75	3.1058285412302489	5.9958718202307253	1	12.105828541230249	4.9958718202307253	0.0	-5.5952380952380949	1	1
3.447087049484253	4	-0.16785714285714284	-5.0916666666666668	-0.16785714285714284	-5.0916666666666668	0	5	75	3.1058285412302489	5.9958718202307253	1	12.105828541230249	4.9958718202307253	0.0	-5.5952380952380949	1	1
