time	trial	cursorx	cursory	hand_x	hand_Y	rotation	step	targetangle	targetposx	targetposy	garagelocation	garageposx	garageposy	homex	homey	group	trial_type
9.5367431640625e-07	1	0.27976190476190477	-5.147619047619048	0.27976190476190477	-5.147619047619048	0	5	75	3.1058285412302489	5.9958718202307253	1	12.105828541230249	4.9958718202307253	0.0	-5.5952380952380949	1	1
0.02705693244934082	1	0.3357142857142857	-5.2315476190476193	0.33571428571428569	-5.2315476190476193	0	1	75	3.1058285412302489	5.9958718202307253	1	12.105828541230249	4.9958718202307253	0.0	-5.5952380952380949	1	1
0.0436859130859375	1	0.3636904761904762	-5.2874999999999996	0.36369047619047618	-5.2874999999999996	0	1	75	3.1058285412302489	5.9958718202307253	1	12.105828541230249	4.9958718202307253	0.0	-5.5952380952380949	1	1
0.060208797454833984	1	0.3636904761904762	-5.3154761904761907	0.36369047619047618	-5.3154761904761907	0	1	75	3.1058285412302489	5.9958718202307253	1	12.105828541230249	4.9958718202307253	0.0	-5.5952380952380949	1	1
0.07681393623352051	1	0.3636904761904762	-5.3154761904761907	0.36369047619047618	-5.3154761904761907	0	1	75	3.1058285412302489	5.9958718202307253	1	12.105828541230249	4.9958718202307253	0.0	-5.5952380952380949	1	1
0.09338879585266113	1	0.3636904761904762	-5.3154761904761907	0.36369047619047618	-5.3154761904761907	0	1	75	3.1058285412302489	5.9958718202307253	1	12.105828541230249	4.9958718202307253	0.0	-5.5952380952380949	1	1
0.10997676849365234	1	0.3636904761904762	-5.3154761904761907	0.36369047619047618	-5.3154761904761907	0	1	75	3.1058285412302489	5.9958718202307253	1	12.105828541230249	4.9958718202307253	0.0	-5.5952380952380949	1	1
0.12657594680786133	1	0.3636904761904762	-5.3154761904761907	0.36369047619047618	-5.3154761904761907	0	1	75	3.1058285412302489	5.9958718202307253	1	12.105828541230249	4.9958718202307253	0.0	-5.5952380952380949	1	1
0.1431899070739746	1	0.3636904761904762	-5.3154761904761907	0.36369047619047618	-5.3154761904761907	0	1	75	3.1058285412302489	5.9958718202307253	1	12.105828541230249	4.9958718202307253	0.0	-5.5952380952380949	1	1
0.15946078300476074	1	0.3636904761904762	-5.3154761904761907	0.36369047619047618	-5.3154761904761907	0	1	75	3.1058285412302489	5.9958718202307253	1	12.105828541230249	4.9958718202307253	0.0	-5.5952380952380949	1	1
0.17607879638671875	1	0.3636904761904762	-5.3154761904761907	0.36369047619047618	-5.3154761904761907	0	1	75	3.1058285412302489	5.9958718202307253	1	12.105828541230249	4.9958718202307253	0.0	-5.5952380952380949	1	1
0.19274592399597168	1	0.3636904761904762	-5.3154761904761907	0.36369047619047618	-5.3154761904761907	0	1	75	3.1058285412302489	5.9958718202307253	1	12.105828541230249	4.9958718202307253	0.0	-5.5952380952380949	1	1
0.20940899848937988	1	0.3636904761904762	-5.3154761904761907	0.36369047619047618	-5.3154761904761907	0	1	75	3.1058285412302489	5.9958718202307253	1	12.105828541230249	4.9958718202307253	0.0	-5.5952380952380949	1	1
0.2260279655456543	1	0.3636904761904762	-5.3154761904761907	0.36369047619047618	-5.3154761904761907	0	1	75	3.1058285412302489	5.9958718202307253	1	12.105828541230249	4.9958718202307253	0.0	-5.5952380952380949	1	1
0.24267578125	1	0.3636904761904762	-5.3154761904761907	0.36369047619047618	-5.3154761904761907	0	1	75	3.1058285412302489	5.9958718202307253	1	12.105828541230249	4.9958718202307253	0.0	-5.5952380952380949	1	1
0.2592349052429199	1	0.3636904761904762	-5.3154761904761907	0.36369047619047618	-5.3154761904761907	0	1	75	3.1058285412302489	5.9958718202307253	1	12.105828541230249	4.9958718202307253	0.0	-5.5952380952380949	1	1
0.27582478523254395	1	0.3636904761904762	-5.3154761904761907	0.36369047619047618	-5.3154761904761907	0	1	75	3.1058285412302489	5.9958718202307253	1	12.105828541230249	4.9958718202307253	0.0	-5.5952380952380949	1	1
0.2924058437347412	1	0.39166666666666666	-5.3154761904761907	0.39166666666666666	-5.3154761904761907	0	1	75	3.1058285412302489	5.9958718202307253	1	12.105828541230249	4.9958718202307253	0.0	-5.5952380952380949	1	1
0.3089938163757324	1	0.3636904761904762	-5.2874999999999996	0.36369047619047618	-5.2874999999999996	0	1	75	3.1058285412302489	5.9958718202307253	1	12.105828541230249	4.9958718202307253	0.0	-5.5952380952380949	1	1
0.3256409168243408	1	0.3636904761904762	-5.2315476190476193	0.36369047619047618	-5.2315476190476193	0	1	75	3.1058285412302489	5.9958718202307253	1	12.105828541230249	4.9958718202307253	0.0	-5.5952380952380949	1	1
0.3422579765319824	1	0.39166666666666666	-5.0916666666666668	0.39166666666666666	-5.0916666666666668	0	1	75	3.1058285412302489	5.9958718202307253	1	12.105828541230249	4.9958718202307253	0.0	-5.5952380952380949	1	1
0.35880494117736816	1	0.41964285714285715	-4.9797619047619044	0.41964285714285715	-4.9797619047619044	0	1	75	3.1058285412302489	5.9958718202307253	1	12.105828541230249	4.9958718202307253	0.0	-5.5952380952380949	1	1
0.37542200088500977	1	0.5035714285714286	-4.7279761904761903	0.50357142857142856	-4.7279761904761903	0	1	75	3.1058285412302489	5.9958718202307253	1	12.105828541230249	4.9958718202307253	0.0	-5.5952380952380949	1	1
0.39198899269104004	1	0.5875	-4.5880952380952378	0.58750000000000002	-4.5880952380952378	0	1	75	3.1058285412302489	5.9958718202307253	1	12.105828541230249	4.9958718202307253	0.0	-5.5952380952380949	1	1
0.4085869789123535	1	0.7273809523809524	-4.2523809523809524	0.72738095238095235	-4.2523809523809524	0	1	75	3.1058285412302489	5.9958718202307253	1	12.105828541230249	4.9958718202307253	0.0	-5.5952380952380949	1	1
0.4251279830932617	1	0.8672619047619048	-3.8886904761904764	0.86726190476190479	-3.8886904761904764	0	1	75	3.1058285412302489	5.9958718202307253	1	12.105828541230249	4.9958718202307253	0.0	-5.5952380952380949	1	1
0.4418368339538574	1	1.0351190476190477	-3.4690476190476192	1.0351190476190477	-3.4690476190476192	0	1	75	3.1058285412302489	5.9958718202307253	1	12.105828541230249	4.9958718202307253	0.0	-5.5952380952380949	1	1
0.45842790603637695	1	1.119047619047619	-3.2732142857142859	1.1190476190476191	-3.2732142857142859	0	1	75	3.1058285412302489	5.9958718202307253	1	12.105828541230249	4.9958718202307253	0.0	-5.5952380952380949	1	1
0.4749619960784912	1	1.286904761904762	-2.8815476190476192	1.286904761904762	-2.8815476190476192	0	2	75	3.1058285412302489	5.9958718202307253	1	12.105828541230249	4.9958718202307253	0.0	-5.5952380952380949	1	1
0.4918098449707031	1	1.3708333333333333	-2.6577380952380953	1.3708333333333333	-2.6577380952380953	0	2	75	3.1058285412302489	5.9958718202307253	1	12.105828541230249	4.9958718202307253	0.0	-5.5952380952380949	1	1
0.508389949798584	1	1.5386904761904763	-2.2101190476190475	1.5386904761904763	-2.2101190476190475	0	2	75	3.1058285412302489	5.9958718202307253	1	12.105828541230249	4.9958718202307253	0.0	-5.5952380952380949	1	1
0.5250289440155029	1	1.6785714285714286	-1.7345238095238096	1.6785714285714286	-1.7345238095238096	0	2	75	3.1058285412302489	5.9958718202307253	1	12.105828541230249	4.9958718202307253	0.0	-5.5952380952380949	1	1
0.541658878326416	1	1.818452380952381	-1.2589285714285712	1.8184523809523809	-1.2589285714285714	0	2	75	3.1058285412302489	5.9958718202307253	1	12.105828541230249	4.9958718202307253	0.0	-5.5952380952380949	1	1
0.558236837387085	1	1.9023809523809523	-1.0071428571428571	1.9023809523809523	-1.0071428571428571	0	2	75	3.1058285412302489	5.9958718202307253	1	12.105828541230249	4.9958718202307253	0.0	-5.5952380952380949	1	1
0.574786901473999	1	2.0702380952380954	-0.53154761904761916	2.0702380952380954	-0.53154761904761905	0	2	75	3.1058285412302489	5.9958718202307253	1	12.105828541230249	4.9958718202307253	0.0	-5.5952380952380949	1	1
0.5914309024810791	1	2.154166666666667	-0.2797619047619051	2.1541666666666668	-0.27976190476190477	0	2	75	3.1058285412302489	5.9958718202307253	1	12.105828541230249	4.9958718202307253	0.0	-5.5952380952380949	1	1
0.6080029010772705	1	2.3220238095238095	0.1678571428571427	2.3220238095238095	0.16785714285714284	0	2	75	3.1058285412302489	5.9958718202307253	1	12.105828541230249	4.9958718202307253	0.0	-5.5952380952380949	1	1
0.6246058940887451	1	2.461904761904762	0.64345238095238066	2.461904761904762	0.643452380952381	0	2	75	3.1058285412302489	5.9958718202307253	1	12.105828541230249	4.9958718202307253	0.0	-5.5952380952380949	1	1
0.6412408351898193	1	2.601785714285714	1.1470238095238097	2.6017857142857141	1.1470238095238094	0	2	75	3.1058285412302489	5.9958718202307253	1	12.105828541230249	4.9958718202307253	0.0	-5.5952380952380949	1	1
0.6575379371643066	1	2.6577380952380953	1.3708333333333336	2.6577380952380953	1.3708333333333333	0	2	75	3.1058285412302489	5.9958718202307253	1	12.105828541230249	4.9958718202307253	0.0	-5.5952380952380949	1	1
0.6740717887878418	1	2.7696428571428573	1.8464285714285715	2.7696428571428573	1.8464285714285715	0	2	75	3.1058285412302489	5.9958718202307253	1	12.105828541230249	4.9958718202307253	0.0	-5.5952380952380949	1	1
0.6906709671020508	1	2.825595238095238	2.0702380952380954	2.825595238095238	2.0702380952380954	0	2	75	3.1058285412302489	5.9958718202307253	1	12.105828541230249	4.9958718202307253	0.0	-5.5952380952380949	1	1
0.7072479724884033	1	2.9095238095238094	2.5458333333333343	2.9095238095238094	2.5458333333333334	0	2	75	3.1058285412302489	5.9958718202307253	1	12.105828541230249	4.9958718202307253	0.0	-5.5952380952380949	1	1
0.7238588333129883	1	2.9654761904761906	2.9654761904761902	2.9654761904761906	2.9654761904761906	0	2	75	3.1058285412302489	5.9958718202307253	1	12.105828541230249	4.9958718202307253	0.0	-5.5952380952380949	1	1
0.7405908107757568	1	2.9934523809523808	3.1613095238095248	2.9934523809523808	3.1613095238095239	0	2	75	3.1058285412302489	5.9958718202307253	1	12.105828541230249	4.9958718202307253	0.0	-5.5952380952380949	1	1
0.7570638656616211	1	3.0773809523809526	3.5250000000000004	3.0773809523809526	3.5249999999999999	0	2	75	3.1058285412302489	5.9958718202307253	1	12.105828541230249	4.9958718202307253	0.0	-5.5952380952380949	1	1
0.7736217975616455	1	3.161309523809524	3.8886904761904759	3.1613095238095239	3.8886904761904764	0	2	75	3.1058285412302489	5.9958718202307253	1	12.105828541230249	4.9958718202307253	0.0	-5.5952380952380949	1	1
0.7902688980102539	1	3.2172619047619047	4.0285714285714285	3.2172619047619047	4.0285714285714285	0	2	75	3.1058285412302489	5.9958718202307253	1	12.105828541230249	4.9958718202307253	0.0	-5.5952380952380949	1	1
0.8070328235626221	1	3.273214285714286	4.3363095238095237	3.2732142857142859	4.3363095238095237	0	2	75	3.1058285412302489	5.9958718202307253	1	12.105828541230249	4.9958718202307253	0.0	-5.5952380952380949	1	1
0.8236958980560303	1	3.301190476190476	4.644047619047619	3.301190476190476	4.644047619047619	0	2	75	3.1058285412302489	5.9958718202307253	1	12.105828541230249	4.9958718202307253	0.0	-5.5952380952380949	1	1
0.8402869701385498	1	3.301190476190476	4.7839285714285715	3.301190476190476	4.7839285714285715	0	2	75	3.1058285412302489	5.9958718202307253	1	12.105828541230249	4.9958718202307253	0.0	-5.5952380952380949	1	1
0.8569469451904297	1	3.301190476190476	5.0357142857142847	3.301190476190476	5.0357142857142856	0	2	75	3.1058285412302489	5.9958718202307253	1	12.105828541230249	4.9958718202307253	0.0	-5.5952380952380949	1	1
0.8734688758850098	1	3.301190476190476	5.2874999999999996	3.301190476190476	5.2874999999999996	0	2	75	3.1058285412302489	5.9958718202307253	1	12.105828541230249	4.9958718202307253	0.0	-5.5952380952380949	1	1
0.8900408744812012	1	3.3291666666666666	5.399404761904762	3.3291666666666666	5.399404761904762	0	2	75	3.1058285412302489	5.9958718202307253	1	12.105828541230249	4.9958718202307253	0.0	-5.5952380952380949	1	1
0.9066669940948486	1	3.3291666666666666	5.5952380952380949	3.3291666666666666	5.5952380952380949	0	2	75	3.1058285412302489	5.9958718202307253	1	12.105828541230249	4.9958718202307253	0.0	-5.5952380952380949	1	1
0.9232828617095947	1	3.301190476190476	5.7630952380952394	3.301190476190476	5.7630952380952385	0	2	75	3.1058285412302489	5.9958718202307253	1	12.105828541230249	4.9958718202307253	0.0	-5.5952380952380949	1	1
0.9398729801177979	1	3.301190476190476	5.8470238095238098	3.301190476190476	5.8470238095238098	0	2	75	3.1058285412302489	5.9958718202307253	1	12.105828541230249	4.9958718202307253	0.0	-5.5952380952380949	1	1
0.9565157890319824	1	3.301190476190476	5.9589285714285722	3.301190476190476	5.9589285714285714	0	2	75	3.1058285412302489	5.9958718202307253	1	12.105828541230249	4.9958718202307253	0.0	-5.5952380952380949	1	1
0.9728009700775146	1	3.273214285714286	6.0428571428571427	3.2732142857142859	6.0428571428571427	0	2	75	3.1058285412302489	5.9958718202307253	1	12.105828541230249	4.9958718202307253	0.0	-5.5952380952380949	1	1
0.9894068241119385	1	3.273214285714286	6.0708333333333329	3.2732142857142859	6.0708333333333337	0	2	75	3.1058285412302489	5.9958718202307253	1	12.105828541230249	4.9958718202307253	0.0	-5.5952380952380949	1	1
1.0059897899627686	1	3.273214285714286	6.1267857142857132	3.2732142857142859	6.1267857142857141	0	2	75	3.1058285412302489	5.9958718202307253	1	12.105828541230249	4.9958718202307253	0.0	-5.5952380952380949	1	1
1.022540807723999	1	3.273214285714286	6.1827380952380953	3.2732142857142859	6.1827380952380953	0	2	75	3.1058285412302489	5.9958718202307253	1	12.105828541230249	4.9958718202307253	0.0	-5.5952380952380949	1	1
1.0391438007354736	1	3.273214285714286	6.1827380952380953	3.2732142857142859	6.1827380952380953	0	2	75	3.1058285412302489	5.9958718202307253	1	12.105828541230249	4.9958718202307253	0.0	-5.5952380952380949	1	1
1.0557959079742432	1	3.2452380952380953	6.2107142857142854	3.2452380952380953	6.2107142857142854	0	2	75	3.1058285412302489	5.9958718202307253	1	12.105828541230249	4.9958718202307253	0.0	-5.5952380952380949	1	1
1.072307825088501	1	3.2452380952380953	6.2386904761904773	3.2452380952380953	6.2386904761904765	0	2	75	3.1058285412302489	5.9958718202307253	1	12.105828541230249	4.9958718202307253	0.0	-5.5952380952380949	1	1
1.0889198780059814	1	3.2452380952380953	6.2386904761904773	3.2452380952380953	6.2386904761904765	0	2	75	3.1058285412302489	5.9958718202307253	1	12.105828541230249	4.9958718202307253	0.0	-5.5952380952380949	1	1
1.1055409908294678	1	3.2452380952380953	6.2386904761904773	3.2452380952380953	6.2386904761904765	0	2	75	3.1058285412302489	5.9958718202307253	1	12.105828541230249	4.9958718202307253	0.0	-5.5952380952380949	1	1
1.1221578121185303	1	3.2452380952380953	6.2386904761904773	3.2452380952380953	6.2386904761904765	0	2	75	3.1058285412302489	5.9958718202307253	1	12.105828541230249	4.9958718202307253	0.0	-5.5952380952380949	1	1
1.1386988162994385	1	3.2452380952380953	6.2386904761904773	3.2452380952380953	6.2386904761904765	0	2	75	3.1058285412302489	5.9958718202307253	1	12.105828541230249	4.9958718202307253	0.0	-5.5952380952380949	1	1
1.1553637981414795	1	3.2452380952380953	6.2386904761904773	3.2452380952380953	6.2386904761904765	0	2	75	3.1058285412302489	5.9958718202307253	1	12.105828541230249	4.9958718202307253	0.0	-5.5952380952380949	1	1
1.1718659400939941	1	3.2452380952380953	6.2386904761904773	3.2452380952380953	6.2386904761904765	0	2	75	3.1058285412302489	5.9958718202307253	1	12.105828541230249	4.9958718202307253	0.0	-5.5952380952380949	1	1
1.1885478496551514	1	3.2452380952380953	6.2386904761904773	3.2452380952380953	6.2386904761904765	0	2	75	3.1058285412302489	5.9958718202307253	1	12.105828541230249	4.9958718202307253	0.0	-5.5952380952380949	1	1
1.2050738334655762	1	3.2452380952380953	6.2386904761904773	3.2452380952380953	6.2386904761904765	0	2	75	3.1058285412302489	5.9958718202307253	1	12.105828541230249	4.9958718202307253	0.0	-5.5952380952380949	1	1
1.221681833267212	1	3.2452380952380953	6.2386904761904773	3.2452380952380953	6.2386904761904765	0	2	75	3.1058285412302489	5.9958718202307253	1	12.105828541230249	4.9958718202307253	0.0	-5.5952380952380949	1	1
1.2382729053497314	1	3.2452380952380953	6.2386904761904773	3.2452380952380953	6.2386904761904765	0	2	75	3.1058285412302489	5.9958718202307253	1	12.105828541230249	4.9958718202307253	0.0	-5.5952380952380949	1	1
1.254922866821289	1	3.2452380952380953	6.2386904761904773	3.2452380952380953	6.2386904761904765	0	2	75	3.1058285412302489	5.9958718202307253	1	12.105828541230249	4.9958718202307253	0.0	-5.5952380952380949	1	1
1.271439790725708	1	3.2452380952380953	6.2386904761904773	3.2452380952380953	6.2386904761904765	0	2	75	3.1058285412302489	5.9958718202307253	1	12.105828541230249	4.9958718202307253	0.0	-5.5952380952380949	1	1
1.2880239486694336	1	3.2452380952380953	6.2386904761904773	3.2452380952380953	6.2386904761904765	0	2	75	3.1058285412302489	5.9958718202307253	1	12.105828541230249	4.9958718202307253	0.0	-5.5952380952380949	1	1
1.30489182472229	1	3.2452380952380953	6.2386904761904773	3.2452380952380953	6.2386904761904765	0	2	75	3.1058285412302489	5.9958718202307253	1	12.105828541230249	4.9958718202307253	0.0	-5.5952380952380949	1	1
1.3215878009796143	1	3.2452380952380953	6.2386904761904773	3.2452380952380953	6.2386904761904765	0	2	75	3.1058285412302489	5.9958718202307253	1	12.105828541230249	4.9958718202307253	0.0	-5.5952380952380949	1	1
1.3381619453430176	1	3.2452380952380953	6.2386904761904773	3.2452380952380953	6.2386904761904765	0	2	75	3.1058285412302489	5.9958718202307253	1	12.105828541230249	4.9958718202307253	0.0	-5.5952380952380949	1	1
1.3547489643096924	1	3.2452380952380953	6.2386904761904773	3.2452380952380953	6.2386904761904765	0	2	75	3.1058285412302489	5.9958718202307253	1	12.105828541230249	4.9958718202307253	0.0	-5.5952380952380949	1	1
1.371255874633789	1	3.2452380952380953	6.2386904761904773	3.2452380952380953	6.2386904761904765	0	2	75	3.1058285412302489	5.9958718202307253	1	12.105828541230249	4.9958718202307253	0.0	-5.5952380952380949	1	1
1.3879568576812744	1	3.2452380952380953	6.2386904761904773	3.2452380952380953	6.2386904761904765	0	2	75	3.1058285412302489	5.9958718202307253	1	12.105828541230249	4.9958718202307253	0.0	-5.5952380952380949	1	1
1.4045178890228271	1	3.2452380952380953	6.2386904761904773	3.2452380952380953	6.2386904761904765	0	2	75	3.1058285412302489	5.9958718202307253	1	12.105828541230249	4.9958718202307253	0.0	-5.5952380952380949	1	1
1.4210939407348633	1	3.2452380952380953	6.2386904761904773	3.2452380952380953	6.2386904761904765	0	2	75	3.1058285412302489	5.9958718202307253	1	12.105828541230249	4.9958718202307253	0.0	-5.5952380952380949	1	1
1.4376959800720215	1	3.2452380952380953	6.2386904761904773	3.2452380952380953	6.2386904761904765	0	2	75	3.1058285412302489	5.9958718202307253	1	12.105828541230249	4.9958718202307253	0.0	-5.5952380952380949	1	1
1.4543988704681396	1	3.2452380952380953	6.2386904761904773	3.2452380952380953	6.2386904761904765	0	2	75	3.1058285412302489	5.9958718202307253	1	12.105828541230249	4.9958718202307253	0.0	-5.5952380952380949	1	1
1.47062087059021	1	3.2452380952380953	6.2386904761904773	3.2452380952380953	6.2386904761904765	0	2	75	3.1058285412302489	5.9958718202307253	1	12.105828541230249	4.9958718202307253	0.0	-5.5952380952380949	1	1
1.4871528148651123	1	3.2452380952380953	6.2386904761904773	3.2452380952380953	6.2386904761904765	0	2	75	3.1058285412302489	5.9958718202307253	1	12.105828541230249	4.9958718202307253	0.0	-5.5952380952380949	1	1
1.5037338733673096	1	3.2452380952380953	6.2386904761904773	3.2452380952380953	6.2386904761904765	0	2	75	3.1058285412302489	5.9958718202307253	1	12.105828541230249	4.9958718202307253	0.0	-5.5952380952380949	1	1
1.5204188823699951	1	3.2452380952380953	6.2386904761904773	3.2452380952380953	6.2386904761904765	0	2	75	3.1058285412302489	5.9958718202307253	1	12.105828541230249	4.9958718202307253	0.0	-5.5952380952380949	1	1
1.5369839668273926	1	3.2452380952380953	6.2386904761904773	3.2452380952380953	6.2386904761904765	0	2	75	3.1058285412302489	5.9958718202307253	1	12.105828541230249	4.9958718202307253	0.0	-5.5952380952380949	1	1
1.5536518096923828	1	3.2452380952380953	6.2386904761904773	3.2452380952380953	6.2386904761904765	0	2	75	3.1058285412302489	5.9958718202307253	1	12.105828541230249	4.9958718202307253	0.0	-5.5952380952380949	1	1
1.5701580047607422	1	3.2452380952380953	6.2386904761904773	3.2452380952380953	6.2386904761904765	0	2	75	3.1058285412302489	5.9958718202307253	1	12.105828541230249	4.9958718202307253	0.0	-5.5952380952380949	1	1
1.586775779724121	1	3.2452380952380953	6.2386904761904773	3.2452380952380953	6.2386904761904765	0	2	75	3.1058285412302489	5.9958718202307253	1	12.105828541230249	4.9958718202307253	0.0	-5.5952380952380949	1	1
1.6033008098602295	1	3.2452380952380953	6.2386904761904773	3.2452380952380953	6.2386904761904765	0	2	75	3.1058285412302489	5.9958718202307253	1	12.105828541230249	4.9958718202307253	0.0	-5.5952380952380949	1	1
1.6201848983764648	1	3.2452380952380953	6.2386904761904773	3.2452380952380953	6.2386904761904765	0	3	75	3.1058285412302489	5.9958718202307253	1	12.105828541230249	4.9958718202307253	0.0	-5.5952380952380949	1	1
1.6367719173431396	1	3.2452380952380953	6.2386904761904773	3.2452380952380953	6.2386904761904765	0	4	75	3.1058285412302489	5.9958718202307253	1	12.105828541230249	4.9958718202307253	0.0	-5.5952380952380949	1	1
1.6534857749938965	1	3.2452380952380953	6.2386904761904773	3.2452380952380953	6.2386904761904765	0	4	75	3.1058285412302489	5.9958718202307253	1	12.105828541230249	4.9958718202307253	0.0	-5.5952380952380949	1	1
1.6700668334960938	1	3.2452380952380953	6.2386904761904773	3.2452380952380953	6.2386904761904765	0	4	75	3.1058285412302489	5.9958718202307253	1	12.105828541230249	4.9958718202307253	0.0	-5.5952380952380949	1	1
1.6864798069000244	1	3.2452380952380953	6.2386904761904773	3.2452380952380953	6.2386904761904765	0	4	75	3.1058285412302489	5.9958718202307253	1	12.105828541230249	4.9958718202307253	0.0	-5.5952380952380949	1	1
1.7031497955322266	1	3.2452380952380953	6.2386904761904773	3.2452380952380953	6.2386904761904765	0	4	75	3.1058285412302489	5.9958718202307253	1	12.105828541230249	4.9958718202307253	0.0	-5.5952380952380949	1	1
1.7197937965393066	1	3.2452380952380953	6.2386904761904773	3.2452380952380953	6.2386904761904765	0	4	75	3.1058285412302489	5.9958718202307253	1	12.105828541230249	4.9958718202307253	0.0	-5.5952380952380949	1	1
1.7363758087158203	1	3.2452380952380953	6.2386904761904773	3.2452380952380953	6.2386904761904765	0	4	75	3.1058285412302489	5.9958718202307253	1	12.105828541230249	4.9958718202307253	0.0	-5.5952380952380949	1	1
1.7529637813568115	1	3.2452380952380953	6.2386904761904773	3.2452380952380953	6.2386904761904765	0	4	75	3.1058285412302489	5.9958718202307253	1	12.105828541230249	4.9958718202307253	0.0	-5.5952380952380949	1	1
1.7696449756622314	1	3.2452380952380953	6.2386904761904773	3.2452380952380953	6.2386904761904765	0	4	75	3.1058285412302489	5.9958718202307253	1	12.105828541230249	4.9958718202307253	0.0	-5.5952380952380949	1	1
1.7859289646148682	1	3.2452380952380953	6.2386904761904773	3.2452380952380953	6.2386904761904765	0	4	75	3.1058285412302489	5.9958718202307253	1	12.105828541230249	4.9958718202307253	0.0	-5.5952380952380949	1	1
1.802487850189209	1	3.2452380952380953	6.2386904761904773	3.2452380952380953	6.2386904761904765	0	4	75	3.1058285412302489	5.9958718202307253	1	12.105828541230249	4.9958718202307253	0.0	-5.5952380952380949	1	1
1.8190357685089111	1	3.2452380952380953	6.2386904761904773	3.2452380952380953	6.2386904761904765	0	4	75	3.1058285412302489	5.9958718202307253	1	12.105828541230249	4.9958718202307253	0.0	-5.5952380952380949	1	1
1.8356127738952637	1	3.2452380952380953	6.2386904761904773	3.2452380952380953	6.2386904761904765	0	4	75	3.1058285412302489	5.9958718202307253	1	12.105828541230249	4.9958718202307253	0.0	-5.5952380952380949	1	1
1.8522369861602783	1	3.2732142857142859	6.2386904761904773	3.2732142857142859	6.2386904761904765	0	4	75	3.1058285412302489	5.9958718202307253	1	12.105828541230249	4.9958718202307253	0.0	-5.5952380952380949	1	1
1.8688669204711914	1	3.3291666666666666	6.2386904761904773	3.3291666666666666	6.2107142857142854	0	4	75	3.1058285412302489	5.9958718202307253	1	12.105828541230249	4.9958718202307253	0.0	-5.5952380952380949	1	1
1.8854169845581055	1	3.4690476190476192	6.2386904761904773	3.4690476190476192	6.1827380952380953	0	4	75	3.1058285412302489	5.9958718202307253	1	12.105828541230249	4.9958718202307253	0.0	-5.5952380952380949	1	1
1.9020447731018066	1	3.5529761904761905	6.2386904761904773	3.5529761904761905	6.1547619047619051	0	4	75	3.1058285412302489	5.9958718202307253	1	12.105828541230249	4.9958718202307253	0.0	-5.5952380952380949	1	1
1.9186358451843262	1	3.8607142857142858	6.2386904761904773	3.8607142857142858	6.1267857142857141	0	4	75	3.1058285412302489	5.9958718202307253	1	12.105828541230249	4.9958718202307253	0.0	-5.5952380952380949	1	1
1.9352848529815674	1	4.1964285714285712	6.2386904761904773	4.1964285714285712	6.0988095238095239	0	4	75	3.1058285412302489	5.9958718202307253	1	12.105828541230249	4.9958718202307253	0.0	-5.5952380952380949	1	1
1.9520759582519531	1	4.3922619047619049	6.2386904761904773	4.3922619047619049	6.0988095238095239	0	4	75	3.1058285412302489	5.9958718202307253	1	12.105828541230249	4.9958718202307253	0.0	-5.5952380952380949	1	1
1.9687597751617432	1	4.8678571428571429	6.2386904761904773	4.8678571428571429	6.0988095238095239	0	4	75	3.1058285412302489	5.9958718202307253	1	12.105828541230249	4.9958718202307253	0.0	-5.5952380952380949	1	1
1.9852938652038574	1	5.4273809523809522	6.2386904761904773	5.4273809523809522	6.0988095238095239	0	4	75	3.1058285412302489	5.9958718202307253	1	12.105828541230249	4.9958718202307253	0.0	-5.5952380952380949	1	1
2.001910924911499	1	5.7630952380952385	6.2386904761904773	5.7630952380952385	6.0988095238095239	0	4	75	3.1058285412302489	5.9958718202307253	1	12.105828541230249	4.9958718202307253	0.0	-5.5952380952380949	1	1
2.0184428691864014	1	6.4625000000000004	6.2386904761904773	6.4625000000000004	6.1267857142857141	0	4	75	3.1058285412302489	5.9958718202307253	1	12.105828541230249	4.9958718202307253	0.0	-5.5952380952380949	1	1
2.0350308418273926	1	7.1898809523809524	6.2386904761904773	7.1898809523809524	6.1267857142857141	0	4	75	3.1058285412302489	5.9958718202307253	1	12.105828541230249	4.9958718202307253	0.0	-5.5952380952380949	1	1
2.051677942276001	1	7.581547619047619	6.2386904761904773	7.581547619047619	6.1267857142857141	0	4	75	3.1058285412302489	5.9958718202307253	1	12.105828541230249	4.9958718202307253	0.0	-5.5952380952380949	1	1
2.0683388710021973	1	8.336904761904762	6.2386904761904773	8.336904761904762	6.1267857142857141	0	4	75	3.1058285412302489	5.9958718202307253	1	12.105828541230249	4.9958718202307253	0.0	-5.5952380952380949	1	1
2.0848488807678223	1	9.1482142857142854	6.2386904761904773	9.1482142857142854	6.1267857142857141	0	4	75	3.1058285412302489	5.9958718202307253	1	12.105828541230249	4.9958718202307253	0.0	-5.5952380952380949	1	1
2.1011619567871094	1	9.5678571428571431	6.2386904761904773	9.5678571428571431	6.1267857142857141	0	4	75	3.1058285412302489	5.9958718202307253	1	12.105828541230249	4.9958718202307253	0.0	-5.5952380952380949	1	1
2.1178178787231445	1	10.491071428571429	6.2386904761904773	10.491071428571429	6.1267857142857141	0	4	75	3.1058285412302489	5.9958718202307253	1	12.105828541230249	4.9958718202307253	0.0	-5.5952380952380949	1	1
2.1343348026275635	1	11.330357142857142	6.2386904761904773	11.330357142857142	6.0988095238095239	0	4	75	3.1058285412302489	5.9958718202307253	1	12.105828541230249	4.9958718202307253	0.0	-5.5952380952380949	1	1
2.1509618759155273	1	11.72202380952381	6.0988095238095248	11.72202380952381	6.0988095238095239	0	4	75	3.1058285412302489	5.9958718202307253	1	12.105828541230249	4.9958718202307253	0.0	-5.5952380952380949	1	1
2.167609930038452	1	12.42142857142857	6.0428571428571427	12.421428571428571	6.0428571428571427	0	4	75	3.1058285412302489	5.9958718202307253	1	12.105828541230249	4.9958718202307253	0.0	-5.5952380952380949	1	1
2.1841509342193604	1	13.008928571428571	6.0148809523809526	13.008928571428571	6.0148809523809526	0	4	75	3.1058285412302489	5.9958718202307253	1	12.105828541230249	4.9958718202307253	0.0	-5.5952380952380949	1	1
2.200732946395874	1	13.260714285714286	5.9869047619047606	13.260714285714286	5.9869047619047615	0	4	75	3.1058285412302489	5.9958718202307253	1	12.105828541230249	4.9958718202307253	0.0	-5.5952380952380949	1	1
2.2173218727111816	1	13.596428571428572	5.9309523809523803	13.596428571428572	5.9309523809523812	0	5	75	3.1058285412302489	5.9958718202307253	1	12.105828541230249	4.9958718202307253	0.0	-5.5952380952380949	1	1
2.233883857727051	1	13.792261904761904	5.9029761904761902	13.792261904761904	5.9029761904761902	0	5	75	3.1058285412302489	5.9958718202307253	1	12.105828541230249	4.9958718202307253	0.0	-5.5952380952380949	1	1
2.250555992126465	1	13.820238095238095	5.875	13.820238095238095	5.875	0	5	75	3.1058285412302489	5.9958718202307253	1	12.105828541230249	4.9958718202307253	0.0	-5.5952380952380949	1	1
2.2671468257904053	1	13.848214285714286	5.875	13.848214285714286	5.875	0	5	75	3.1058285412302489	5.9958718202307253	1	12.105828541230249	4.9958718202307253	0.0	-5.5952380952380949	1	1
2.283667802810669	1	13.820238095238095	5.875	13.820238095238095	5.875	0	5	75	3.1058285412302489	5.9958718202307253	1	12.105828541230249	4.9958718202307253	0.0	-5.5952380952380949	1	1
2.3002548217773438	1	13.792261904761904	5.8190476190476197	13.792261904761904	5.8190476190476188	0	5	75	3.1058285412302489	5.9958718202307253	1	12.105828541230249	4.9958718202307253	0.0	-5.5952380952380949	1	1
2.31695294380188	1	13.652380952380952	5.7351190476190474	13.652380952380952	5.7351190476190474	0	5	75	3.1058285412302489	5.9958718202307253	1	12.105828541230249	4.9958718202307253	0.0	-5.5952380952380949	1	1
2.33347487449646	1	13.400595238095239	5.6232142857142868	13.400595238095239	5.6232142857142859	0	5	75	3.1058285412302489	5.9958718202307253	1	12.105828541230249	4.9958718202307253	0.0	-5.5952380952380949	1	1
2.350071907043457	1	13.204761904761904	5.5672619047619047	13.204761904761904	5.5672619047619047	0	5	75	3.1058285412302489	5.9958718202307253	1	12.105828541230249	4.9958718202307253	0.0	-5.5952380952380949	1	1
2.3667728900909424	1	12.729166666666666	5.399404761904762	12.729166666666666	5.399404761904762	0	5	75	3.1058285412302489	5.9958718202307253	1	12.105828541230249	4.9958718202307253	0.0	-5.5952380952380949	1	1
2.3832948207855225	1	12.449404761904763	5.2874999999999996	12.449404761904763	5.2874999999999996	0	5	75	3.1058285412302489	5.9958718202307253	1	12.105828541230249	4.9958718202307253	0.0	-5.5952380952380949	1	1
2.399847984313965	1	11.77797619047619	5.0636904761904766	11.77797619047619	5.0636904761904766	0	5	75	3.1058285412302489	5.9958718202307253	1	12.105828541230249	4.9958718202307253	0.0	-5.5952380952380949	1	1
2.4164059162139893	1	10.994642857142857	4.7559523809523814	10.994642857142857	4.7559523809523814	0	5	75	3.1058285412302489	5.9958718202307253	1	12.105828541230249	4.9958718202307253	0.0	-5.5952380952380949	1	1
2.43332576751709	1	10.155357142857143	4.3922619047619058	10.155357142857143	4.3922619047619049	0	5	75	3.1058285412302489	5.9958718202307253	1	12.105828541230249	4.9958718202307253	0.0	-5.5952380952380949	1	1
2.449950933456421	1	9.735714285714286	4.1964285714285712	9.7357142857142858	4.1964285714285712	0	5	75	3.1058285412302489	5.9958718202307253	1	12.105828541230249	4.9958718202307253	0.0	-5.5952380952380949	1	1
2.4665138721466064	1	8.86845238095238	3.7208333333333332	8.8684523809523803	3.7208333333333332	0	5	75	3.1058285412302489	5.9958718202307253	1	12.105828541230249	4.9958718202307253	0.0	-5.5952380952380949	1	1
2.4831008911132812	1	8.420833333333333	3.4970238095238102	8.4208333333333325	3.4970238095238093	0	5	75	3.1058285412302489	5.9958718202307253	1	12.105828541230249	4.9958718202307253	0.0	-5.5952380952380949	1	1
2.499668836593628	1	7.4696428571428575	2.9654761904761902	7.4696428571428575	2.9654761904761906	0	5	75	3.1058285412302489	5.9958718202307253	1	12.105828541230249	4.9958718202307253	0.0	-5.5952380952380949	1	1
2.516335964202881	1	6.518452380952381	2.4059523809523817	6.5184523809523807	2.4059523809523808	0	5	75	3.1058285412302489	5.9958718202307253	1	12.105828541230249	4.9958718202307253	0.0	-5.5952380952380949	1	1
2.5329039096832275	1	5.567261904761905	1.8184523809523814	5.5672619047619047	1.8184523809523809	0	5	75	3.1058285412302489	5.9958718202307253	1	12.105828541230249	4.9958718202307253	0.0	-5.5952380952380949	1	1
2.549494981765747	1	5.119642857142857	1.5386904761904763	5.1196428571428569	1.5386904761904763	0	5	75	3.1058285412302489	5.9958718202307253	1	12.105828541230249	4.9958718202307253	0.0	-5.5952380952380949	1	1
2.5660698413848877	1	4.196428571428571	0.95119047619047592	4.1964285714285712	0.95119047619047614	0	5	75	3.1058285412302489	5.9958718202307253	1	12.105828541230249	4.9958718202307253	0.0	-5.5952380952380949	1	1
2.5826938152313232	1	3.748809523809524	0.64345238095238066	3.7488095238095238	0.643452380952381	0	5	75	3.1058285412302489	5.9958718202307253	1	12.105828541230249	4.9958718202307253	0.0	-5.5952380952380949	1	1
2.598968982696533	1	2.9095238095238094	0.055952380952381198	2.9095238095238094	0.055952380952380955	0	5	75	3.1058285412302489	5.9958718202307253	1	12.105828541230249	4.9958718202307253	0.0	-5.5952380952380949	1	1
2.615534782409668	1	2.126190476190476	-0.53154761904761916	2.1261904761904762	-0.53154761904761905	0	5	75	3.1058285412302489	5.9958718202307253	1	12.105828541230249	4.9958718202307253	0.0	-5.5952380952380949	1	1
2.6321399211883545	1	1.7625	-0.78333333333333321	1.7625	-0.78333333333333333	0	5	75	3.1058285412302489	5.9958718202307253	1	12.105828541230249	4.9958718202307253	0.0	-5.5952380952380949	1	1
2.6487557888031006	1	1.119047619047619	-1.3148809523809524	1.1190476190476191	-1.3148809523809524	0	5	75	3.1058285412302489	5.9958718202307253	1	12.105828541230249	4.9958718202307253	0.0	-5.5952380952380949	1	1
2.6653778553009033	1	0.5875	-1.7904761904761903	0.58750000000000002	-1.7904761904761906	0	5	75	3.1058285412302489	5.9958718202307253	1	12.105828541230249	4.9958718202307253	0.0	-5.5952380952380949	1	1
2.6820437908172607	1	0.3357142857142857	-2.0142857142857142	0.33571428571428569	-2.0142857142857142	0	5	75	3.1058285412302489	5.9958718202307253	1	12.105828541230249	4.9958718202307253	0.0	-5.5952380952380949	1	1
2.698558807373047	1	-0.08392857142857142	-2.461904761904762	-0.083928571428571422	-2.461904761904762	0	5	75	3.1058285412302489	5.9958718202307253	1	12.105828541230249	4.9958718202307253	0.0	-5.5952380952380949	1	1
2.715155839920044	1	-0.27976190476190477	-2.6577380952380953	-0.27976190476190477	-2.6577380952380953	0	5	75	3.1058285412302489	5.9958718202307253	1	12.105828541230249	4.9958718202307253	0.0	-5.5952380952380949	1	1
2.7317028045654297	1	-0.531547619047619	-2.9934523809523808	-0.53154761904761905	-2.9934523809523808	0	5	75	3.1058285412302489	5.9958718202307253	1	12.105828541230249	4.9958718202307253	0.0	-5.5952380952380949	1	1
2.7485859394073486	1	-0.7273809523809524	-3.301190476190476	-0.72738095238095235	-3.301190476190476	0	5	75	3.1058285412302489	5.9958718202307253	1	12.105828541230249	4.9958718202307253	0.0	-5.5952380952380949	1	1
2.765206813812256	1	-0.8672619047619048	-3.5529761904761905	-0.86726190476190479	-3.5529761904761905	0	5	75	3.1058285412302489	5.9958718202307253	1	12.105828541230249	4.9958718202307253	0.0	-5.5952380952380949	1	1
2.781919002532959	1	-0.8952380952380953	-3.6648809523809525	-0.89523809523809528	-3.6648809523809525	0	5	75	3.1058285412302489	5.9958718202307253	1	12.105828541230249	4.9958718202307253	0.0	-5.5952380952380949	1	1
2.7980878353118896	1	-0.9791666666666666	-3.8886904761904764	-0.97916666666666663	-3.8886904761904764	0	5	75	3.1058285412302489	5.9958718202307253	1	12.105828541230249	4.9958718202307253	0.0	-5.5952380952380949	1	1
2.814943790435791	1	-1.0071428571428571	-3.9726190476190477	-1.0071428571428571	-3.9726190476190477	0	5	75	3.1058285412302489	5.9958718202307253	1	12.105828541230249	4.9958718202307253	0.0	-5.5952380952380949	1	1
2.831547975540161	1	-1.063095238095238	-4.1404761904761909	-1.0630952380952381	-4.1404761904761909	0	5	75	3.1058285412302489	5.9958718202307253	1	12.105828541230249	4.9958718202307253	0.0	-5.5952380952380949	1	1
2.8481907844543457	1	-1.063095238095238	-4.2803571428571425	-1.0630952380952381	-4.2803571428571425	0	5	75	3.1058285412302489	5.9958718202307253	1	12.105828541230249	4.9958718202307253	0.0	-5.5952380952380949	1	1
2.8647968769073486	1	-1.0351190476190477	-4.4202380952380951	-1.0351190476190477	-4.4202380952380951	0	5	75	3.1058285412302489	5.9958718202307253	1	12.105828541230249	4.9958718202307253	0.0	-5.5952380952380949	1	1
2.8814899921417236	1	-1.0071428571428571	-4.5041666666666664	-1.0071428571428571	-4.5041666666666664	0	5	75	3.1058285412302489	5.9958718202307253	1	12.105828541230249	4.9958718202307253	0.0	-5.5952380952380949	1	1
2.8979787826538086	1	-0.9511904761904761	-4.6160714285714288	-0.95119047619047614	-4.6160714285714288	0	5	75	3.1058285412302489	5.9958718202307253	1	12.105828541230249	4.9958718202307253	0.0	-5.5952380952380949	1	1
2.9143078327178955	1	-0.9232142857142858	-4.6720238095238091	-0.92321428571428577	-4.6720238095238091	0	5	75	3.1058285412302489	5.9958718202307253	1	12.105828541230249	4.9958718202307253	0.0	-5.5952380952380949	1	1
2.9308648109436035	1	-0.8392857142857143	-4.7839285714285715	-0.8392857142857143	-4.7839285714285715	0	5	75	3.1058285412302489	5.9958718202307253	1	12.105828541230249	4.9958718202307253	0.0	-5.5952380952380949	1	1
2.9474198818206787	1	-0.7833333333333333	-4.895833333333333	-0.78333333333333333	-4.895833333333333	0	5	75	3.1058285412302489	5.9958718202307253	1	12.105828541230249	4.9958718202307253	0.0	-5.5952380952380949	1	1
2.9640018939971924	1	-0.7273809523809524	-4.9238095238095241	-0.72738095238095235	-4.9238095238095241	0	5	75	3.1058285412302489	5.9958718202307253	1	12.105828541230249	4.9958718202307253	0.0	-5.5952380952380949	1	1
2.980726957321167	1	-0.643452380952381	-5.0357142857142856	-0.643452380952381	-5.0357142857142856	0	5	75	3.1058285412302489	5.9958718202307253	1	12.105828541230249	4.9958718202307253	0.0	-5.5952380952380949	1	1
2.997243881225586	1	-0.531547619047619	-5.1196428571428569	-0.53154761904761905	-5.1196428571428569	0	5	75	3.1058285412302489	5.9958718202307253	1	12.105828541230249	4.9958718202307253	0.0	-5.5952380952380949	1	1
3.0138158798217773	1	-0.5035714285714286	-5.147619047619048	-0.50357142857142856	-5.147619047619048	0	5	75	3.1058285412302489	5.9958718202307253	1	12.105828541230249	4.9958718202307253	0.0	-5.5952380952380949	1	1
3.0304088592529297	1	-0.39166666666666666	-5.2315476190476193	-0.39166666666666666	-5.2315476190476193	0	5	75	3.1058285412302489	5.9958718202307253	1	12.105828541230249	4.9958718202307253	0.0	-5.5952380952380949	1	1
