time	trial	cursorx	cursory	hand_x	hand_Y	rotation	step	targetangle	targetposx	targetposy	garagelocation	garageposx	garageposy	homex	homey	group	trial_type
9.5367431640625e-07	0	0.2517857142857143	-6.2107142857142854	0.25178571428571428	-6.2107142857142854	0	5	105	-3.1058285412302502	5.9958718202307253	-1	-12.105828541230251	4.9958718202307253	0.0	-5.5952380952380949	1	1
0.015019893646240234	0	0.2517857142857143	-6.2107142857142854	0.25178571428571428	-6.2107142857142854	0	1	105	-3.1058285412302502	5.9958718202307253	-1	-12.105828541230251	4.9958718202307253	0.0	-5.5952380952380949	1	1
0.03156089782714844	0	0.2517857142857143	-6.2107142857142854	0.25178571428571428	-6.2107142857142854	0	1	105	-3.1058285412302502	5.9958718202307253	-1	-12.105828541230251	4.9958718202307253	0.0	-5.5952380952380949	1	1
0.04812192916870117	0	0.2517857142857143	-6.2107142857142854	0.25178571428571428	-6.2107142857142854	0	1	105	-3.1058285412302502	5.9958718202307253	-1	-12.105828541230251	4.9958718202307253	0.0	-5.5952380952380949	1	1
0.06468391418457031	0	0.2517857142857143	-6.2107142857142854	0.25178571428571428	-6.2107142857142854	0	1	105	-3.1058285412302502	5.9958718202307253	-1	-12.105828541230251	4.9958718202307253	0.0	-5.5952380952380949	1	1
0.08130192756652832	0	0.2517857142857143	-6.2107142857142854	0.25178571428571428	-6.2107142857142854	0	1	105	-3.1058285412302502	5.9958718202307253	-1	-12.105828541230251	4.9958718202307253	0.0	-5.5952380952380949	1	1
0.09794092178344727	0	0.2517857142857143	-6.2107142857142854	0.25178571428571428	-6.2107142857142854	0	1	105	-3.1058285412302502	5.9958718202307253	-1	-12.105828541230251	4.9958718202307253	0.0	-5.5952380952380949	1	1
0.11446094512939453	0	0.2517857142857143	-6.2107142857142854	0.25178571428571428	-6.2107142857142854	0	1	105	-3.1058285412302502	5.9958718202307253	-1	-12.105828541230251	4.9958718202307253	0.0	-5.5952380952380949	1	1
0.13106894493103027	0	0.2517857142857143	-6.2107142857142854	0.25178571428571428	-6.2107142857142854	0	1	105	-3.1058285412302502	5.9958718202307253	-1	-12.105828541230251	4.9958718202307253	0.0	-5.5952380952380949	1	1
0.14773893356323242	0	0.2517857142857143	-6.2107142857142854	0.25178571428571428	-6.2107142857142854	0	1	105	-3.1058285412302502	5.9958718202307253	-1	-12.105828541230251	4.9958718202307253	0.0	-5.5952380952380949	1	1
0.16428899765014648	0	0.2517857142857143	-6.2107142857142854	0.25178571428571428	-6.2107142857142854	0	1	105	-3.1058285412302502	5.9958718202307253	-1	-12.105828541230251	4.9958718202307253	0.0	-5.5952380952380949	1	1
0.18097496032714844	0	0.2517857142857143	-6.2107142857142854	0.25178571428571428	-6.2107142857142854	0	1	105	-3.1058285412302502	5.9958718202307253	-1	-12.105828541230251	4.9958718202307253	0.0	-5.5952380952380949	1	1
0.19729399681091309	0	0.2517857142857143	-6.2107142857142854	0.25178571428571428	-6.2107142857142854	0	1	105	-3.1058285412302502	5.9958718202307253	-1	-12.105828541230251	4.9958718202307253	0.0	-5.5952380952380949	1	1
0.2138528823852539	0	0.2517857142857143	-6.2107142857142854	0.25178571428571428	-6.2107142857142854	0	1	105	-3.1058285412302502	5.9958718202307253	-1	-12.105828541230251	4.9958718202307253	0.0	-5.5952380952380949	1	1
0.2304999828338623	0	0.2517857142857143	-6.2107142857142854	0.25178571428571428	-6.2107142857142854	0	1	105	-3.1058285412302502	5.9958718202307253	-1	-12.105828541230251	4.9958718202307253	0.0	-5.5952380952380949	1	1
0.24714088439941406	0	0.2517857142857143	-6.2107142857142854	0.25178571428571428	-6.2107142857142854	0	1	105	-3.1058285412302502	5.9958718202307253	-1	-12.105828541230251	4.9958718202307253	0.0	-5.5952380952380949	1	1
0.26378393173217773	0	0.2517857142857143	-6.2107142857142854	0.25178571428571428	-6.2107142857142854	0	1	105	-3.1058285412302502	5.9958718202307253	-1	-12.105828541230251	4.9958718202307253	0.0	-5.5952380952380949	1	1
0.280336856842041	0	0.2517857142857143	-6.2107142857142854	0.25178571428571428	-6.2107142857142854	0	1	105	-3.1058285412302502	5.9958718202307253	-1	-12.105828541230251	4.9958718202307253	0.0	-5.5952380952380949	1	1
0.29698896408081055	0	0.2517857142857143	-6.2107142857142854	0.25178571428571428	-6.2107142857142854	0	1	105	-3.1058285412302502	5.9958718202307253	-1	-12.105828541230251	4.9958718202307253	0.0	-5.5952380952380949	1	1
0.31357693672180176	0	0.2517857142857143	-6.2107142857142854	0.25178571428571428	-6.2107142857142854	0	1	105	-3.1058285412302502	5.9958718202307253	-1	-12.105828541230251	4.9958718202307253	0.0	-5.5952380952380949	1	1
0.3301379680633545	0	0.2517857142857143	-6.2107142857142854	0.25178571428571428	-6.2107142857142854	0	1	105	-3.1058285412302502	5.9958718202307253	-1	-12.105828541230251	4.9958718202307253	0.0	-5.5952380952380949	1	1
0.3469860553741455	0	0.2517857142857143	-6.2107142857142854	0.25178571428571428	-6.2107142857142854	0	1	105	-3.1058285412302502	5.9958718202307253	-1	-12.105828541230251	4.9958718202307253	0.0	-5.5952380952380949	1	1
0.3636488914489746	0	0.2517857142857143	-6.2107142857142854	0.25178571428571428	-6.2107142857142854	0	1	105	-3.1058285412302502	5.9958718202307253	-1	-12.105828541230251	4.9958718202307253	0.0	-5.5952380952380949	1	1
0.380202054977417	0	0.2517857142857143	-6.2107142857142854	0.25178571428571428	-6.2107142857142854	0	1	105	-3.1058285412302502	5.9958718202307253	-1	-12.105828541230251	4.9958718202307253	0.0	-5.5952380952380949	1	1
0.3968038558959961	0	0.2517857142857143	-6.2107142857142854	0.25178571428571428	-6.2107142857142854	0	1	105	-3.1058285412302502	5.9958718202307253	-1	-12.105828541230251	4.9958718202307253	0.0	-5.5952380952380949	1	1
0.4133729934692383	0	0.2517857142857143	-6.2107142857142854	0.25178571428571428	-6.2107142857142854	0	1	105	-3.1058285412302502	5.9958718202307253	-1	-12.105828541230251	4.9958718202307253	0.0	-5.5952380952380949	1	1
0.4300198554992676	0	0.2517857142857143	-6.2107142857142854	0.25178571428571428	-6.2107142857142854	0	1	105	-3.1058285412302502	5.9958718202307253	-1	-12.105828541230251	4.9958718202307253	0.0	-5.5952380952380949	1	1
0.44648098945617676	0	0.2517857142857143	-6.2107142857142854	0.25178571428571428	-6.2107142857142854	0	1	105	-3.1058285412302502	5.9958718202307253	-1	-12.105828541230251	4.9958718202307253	0.0	-5.5952380952380949	1	1
0.4631938934326172	0	0.2517857142857143	-6.2107142857142854	0.25178571428571428	-6.2107142857142854	0	1	105	-3.1058285412302502	5.9958718202307253	-1	-12.105828541230251	4.9958718202307253	0.0	-5.5952380952380949	1	1
0.47976088523864746	0	0.2517857142857143	-6.2107142857142854	0.25178571428571428	-6.2107142857142854	0	1	105	-3.1058285412302502	5.9958718202307253	-1	-12.105828541230251	4.9958718202307253	0.0	-5.5952380952380949	1	1
0.49639296531677246	0	0.2517857142857143	-6.2107142857142854	0.25178571428571428	-6.2107142857142854	0	1	105	-3.1058285412302502	5.9958718202307253	-1	-12.105828541230251	4.9958718202307253	0.0	-5.5952380952380949	1	1
0.5126738548278809	0	0.2517857142857143	-6.2107142857142854	0.25178571428571428	-6.2107142857142854	0	1	105	-3.1058285412302502	5.9958718202307253	-1	-12.105828541230251	4.9958718202307253	0.0	-5.5952380952380949	1	1
0.5292658805847168	0	0.2517857142857143	-6.2107142857142854	0.25178571428571428	-6.2107142857142854	0	1	105	-3.1058285412302502	5.9958718202307253	-1	-12.105828541230251	4.9958718202307253	0.0	-5.5952380952380949	1	1
0.5458559989929199	0	0.2517857142857143	-6.2107142857142854	0.25178571428571428	-6.2107142857142854	0	1	105	-3.1058285412302502	5.9958718202307253	-1	-12.105828541230251	4.9958718202307253	0.0	-5.5952380952380949	1	1
0.5625219345092773	0	0.2517857142857143	-6.2107142857142854	0.25178571428571428	-6.2107142857142854	0	1	105	-3.1058285412302502	5.9958718202307253	-1	-12.105828541230251	4.9958718202307253	0.0	-5.5952380952380949	1	1
0.5790669918060303	0	0.2517857142857143	-6.2107142857142854	0.25178571428571428	-6.2107142857142854	0	1	105	-3.1058285412302502	5.9958718202307253	-1	-12.105828541230251	4.9958718202307253	0.0	-5.5952380952380949	1	1
0.5956289768218994	0	0.2517857142857143	-6.2107142857142854	0.25178571428571428	-6.2107142857142854	0	1	105	-3.1058285412302502	5.9958718202307253	-1	-12.105828541230251	4.9958718202307253	0.0	-5.5952380952380949	1	1
0.6122360229492188	0	0.2517857142857143	-6.2107142857142854	0.25178571428571428	-6.2107142857142854	0	1	105	-3.1058285412302502	5.9958718202307253	-1	-12.105828541230251	4.9958718202307253	0.0	-5.5952380952380949	1	1
0.6288809776306152	0	0.2517857142857143	-6.2107142857142854	0.25178571428571428	-6.2107142857142854	0	1	105	-3.1058285412302502	5.9958718202307253	-1	-12.105828541230251	4.9958718202307253	0.0	-5.5952380952380949	1	1
0.6454379558563232	0	0.22380952380952382	-6.2107142857142854	0.22380952380952382	-6.2107142857142854	0	1	105	-3.1058285412302502	5.9958718202307253	-1	-12.105828541230251	4.9958718202307253	0.0	-5.5952380952380949	1	1
0.6620700359344482	0	0.22380952380952382	-6.2107142857142854	0.22380952380952382	-6.2107142857142854	0	1	105	-3.1058285412302502	5.9958718202307253	-1	-12.105828541230251	4.9958718202307253	0.0	-5.5952380952380949	1	1
0.6786239147186279	0	0.22380952380952382	-6.2107142857142854	0.22380952380952382	-6.2107142857142854	0	1	105	-3.1058285412302502	5.9958718202307253	-1	-12.105828541230251	4.9958718202307253	0.0	-5.5952380952380949	1	1
0.6952118873596191	0	0.22380952380952382	-6.2107142857142854	0.22380952380952382	-6.2107142857142854	0	1	105	-3.1058285412302502	5.9958718202307253	-1	-12.105828541230251	4.9958718202307253	0.0	-5.5952380952380949	1	1
0.7117550373077393	0	0.22380952380952382	-6.2107142857142854	0.22380952380952382	-6.2107142857142854	0	1	105	-3.1058285412302502	5.9958718202307253	-1	-12.105828541230251	4.9958718202307253	0.0	-5.5952380952380949	1	1
0.7284119129180908	0	0.22380952380952382	-6.2107142857142854	0.22380952380952382	-6.2107142857142854	0	1	105	-3.1058285412302502	5.9958718202307253	-1	-12.105828541230251	4.9958718202307253	0.0	-5.5952380952380949	1	1
0.7449688911437988	0	0.22380952380952382	-6.2107142857142854	0.22380952380952382	-6.2107142857142854	0	1	105	-3.1058285412302502	5.9958718202307253	-1	-12.105828541230251	4.9958718202307253	0.0	-5.5952380952380949	1	1
0.761638879776001	0	0.2517857142857143	-6.2107142857142854	0.25178571428571428	-6.2107142857142854	0	1	105	-3.1058285412302502	5.9958718202307253	-1	-12.105828541230251	4.9958718202307253	0.0	-5.5952380952380949	1	1
0.7782070636749268	0	0.2517857142857143	-6.2107142857142854	0.25178571428571428	-6.2107142857142854	0	1	105	-3.1058285412302502	5.9958718202307253	-1	-12.105828541230251	4.9958718202307253	0.0	-5.5952380952380949	1	1
0.794731855392456	0	0.2517857142857143	-6.2107142857142854	0.25178571428571428	-6.2107142857142854	0	1	105	-3.1058285412302502	5.9958718202307253	-1	-12.105828541230251	4.9958718202307253	0.0	-5.5952380952380949	1	1
0.811366081237793	0	0.2517857142857143	-6.2107142857142854	0.25178571428571428	-6.2107142857142854	0	1	105	-3.1058285412302502	5.9958718202307253	-1	-12.105828541230251	4.9958718202307253	0.0	-5.5952380952380949	1	1
0.8280320167541504	0	0.2517857142857143	-6.2107142857142854	0.25178571428571428	-6.2107142857142854	0	1	105	-3.1058285412302502	5.9958718202307253	-1	-12.105828541230251	4.9958718202307253	0.0	-5.5952380952380949	1	1
0.8448288440704346	0	0.2517857142857143	-6.2107142857142854	0.25178571428571428	-6.2107142857142854	0	1	105	-3.1058285412302502	5.9958718202307253	-1	-12.105828541230251	4.9958718202307253	0.0	-5.5952380952380949	1	1
0.8614778518676758	0	0.2517857142857143	-6.2107142857142854	0.25178571428571428	-6.2107142857142854	0	1	105	-3.1058285412302502	5.9958718202307253	-1	-12.105828541230251	4.9958718202307253	0.0	-5.5952380952380949	1	1
0.878046989440918	0	0.2517857142857143	-6.2107142857142854	0.25178571428571428	-6.2107142857142854	0	1	105	-3.1058285412302502	5.9958718202307253	-1	-12.105828541230251	4.9958718202307253	0.0	-5.5952380952380949	1	1
0.8946189880371094	0	0.2517857142857143	-6.2107142857142854	0.25178571428571428	-6.2107142857142854	0	1	105	-3.1058285412302502	5.9958718202307253	-1	-12.105828541230251	4.9958718202307253	0.0	-5.5952380952380949	1	1
0.91119384765625	0	0.2517857142857143	-6.2107142857142854	0.25178571428571428	-6.2107142857142854	0	1	105	-3.1058285412302502	5.9958718202307253	-1	-12.105828541230251	4.9958718202307253	0.0	-5.5952380952380949	1	1
0.9277679920196533	0	0.2517857142857143	-6.2107142857142854	0.25178571428571428	-6.2107142857142854	0	1	105	-3.1058285412302502	5.9958718202307253	-1	-12.105828541230251	4.9958718202307253	0.0	-5.5952380952380949	1	1
0.9443449974060059	0	0.2517857142857143	-6.2107142857142854	0.25178571428571428	-6.2107142857142854	0	1	105	-3.1058285412302502	5.9958718202307253	-1	-12.105828541230251	4.9958718202307253	0.0	-5.5952380952380949	1	1
0.9610579013824463	0	0.2517857142857143	-6.2107142857142854	0.25178571428571428	-6.2107142857142854	0	1	105	-3.1058285412302502	5.9958718202307253	-1	-12.105828541230251	4.9958718202307253	0.0	-5.5952380952380949	1	1
0.977618932723999	0	0.2517857142857143	-6.2107142857142854	0.25178571428571428	-6.2107142857142854	0	1	105	-3.1058285412302502	5.9958718202307253	-1	-12.105828541230251	4.9958718202307253	0.0	-5.5952380952380949	1	1
0.9941508769989014	0	0.2517857142857143	-6.2107142857142854	0.25178571428571428	-6.2107142857142854	0	1	105	-3.1058285412302502	5.9958718202307253	-1	-12.105828541230251	4.9958718202307253	0.0	-5.5952380952380949	1	1
1.0104730129241943	0	0.2517857142857143	-6.2107142857142854	0.25178571428571428	-6.2107142857142854	0	1	105	-3.1058285412302502	5.9958718202307253	-1	-12.105828541230251	4.9958718202307253	0.0	-5.5952380952380949	1	1
1.0271179676055908	0	0.2517857142857143	-6.2107142857142854	0.25178571428571428	-6.2107142857142854	0	1	105	-3.1058285412302502	5.9958718202307253	-1	-12.105828541230251	4.9958718202307253	0.0	-5.5952380952380949	1	1
1.0436458587646484	0	0.2517857142857143	-6.2107142857142854	0.25178571428571428	-6.2107142857142854	0	1	105	-3.1058285412302502	5.9958718202307253	-1	-12.105828541230251	4.9958718202307253	0.0	-5.5952380952380949	1	1
1.0602390766143799	0	0.2517857142857143	-6.2107142857142854	0.25178571428571428	-6.2107142857142854	0	1	105	-3.1058285412302502	5.9958718202307253	-1	-12.105828541230251	4.9958718202307253	0.0	-5.5952380952380949	1	1
1.0768969058990479	0	0.2517857142857143	-6.2107142857142854	0.25178571428571428	-6.2107142857142854	0	1	105	-3.1058285412302502	5.9958718202307253	-1	-12.105828541230251	4.9958718202307253	0.0	-5.5952380952380949	1	1
1.0934898853302002	0	0.2517857142857143	-6.2107142857142854	0.25178571428571428	-6.2107142857142854	0	1	105	-3.1058285412302502	5.9958718202307253	-1	-12.105828541230251	4.9958718202307253	0.0	-5.5952380952380949	1	1
1.1100409030914307	0	0.2517857142857143	-6.2107142857142854	0.25178571428571428	-6.2107142857142854	0	1	105	-3.1058285412302502	5.9958718202307253	-1	-12.105828541230251	4.9958718202307253	0.0	-5.5952380952380949	1	1
1.126621961593628	0	0.2517857142857143	-6.2107142857142854	0.25178571428571428	-6.2107142857142854	0	1	105	-3.1058285412302502	5.9958718202307253	-1	-12.105828541230251	4.9958718202307253	0.0	-5.5952380952380949	1	1
1.1432230472564697	0	0.2517857142857143	-6.2107142857142854	0.25178571428571428	-6.2107142857142854	0	1	105	-3.1058285412302502	5.9958718202307253	-1	-12.105828541230251	4.9958718202307253	0.0	-5.5952380952380949	1	1
1.1601159572601318	0	0.2517857142857143	-6.2107142857142854	0.25178571428571428	-6.2107142857142854	0	1	105	-3.1058285412302502	5.9958718202307253	-1	-12.105828541230251	4.9958718202307253	0.0	-5.5952380952380949	1	1
1.1767449378967285	0	0.2517857142857143	-6.2107142857142854	0.25178571428571428	-6.2107142857142854	0	1	105	-3.1058285412302502	5.9958718202307253	-1	-12.105828541230251	4.9958718202307253	0.0	-5.5952380952380949	1	1
1.1932690143585205	0	0.22380952380952382	-6.2107142857142854	0.22380952380952382	-6.2107142857142854	0	1	105	-3.1058285412302502	5.9958718202307253	-1	-12.105828541230251	4.9958718202307253	0.0	-5.5952380952380949	1	1
1.209887981414795	0	0.22380952380952382	-6.2107142857142854	0.22380952380952382	-6.2107142857142854	0	1	105	-3.1058285412302502	5.9958718202307253	-1	-12.105828541230251	4.9958718202307253	0.0	-5.5952380952380949	1	1
1.2265119552612305	0	0.22380952380952382	-6.2107142857142854	0.22380952380952382	-6.2107142857142854	0	1	105	-3.1058285412302502	5.9958718202307253	-1	-12.105828541230251	4.9958718202307253	0.0	-5.5952380952380949	1	1
1.2430670261383057	0	0.22380952380952382	-6.2107142857142854	0.22380952380952382	-6.2107142857142854	0	1	105	-3.1058285412302502	5.9958718202307253	-1	-12.105828541230251	4.9958718202307253	0.0	-5.5952380952380949	1	1
1.2596540451049805	0	0.22380952380952382	-6.2107142857142854	0.22380952380952382	-6.2107142857142854	0	1	105	-3.1058285412302502	5.9958718202307253	-1	-12.105828541230251	4.9958718202307253	0.0	-5.5952380952380949	1	1
1.2763140201568604	0	0.22380952380952382	-6.2107142857142854	0.22380952380952382	-6.2107142857142854	0	1	105	-3.1058285412302502	5.9958718202307253	-1	-12.105828541230251	4.9958718202307253	0.0	-5.5952380952380949	1	1
1.2929060459136963	0	0.22380952380952382	-6.2107142857142854	0.22380952380952382	-6.2107142857142854	0	1	105	-3.1058285412302502	5.9958718202307253	-1	-12.105828541230251	4.9958718202307253	0.0	-5.5952380952380949	1	1
1.309473991394043	0	0.22380952380952382	-6.1827380952380953	0.22380952380952382	-6.1827380952380953	0	1	105	-3.1058285412302502	5.9958718202307253	-1	-12.105828541230251	4.9958718202307253	0.0	-5.5952380952380949	1	1
1.325793981552124	0	0.19583333333333333	-6.1547619047619051	0.19583333333333333	-6.1547619047619051	0	1	105	-3.1058285412302502	5.9958718202307253	-1	-12.105828541230251	4.9958718202307253	0.0	-5.5952380952380949	1	1
1.3423810005187988	0	0.16785714285714284	-6.1267857142857141	0.16785714285714284	-6.1267857142857141	0	1	105	-3.1058285412302502	5.9958718202307253	-1	-12.105828541230251	4.9958718202307253	0.0	-5.5952380952380949	1	1
1.3589799404144287	0	0.13988095238095238	-6.0988095238095239	0.13988095238095238	-6.0988095238095239	0	1	105	-3.1058285412302502	5.9958718202307253	-1	-12.105828541230251	4.9958718202307253	0.0	-5.5952380952380949	1	1
1.3756020069122314	0	0.11190476190476191	-6.0428571428571427	0.11190476190476191	-6.0428571428571427	0	1	105	-3.1058285412302502	5.9958718202307253	-1	-12.105828541230251	4.9958718202307253	0.0	-5.5952380952380949	1	1
1.3921570777893066	0	0.08392857142857142	-6.0148809523809526	0.083928571428571422	-6.0148809523809526	0	1	105	-3.1058285412302502	5.9958718202307253	-1	-12.105828541230251	4.9958718202307253	0.0	-5.5952380952380949	1	1
1.4087228775024414	0	0.055952380952380955	-6.0148809523809526	0.055952380952380955	-6.0148809523809526	0	1	105	-3.1058285412302502	5.9958718202307253	-1	-12.105828541230251	4.9958718202307253	0.0	-5.5952380952380949	1	1
1.425394058227539	0	0.027976190476190477	-5.9589285714285714	0.027976190476190477	-5.9589285714285714	0	1	105	-3.1058285412302502	5.9958718202307253	-1	-12.105828541230251	4.9958718202307253	0.0	-5.5952380952380949	1	1
1.4419469833374023	0	0.0	-5.9589285714285714	0.0	-5.9589285714285714	0	1	105	-3.1058285412302502	5.9958718202307253	-1	-12.105828541230251	4.9958718202307253	0.0	-5.5952380952380949	1	1
1.4585299491882324	0	-0.055952380952380955	-5.9029761904761902	-0.055952380952380955	-5.9029761904761902	0	1	105	-3.1058285412302502	5.9958718202307253	-1	-12.105828541230251	4.9958718202307253	0.0	-5.5952380952380949	1	1
1.475200891494751	0	-0.08392857142857142	-5.875	-0.083928571428571422	-5.875	0	1	105	-3.1058285412302502	5.9958718202307253	-1	-12.105828541230251	4.9958718202307253	0.0	-5.5952380952380949	1	1
1.4920480251312256	0	-0.08392857142857142	-5.8470238095238098	-0.083928571428571422	-5.8470238095238098	0	1	105	-3.1058285412302502	5.9958718202307253	-1	-12.105828541230251	4.9958718202307253	0.0	-5.5952380952380949	1	1
1.5086090564727783	0	-0.13988095238095238	-5.8190476190476188	-0.13988095238095238	-5.8190476190476188	0	1	105	-3.1058285412302502	5.9958718202307253	-1	-12.105828541230251	4.9958718202307253	0.0	-5.5952380952380949	1	1
1.5251610279083252	0	-0.16785714285714284	-5.7910714285714286	-0.16785714285714284	-5.7910714285714286	0	1	105	-3.1058285412302502	5.9958718202307253	-1	-12.105828541230251	4.9958718202307253	0.0	-5.5952380952380949	1	1
1.5418009757995605	0	-0.16785714285714284	-5.7630952380952385	-0.16785714285714284	-5.7630952380952385	0	1	105	-3.1058285412302502	5.9958718202307253	-1	-12.105828541230251	4.9958718202307253	0.0	-5.5952380952380949	1	1
1.5583789348602295	0	-0.19583333333333333	-5.7351190476190474	-0.19583333333333333	-5.7351190476190474	0	1	105	-3.1058285412302502	5.9958718202307253	-1	-12.105828541230251	4.9958718202307253	0.0	-5.5952380952380949	1	1
1.5750150680541992	0	-0.22380952380952382	-5.7071428571428573	-0.22380952380952382	-5.7071428571428573	0	1	105	-3.1058285412302502	5.9958718202307253	-1	-12.105828541230251	4.9958718202307253	0.0	-5.5952380952380949	1	1
1.591559886932373	0	-0.22380952380952382	-5.7071428571428573	-0.22380952380952382	-5.7071428571428573	0	1	105	-3.1058285412302502	5.9958718202307253	-1	-12.105828541230251	4.9958718202307253	0.0	-5.5952380952380949	1	1
1.6081039905548096	0	-0.2517857142857143	-5.7071428571428573	-0.25178571428571428	-5.7071428571428573	0	1	105	-3.1058285412302502	5.9958718202307253	-1	-12.105828541230251	4.9958718202307253	0.0	-5.5952380952380949	1	1
1.6247639656066895	0	-0.2517857142857143	-5.6791666666666663	-0.25178571428571428	-5.6791666666666663	0	1	105	-3.1058285412302502	5.9958718202307253	-1	-12.105828541230251	4.9958718202307253	0.0	-5.5952380952380949	1	1
1.641071081161499	0	-0.2517857142857143	-5.6791666666666663	-0.25178571428571428	-5.6791666666666663	0	1	105	-3.1058285412302502	5.9958718202307253	-1	-12.105828541230251	4.9958718202307253	0.0	-5.5952380952380949	1	1
1.6577179431915283	0	-0.2517857142857143	-5.6791666666666663	-0.25178571428571428	-5.6791666666666663	0	1	105	-3.1058285412302502	5.9958718202307253	-1	-12.105828541230251	4.9958718202307253	0.0	-5.5952380952380949	1	1
1.6743290424346924	0	-0.2517857142857143	-5.6791666666666663	-0.25178571428571428	-5.6791666666666663	0	1	105	-3.1058285412302502	5.9958718202307253	-1	-12.105828541230251	4.9958718202307253	0.0	-5.5952380952380949	1	1
1.6908910274505615	0	-0.2517857142857143	-5.6791666666666663	-0.25178571428571428	-5.6791666666666663	0	1	105	-3.1058285412302502	5.9958718202307253	-1	-12.105828541230251	4.9958718202307253	0.0	-5.5952380952380949	1	1
1.7074148654937744	0	-0.2517857142857143	-5.6791666666666663	-0.25178571428571428	-5.6791666666666663	0	1	105	-3.1058285412302502	5.9958718202307253	-1	-12.105828541230251	4.9958718202307253	0.0	-5.5952380952380949	1	1
1.723984956741333	0	-0.2517857142857143	-5.6791666666666663	-0.25178571428571428	-5.6791666666666663	0	1	105	-3.1058285412302502	5.9958718202307253	-1	-12.105828541230251	4.9958718202307253	0.0	-5.5952380952380949	1	1
1.7406120300292969	0	-0.22380952380952382	-5.6791666666666663	-0.22380952380952382	-5.6791666666666663	0	1	105	-3.1058285412302502	5.9958718202307253	-1	-12.105828541230251	4.9958718202307253	0.0	-5.5952380952380949	1	1
1.757274866104126	0	-0.22380952380952382	-5.6791666666666663	-0.22380952380952382	-5.6791666666666663	0	1	105	-3.1058285412302502	5.9958718202307253	-1	-12.105828541230251	4.9958718202307253	0.0	-5.5952380952380949	1	1
1.7739520072937012	0	-0.22380952380952382	-5.6791666666666663	-0.22380952380952382	-5.6791666666666663	0	1	105	-3.1058285412302502	5.9958718202307253	-1	-12.105828541230251	4.9958718202307253	0.0	-5.5952380952380949	1	1
1.7904319763183594	0	-0.22380952380952382	-5.6791666666666663	-0.22380952380952382	-5.6791666666666663	0	1	105	-3.1058285412302502	5.9958718202307253	-1	-12.105828541230251	4.9958718202307253	0.0	-5.5952380952380949	1	1
1.8069698810577393	0	-0.22380952380952382	-5.6791666666666663	-0.22380952380952382	-5.6791666666666663	0	1	105	-3.1058285412302502	5.9958718202307253	-1	-12.105828541230251	4.9958718202307253	0.0	-5.5952380952380949	1	1
1.8236160278320312	0	-0.22380952380952382	-5.6791666666666663	-0.22380952380952382	-5.6791666666666663	0	1	105	-3.1058285412302502	5.9958718202307253	-1	-12.105828541230251	4.9958718202307253	0.0	-5.5952380952380949	1	1
1.8402199745178223	0	-0.22380952380952382	-5.6791666666666663	-0.22380952380952382	-5.6791666666666663	0	1	105	-3.1058285412302502	5.9958718202307253	-1	-12.105828541230251	4.9958718202307253	0.0	-5.5952380952380949	1	1
1.8567900657653809	0	-0.22380952380952382	-5.6791666666666663	-0.22380952380952382	-5.6791666666666663	0	1	105	-3.1058285412302502	5.9958718202307253	-1	-12.105828541230251	4.9958718202307253	0.0	-5.5952380952380949	1	1
1.8734638690948486	0	-0.22380952380952382	-5.6791666666666663	-0.22380952380952382	-5.6791666666666663	0	1	105	-3.1058285412302502	5.9958718202307253	-1	-12.105828541230251	4.9958718202307253	0.0	-5.5952380952380949	1	1
1.8900439739227295	0	-0.22380952380952382	-5.6791666666666663	-0.22380952380952382	-5.6791666666666663	0	1	105	-3.1058285412302502	5.9958718202307253	-1	-12.105828541230251	4.9958718202307253	0.0	-5.5952380952380949	1	1
1.9065399169921875	0	-0.22380952380952382	-5.6791666666666663	-0.22380952380952382	-5.6791666666666663	0	1	105	-3.1058285412302502	5.9958718202307253	-1	-12.105828541230251	4.9958718202307253	0.0	-5.5952380952380949	1	1
1.9231529235839844	0	-0.22380952380952382	-5.6791666666666663	-0.22380952380952382	-5.6791666666666663	0	1	105	-3.1058285412302502	5.9958718202307253	-1	-12.105828541230251	4.9958718202307253	0.0	-5.5952380952380949	1	1
1.9397070407867432	0	-0.22380952380952382	-5.6791666666666663	-0.22380952380952382	-5.6791666666666663	0	1	105	-3.1058285412302502	5.9958718202307253	-1	-12.105828541230251	4.9958718202307253	0.0	-5.5952380952380949	1	1
1.9563519954681396	0	-0.22380952380952382	-5.6791666666666663	-0.22380952380952382	-5.6791666666666663	0	1	105	-3.1058285412302502	5.9958718202307253	-1	-12.105828541230251	4.9958718202307253	0.0	-5.5952380952380949	1	1
1.9729318618774414	0	-0.22380952380952382	-5.6791666666666663	-0.22380952380952382	-5.6791666666666663	0	1	105	-3.1058285412302502	5.9958718202307253	-1	-12.105828541230251	4.9958718202307253	0.0	-5.5952380952380949	1	1
1.9896140098571777	0	-0.22380952380952382	-5.6791666666666663	-0.22380952380952382	-5.6791666666666663	0	1	105	-3.1058285412302502	5.9958718202307253	-1	-12.105828541230251	4.9958718202307253	0.0	-5.5952380952380949	1	1
2.0061018466949463	0	-0.22380952380952382	-5.7071428571428573	-0.22380952380952382	-5.7071428571428573	0	1	105	-3.1058285412302502	5.9958718202307253	-1	-12.105828541230251	4.9958718202307253	0.0	-5.5952380952380949	1	1
2.022737979888916	0	-0.22380952380952382	-5.7071428571428573	-0.22380952380952382	-5.7071428571428573	0	1	105	-3.1058285412302502	5.9958718202307253	-1	-12.105828541230251	4.9958718202307253	0.0	-5.5952380952380949	1	1
2.03930401802063	0	-0.22380952380952382	-5.7071428571428573	-0.22380952380952382	-5.7071428571428573	0	1	105	-3.1058285412302502	5.9958718202307253	-1	-12.105828541230251	4.9958718202307253	0.0	-5.5952380952380949	1	1
2.05588698387146	0	-0.22380952380952382	-5.7071428571428573	-0.22380952380952382	-5.7071428571428573	0	1	105	-3.1058285412302502	5.9958718202307253	-1	-12.105828541230251	4.9958718202307253	0.0	-5.5952380952380949	1	1
2.0724849700927734	0	-0.22380952380952382	-5.7071428571428573	-0.22380952380952382	-5.7071428571428573	0	1	105	-3.1058285412302502	5.9958718202307253	-1	-12.105828541230251	4.9958718202307253	0.0	-5.5952380952380949	1	1
2.089169979095459	0	-0.22380952380952382	-5.7071428571428573	-0.22380952380952382	-5.7071428571428573	0	1	105	-3.1058285412302502	5.9958718202307253	-1	-12.105828541230251	4.9958718202307253	0.0	-5.5952380952380949	1	1
2.105710029602051	0	-0.22380952380952382	-5.7071428571428573	-0.22380952380952382	-5.7071428571428573	0	1	105	-3.1058285412302502	5.9958718202307253	-1	-12.105828541230251	4.9958718202307253	0.0	-5.5952380952380949	1	1
2.1223108768463135	0	-0.22380952380952382	-5.7071428571428573	-0.22380952380952382	-5.7071428571428573	0	1	105	-3.1058285412302502	5.9958718202307253	-1	-12.105828541230251	4.9958718202307253	0.0	-5.5952380952380949	1	1
2.1391499042510986	0	-0.22380952380952382	-5.7071428571428573	-0.22380952380952382	-5.7071428571428573	0	1	105	-3.1058285412302502	5.9958718202307253	-1	-12.105828541230251	4.9958718202307253	0.0	-5.5952380952380949	1	1
2.1558189392089844	0	-0.22380952380952382	-5.7071428571428573	-0.22380952380952382	-5.7071428571428573	0	1	105	-3.1058285412302502	5.9958718202307253	-1	-12.105828541230251	4.9958718202307253	0.0	-5.5952380952380949	1	1
2.1723809242248535	0	-0.22380952380952382	-5.7071428571428573	-0.22380952380952382	-5.7071428571428573	0	1	105	-3.1058285412302502	5.9958718202307253	-1	-12.105828541230251	4.9958718202307253	0.0	-5.5952380952380949	1	1
2.1890368461608887	0	-0.22380952380952382	-5.7071428571428573	-0.22380952380952382	-5.7071428571428573	0	1	105	-3.1058285412302502	5.9958718202307253	-1	-12.105828541230251	4.9958718202307253	0.0	-5.5952380952380949	1	1
2.2055630683898926	0	-0.22380952380952382	-5.7071428571428573	-0.22380952380952382	-5.7071428571428573	0	1	105	-3.1058285412302502	5.9958718202307253	-1	-12.105828541230251	4.9958718202307253	0.0	-5.5952380952380949	1	1
2.222166061401367	0	-0.22380952380952382	-5.7071428571428573	-0.22380952380952382	-5.7071428571428573	0	1	105	-3.1058285412302502	5.9958718202307253	-1	-12.105828541230251	4.9958718202307253	0.0	-5.5952380952380949	1	1
2.238677978515625	0	-0.22380952380952382	-5.7071428571428573	-0.22380952380952382	-5.7071428571428573	0	1	105	-3.1058285412302502	5.9958718202307253	-1	-12.105828541230251	4.9958718202307253	0.0	-5.5952380952380949	1	1
2.2553160190582275	0	-0.22380952380952382	-5.7071428571428573	-0.22380952380952382	-5.7071428571428573	0	1	105	-3.1058285412302502	5.9958718202307253	-1	-12.105828541230251	4.9958718202307253	0.0	-5.5952380952380949	1	1
2.271899938583374	0	-0.22380952380952382	-5.7071428571428573	-0.22380952380952382	-5.7071428571428573	0	1	105	-3.1058285412302502	5.9958718202307253	-1	-12.105828541230251	4.9958718202307253	0.0	-5.5952380952380949	1	1
2.288303852081299	0	-0.22380952380952382	-5.7071428571428573	-0.22380952380952382	-5.7071428571428573	0	1	105	-3.1058285412302502	5.9958718202307253	-1	-12.105828541230251	4.9958718202307253	0.0	-5.5952380952380949	1	1
2.3048338890075684	0	-0.22380952380952382	-5.7071428571428573	-0.22380952380952382	-5.7071428571428573	0	1	105	-3.1058285412302502	5.9958718202307253	-1	-12.105828541230251	4.9958718202307253	0.0	-5.5952380952380949	1	1
2.3214330673217773	0	-0.22380952380952382	-5.7071428571428573	-0.22380952380952382	-5.7071428571428573	0	1	105	-3.1058285412302502	5.9958718202307253	-1	-12.105828541230251	4.9958718202307253	0.0	-5.5952380952380949	1	1
2.338038921356201	0	-0.22380952380952382	-5.7071428571428573	-0.22380952380952382	-5.7071428571428573	0	1	105	-3.1058285412302502	5.9958718202307253	-1	-12.105828541230251	4.9958718202307253	0.0	-5.5952380952380949	1	1
2.354665994644165	0	-0.22380952380952382	-5.7071428571428573	-0.22380952380952382	-5.7071428571428573	0	1	105	-3.1058285412302502	5.9958718202307253	-1	-12.105828541230251	4.9958718202307253	0.0	-5.5952380952380949	1	1
2.3712189197540283	0	-0.22380952380952382	-5.6791666666666663	-0.22380952380952382	-5.6791666666666663	0	1	105	-3.1058285412302502	5.9958718202307253	-1	-12.105828541230251	4.9958718202307253	0.0	-5.5952380952380949	1	1
2.387845039367676	0	-0.22380952380952382	-5.6791666666666663	-0.22380952380952382	-5.6791666666666663	0	1	105	-3.1058285412302502	5.9958718202307253	-1	-12.105828541230251	4.9958718202307253	0.0	-5.5952380952380949	1	1
2.404391050338745	0	-0.22380952380952382	-5.6791666666666663	-0.22380952380952382	-5.6791666666666663	0	1	105	-3.1058285412302502	5.9958718202307253	-1	-12.105828541230251	4.9958718202307253	0.0	-5.5952380952380949	1	1
2.4210338592529297	0	-0.22380952380952382	-5.6791666666666663	-0.22380952380952382	-5.6791666666666663	0	1	105	-3.1058285412302502	5.9958718202307253	-1	-12.105828541230251	4.9958718202307253	0.0	-5.5952380952380949	1	1
2.4375929832458496	0	-0.22380952380952382	-5.6791666666666663	-0.22380952380952382	-5.6791666666666663	0	1	105	-3.1058285412302502	5.9958718202307253	-1	-12.105828541230251	4.9958718202307253	0.0	-5.5952380952380949	1	1
2.4541690349578857	0	-0.22380952380952382	-5.6791666666666663	-0.22380952380952382	-5.6791666666666663	0	1	105	-3.1058285412302502	5.9958718202307253	-1	-12.105828541230251	4.9958718202307253	0.0	-5.5952380952380949	1	1
2.470752000808716	0	-0.22380952380952382	-5.6791666666666663	-0.22380952380952382	-5.6791666666666663	0	1	105	-3.1058285412302502	5.9958718202307253	-1	-12.105828541230251	4.9958718202307253	0.0	-5.5952380952380949	1	1
2.4874119758605957	0	-0.2517857142857143	-5.6791666666666663	-0.25178571428571428	-5.6791666666666663	0	1	105	-3.1058285412302502	5.9958718202307253	-1	-12.105828541230251	4.9958718202307253	0.0	-5.5952380952380949	1	1
2.5039920806884766	0	-0.2517857142857143	-5.6791666666666663	-0.25178571428571428	-5.6791666666666663	0	1	105	-3.1058285412302502	5.9958718202307253	-1	-12.105828541230251	4.9958718202307253	0.0	-5.5952380952380949	1	1
2.5205540657043457	0	-0.2517857142857143	-5.6511904761904761	-0.25178571428571428	-5.6511904761904761	0	1	105	-3.1058285412302502	5.9958718202307253	-1	-12.105828541230251	4.9958718202307253	0.0	-5.5952380952380949	1	1
2.5371408462524414	0	-0.27976190476190477	-5.5952380952380949	-0.27976190476190477	-5.5952380952380949	0	1	105	-3.1058285412302502	5.9958718202307253	-1	-12.105828541230251	4.9958718202307253	0.0	-5.5952380952380949	1	1
2.5537869930267334	0	-0.30773809523809526	-5.5392857142857146	-0.30773809523809526	-5.5392857142857146	0	1	105	-3.1058285412302502	5.9958718202307253	-1	-12.105828541230251	4.9958718202307253	0.0	-5.5952380952380949	1	1
2.570298910140991	0	-0.3357142857142857	-5.4273809523809522	-0.33571428571428569	-5.4273809523809522	0	1	105	-3.1058285412302502	5.9958718202307253	-1	-12.105828541230251	4.9958718202307253	0.0	-5.5952380952380949	1	1
2.5870449542999268	0	-0.3636904761904762	-5.2315476190476193	-0.36369047619047618	-5.2315476190476193	0	1	105	-3.1058285412302502	5.9958718202307253	-1	-12.105828541230251	4.9958718202307253	0.0	-5.5952380952380949	1	1
2.603503942489624	0	-0.3636904761904762	-5.1196428571428569	-0.36369047619047618	-5.1196428571428569	0	1	105	-3.1058285412302502	5.9958718202307253	-1	-12.105828541230251	4.9958718202307253	0.0	-5.5952380952380949	1	1
2.6201319694519043	0	-0.3636904761904762	-4.895833333333333	-0.36369047619047618	-4.895833333333333	0	1	105	-3.1058285412302502	5.9958718202307253	-1	-12.105828541230251	4.9958718202307253	0.0	-5.5952380952380949	1	1
2.6366689205169678	0	-0.39166666666666666	-4.6160714285714288	-0.39166666666666666	-4.6160714285714288	0	1	105	-3.1058285412302502	5.9958718202307253	-1	-12.105828541230251	4.9958718202307253	0.0	-5.5952380952380949	1	1
2.65327787399292	0	-0.39166666666666666	-4.4761904761904763	-0.39166666666666666	-4.4761904761904763	0	1	105	-3.1058285412302502	5.9958718202307253	-1	-12.105828541230251	4.9958718202307253	0.0	-5.5952380952380949	1	1
2.6698739528656006	0	-0.41964285714285715	-4.1404761904761909	-0.41964285714285715	-4.1404761904761909	0	1	105	-3.1058285412302502	5.9958718202307253	-1	-12.105828541230251	4.9958718202307253	0.0	-5.5952380952380949	1	1
2.6865389347076416	0	-0.41964285714285715	-3.7767857142857144	-0.41964285714285715	-3.7767857142857144	0	1	105	-3.1058285412302502	5.9958718202307253	-1	-12.105828541230251	4.9958718202307253	0.0	-5.5952380952380949	1	1
2.7030909061431885	0	-0.41964285714285715	-3.5809523809523811	-0.41964285714285715	-3.5809523809523811	0	1	105	-3.1058285412302502	5.9958718202307253	-1	-12.105828541230251	4.9958718202307253	0.0	-5.5952380952380949	1	1
2.7196638584136963	0	-0.41964285714285715	-3.1613095238095239	-0.41964285714285715	-3.1613095238095239	0	1	105	-3.1058285412302502	5.9958718202307253	-1	-12.105828541230251	4.9958718202307253	0.0	-5.5952380952380949	1	1
2.7362630367279053	0	-0.39166666666666666	-2.7136904761904761	-0.39166666666666666	-2.7136904761904761	0	2	105	-3.1058285412302502	5.9958718202307253	-1	-12.105828541230251	4.9958718202307253	0.0	-5.5952380952380949	1	1
2.752915859222412	0	-0.3636904761904762	-2.4898809523809522	-0.36369047619047618	-2.4898809523809522	0	2	105	-3.1058285412302502	5.9958718202307253	-1	-12.105828541230251	4.9958718202307253	0.0	-5.5952380952380949	1	1
2.769490957260132	0	-0.3357142857142857	-2.0422619047619048	-0.33571428571428569	-2.0422619047619048	0	2	105	-3.1058285412302502	5.9958718202307253	-1	-12.105828541230251	4.9958718202307253	0.0	-5.5952380952380949	1	1
2.78629994392395	0	-0.3357142857142857	-1.5666666666666664	-0.33571428571428569	-1.5666666666666667	0	2	105	-3.1058285412302502	5.9958718202307253	-1	-12.105828541230251	4.9958718202307253	0.0	-5.5952380952380949	1	1
2.8029720783233643	0	-0.30773809523809526	-1.3428571428571425	-0.30773809523809526	-1.3428571428571427	0	2	105	-3.1058285412302502	5.9958718202307253	-1	-12.105828541230251	4.9958718202307253	0.0	-5.5952380952380949	1	1
2.819561004638672	0	-0.30773809523809526	-0.86726190476190457	-0.30773809523809526	-0.86726190476190479	0	2	105	-3.1058285412302502	5.9958718202307253	-1	-12.105828541230251	4.9958718202307253	0.0	-5.5952380952380949	1	1
2.8360629081726074	0	-0.30773809523809526	-0.39166666666666661	-0.30773809523809526	-0.39166666666666666	0	2	105	-3.1058285412302502	5.9958718202307253	-1	-12.105828541230251	4.9958718202307253	0.0	-5.5952380952380949	1	1
2.8527278900146484	0	-0.30773809523809526	-0.1678571428571427	-0.30773809523809526	-0.16785714285714284	0	2	105	-3.1058285412302502	5.9958718202307253	-1	-12.105828541230251	4.9958718202307253	0.0	-5.5952380952380949	1	1
2.8693089485168457	0	-0.3357142857142857	0.33571428571428541	-0.33571428571428569	0.33571428571428569	0	2	105	-3.1058285412302502	5.9958718202307253	-1	-12.105828541230251	4.9958718202307253	0.0	-5.5952380952380949	1	1
2.8858959674835205	0	-0.3636904761904762	0.81130952380952337	-0.36369047619047618	0.81130952380952381	0	2	105	-3.1058285412302502	5.9958718202307253	-1	-12.105828541230251	4.9958718202307253	0.0	-5.5952380952380949	1	1
2.902523994445801	0	-0.39166666666666666	1.0630952380952383	-0.39166666666666666	1.0630952380952381	0	2	105	-3.1058285412302502	5.9958718202307253	-1	-12.105828541230251	4.9958718202307253	0.0	-5.5952380952380949	1	1
2.91907000541687	0	-0.41964285714285715	1.5386904761904763	-0.41964285714285715	1.5386904761904763	0	2	105	-3.1058285412302502	5.9958718202307253	-1	-12.105828541230251	4.9958718202307253	0.0	-5.5952380952380949	1	1
2.9356679916381836	0	-0.41964285714285715	1.7904761904761903	-0.41964285714285715	1.7904761904761906	0	2	105	-3.1058285412302502	5.9958718202307253	-1	-12.105828541230251	4.9958718202307253	0.0	-5.5952380952380949	1	1
2.952008008956909	0	-0.47559523809523807	2.2380952380952381	-0.47559523809523807	2.2380952380952381	0	2	105	-3.1058285412302502	5.9958718202307253	-1	-12.105828541230251	4.9958718202307253	0.0	-5.5952380952380949	1	1
2.9686009883880615	0	-0.5875	2.7136904761904752	-0.58750000000000002	2.7136904761904761	0	2	105	-3.1058285412302502	5.9958718202307253	-1	-12.105828541230251	4.9958718202307253	0.0	-5.5952380952380949	1	1
2.9851880073547363	0	-0.643452380952381	2.9375	-0.643452380952381	2.9375	0	2	105	-3.1058285412302502	5.9958718202307253	-1	-12.105828541230251	4.9958718202307253	0.0	-5.5952380952380949	1	1
3.001833915710449	0	-0.7833333333333333	3.3851190476190478	-0.78333333333333333	3.3851190476190478	0	2	105	-3.1058285412302502	5.9958718202307253	-1	-12.105828541230251	4.9958718202307253	0.0	-5.5952380952380949	1	1
3.0184199810028076	0	-0.9791666666666666	3.8047619047619037	-0.97916666666666663	3.8047619047619046	0	2	105	-3.1058285412302502	5.9958718202307253	-1	-12.105828541230251	4.9958718202307253	0.0	-5.5952380952380949	1	1
3.0349888801574707	0	-1.063095238095238	4.0005952380952383	-1.0630952380952381	4.0005952380952383	0	2	105	-3.1058285412302502	5.9958718202307253	-1	-12.105828541230251	4.9958718202307253	0.0	-5.5952380952380949	1	1
3.051547050476074	0	-1.286904761904762	4.4202380952380942	-1.286904761904762	4.4202380952380951	0	2	105	-3.1058285412302502	5.9958718202307253	-1	-12.105828541230251	4.9958718202307253	0.0	-5.5952380952380949	1	1
3.068150043487549	0	-1.3708333333333333	4.6160714285714288	-1.3708333333333333	4.6160714285714288	0	2	105	-3.1058285412302502	5.9958718202307253	-1	-12.105828541230251	4.9958718202307253	0.0	-5.5952380952380949	1	1
3.0847718715667725	0	-1.5946428571428573	4.9797619047619044	-1.5946428571428573	4.9797619047619044	0	2	105	-3.1058285412302502	5.9958718202307253	-1	-12.105828541230251	4.9958718202307253	0.0	-5.5952380952380949	1	1
3.101712942123413	0	-1.7904761904761906	5.3154761904761898	-1.7904761904761906	5.3154761904761907	0	2	105	-3.1058285412302502	5.9958718202307253	-1	-12.105828541230251	4.9958718202307253	0.0	-5.5952380952380949	1	1
3.118119955062866	0	-1.9863095238095239	5.6232142857142868	-1.9863095238095239	5.6232142857142859	0	2	105	-3.1058285412302502	5.9958718202307253	-1	-12.105828541230251	4.9958718202307253	0.0	-5.5952380952380949	1	1
3.1348068714141846	0	-2.0702380952380954	5.7630952380952394	-2.0702380952380954	5.7630952380952385	0	2	105	-3.1058285412302502	5.9958718202307253	-1	-12.105828541230251	4.9958718202307253	0.0	-5.5952380952380949	1	1
3.1514439582824707	0	-2.2101190476190475	6.0148809523809526	-2.2101190476190475	6.0148809523809526	0	2	105	-3.1058285412302502	5.9958718202307253	-1	-12.105828541230251	4.9958718202307253	0.0	-5.5952380952380949	1	1
3.167965888977051	0	-2.294047619047619	6.1267857142857132	-2.2940476190476189	6.1267857142857141	0	2	105	-3.1058285412302502	5.9958718202307253	-1	-12.105828541230251	4.9958718202307253	0.0	-5.5952380952380949	1	1
3.184575080871582	0	-2.461904761904762	6.350595238095238	-2.461904761904762	6.350595238095238	0	2	105	-3.1058285412302502	5.9958718202307253	-1	-12.105828541230251	4.9958718202307253	0.0	-5.5952380952380949	1	1
3.201295852661133	0	-2.601785714285714	6.5464285714285708	-2.6017857142857141	6.5464285714285717	0	2	105	-3.1058285412302502	5.9958718202307253	-1	-12.105828541230251	4.9958718202307253	0.0	-5.5952380952380949	1	1
3.2178120613098145	0	-2.7696428571428573	6.6863095238095234	-2.7696428571428573	6.6863095238095234	0	2	105	-3.1058285412302502	5.9958718202307253	-1	-12.105828541230251	4.9958718202307253	0.0	-5.5952380952380949	1	1
3.234251022338867	0	-2.825595238095238	6.7422619047619037	-2.825595238095238	6.7422619047619046	0	2	105	-3.1058285412302502	5.9958718202307253	-1	-12.105828541230251	4.9958718202307253	0.0	-5.5952380952380949	1	1
3.2509689331054688	0	-2.9375	6.8261904761904759	-2.9375	6.8261904761904759	0	2	105	-3.1058285412302502	5.9958718202307253	-1	-12.105828541230251	4.9958718202307253	0.0	-5.5952380952380949	1	1
3.2675540447235107	0	-2.9934523809523808	6.8261904761904759	-2.9934523809523808	6.8261904761904759	0	2	105	-3.1058285412302502	5.9958718202307253	-1	-12.105828541230251	4.9958718202307253	0.0	-5.5952380952380949	1	1
3.284111976623535	0	-3.049404761904762	6.8821428571428562	-3.049404761904762	6.8821428571428571	0	2	105	-3.1058285412302502	5.9958718202307253	-1	-12.105828541230251	4.9958718202307253	0.0	-5.5952380952380949	1	1
3.3007869720458984	0	-3.1053571428571427	6.8821428571428562	-3.1053571428571427	6.8821428571428571	0	2	105	-3.1058285412302502	5.9958718202307253	-1	-12.105828541230251	4.9958718202307253	0.0	-5.5952380952380949	1	1
3.3173718452453613	0	-3.1053571428571427	6.8821428571428562	-3.1053571428571427	6.8821428571428571	0	2	105	-3.1058285412302502	5.9958718202307253	-1	-12.105828541230251	4.9958718202307253	0.0	-5.5952380952380949	1	1
3.3339359760284424	0	-3.1053571428571427	6.8821428571428562	-3.1053571428571427	6.8821428571428571	0	2	105	-3.1058285412302502	5.9958718202307253	-1	-12.105828541230251	4.9958718202307253	0.0	-5.5952380952380949	1	1
3.3506009578704834	0	-3.1053571428571427	6.8821428571428562	-3.1053571428571427	6.8821428571428571	0	2	105	-3.1058285412302502	5.9958718202307253	-1	-12.105828541230251	4.9958718202307253	0.0	-5.5952380952380949	1	1
3.367136001586914	0	-3.1053571428571427	6.8821428571428562	-3.1053571428571427	6.8821428571428571	0	2	105	-3.1058285412302502	5.9958718202307253	-1	-12.105828541230251	4.9958718202307253	0.0	-5.5952380952380949	1	1
3.383725881576538	0	-3.1053571428571427	6.8821428571428562	-3.1053571428571427	6.8821428571428571	0	2	105	-3.1058285412302502	5.9958718202307253	-1	-12.105828541230251	4.9958718202307253	0.0	-5.5952380952380949	1	1
3.4003498554229736	0	-3.1333333333333333	6.8261904761904759	-3.1333333333333333	6.8261904761904759	0	2	105	-3.1058285412302502	5.9958718202307253	-1	-12.105828541230251	4.9958718202307253	0.0	-5.5952380952380949	1	1
3.4169719219207764	0	-3.161309523809524	6.7422619047619037	-3.1613095238095239	6.7422619047619046	0	2	105	-3.1058285412302502	5.9958718202307253	-1	-12.105828541230251	4.9958718202307253	0.0	-5.5952380952380949	1	1
3.433271884918213	0	-3.161309523809524	6.7142857142857153	-3.1613095238095239	6.7142857142857144	0	2	105	-3.1058285412302502	5.9958718202307253	-1	-12.105828541230251	4.9958718202307253	0.0	-5.5952380952380949	1	1
3.4498140811920166	0	-3.1892857142857145	6.6303571428571431	-3.1892857142857145	6.6303571428571431	0	2	105	-3.1058285412302502	5.9958718202307253	-1	-12.105828541230251	4.9958718202307253	0.0	-5.5952380952380949	1	1
3.466404914855957	0	-3.1892857142857145	6.6023809523809511	-3.1892857142857145	6.602380952380952	0	2	105	-3.1058285412302502	5.9958718202307253	-1	-12.105828541230251	4.9958718202307253	0.0	-5.5952380952380949	1	1
3.4830570220947266	0	-3.1892857142857145	6.5184523809523807	-3.1892857142857145	6.5184523809523807	0	2	105	-3.1058285412302502	5.9958718202307253	-1	-12.105828541230251	4.9958718202307253	0.0	-5.5952380952380949	1	1
3.4996819496154785	0	-3.1892857142857145	6.4904761904761905	-3.1892857142857145	6.4904761904761905	0	2	105	-3.1058285412302502	5.9958718202307253	-1	-12.105828541230251	4.9958718202307253	0.0	-5.5952380952380949	1	1
3.5162079334259033	0	-3.1892857142857145	6.4904761904761905	-3.1892857142857145	6.4904761904761905	0	2	105	-3.1058285412302502	5.9958718202307253	-1	-12.105828541230251	4.9958718202307253	0.0	-5.5952380952380949	1	1
3.5327398777008057	0	-3.1892857142857145	6.4904761904761905	-3.1892857142857145	6.4904761904761905	0	2	105	-3.1058285412302502	5.9958718202307253	-1	-12.105828541230251	4.9958718202307253	0.0	-5.5952380952380949	1	1
3.5494070053100586	0	-3.1892857142857145	6.4625000000000004	-3.1892857142857145	6.4625000000000004	0	2	105	-3.1058285412302502	5.9958718202307253	-1	-12.105828541230251	4.9958718202307253	0.0	-5.5952380952380949	1	1
3.5659589767456055	0	-3.1892857142857145	6.4625000000000004	-3.1892857142857145	6.4625000000000004	0	2	105	-3.1058285412302502	5.9958718202307253	-1	-12.105828541230251	4.9958718202307253	0.0	-5.5952380952380949	1	1
3.582821846008301	0	-3.1892857142857145	6.4625000000000004	-3.1892857142857145	6.4625000000000004	0	2	105	-3.1058285412302502	5.9958718202307253	-1	-12.105828541230251	4.9958718202307253	0.0	-5.5952380952380949	1	1
3.599465847015381	0	-3.1892857142857145	6.4625000000000004	-3.1892857142857145	6.4625000000000004	0	2	105	-3.1058285412302502	5.9958718202307253	-1	-12.105828541230251	4.9958718202307253	0.0	-5.5952380952380949	1	1
3.6160690784454346	0	-3.1892857142857145	6.4625000000000004	-3.1892857142857145	6.4625000000000004	0	2	105	-3.1058285412302502	5.9958718202307253	-1	-12.105828541230251	4.9958718202307253	0.0	-5.5952380952380949	1	1
3.632636070251465	0	-3.1892857142857145	6.4625000000000004	-3.1892857142857145	6.4625000000000004	0	2	105	-3.1058285412302502	5.9958718202307253	-1	-12.105828541230251	4.9958718202307253	0.0	-5.5952380952380949	1	1
3.6491940021514893	0	-3.1892857142857145	6.4625000000000004	-3.1892857142857145	6.4625000000000004	0	2	105	-3.1058285412302502	5.9958718202307253	-1	-12.105828541230251	4.9958718202307253	0.0	-5.5952380952380949	1	1
3.665804862976074	0	-3.1892857142857145	6.4625000000000004	-3.1892857142857145	6.4625000000000004	0	2	105	-3.1058285412302502	5.9958718202307253	-1	-12.105828541230251	4.9958718202307253	0.0	-5.5952380952380949	1	1
3.68245005607605	0	-3.1892857142857145	6.4904761904761905	-3.1892857142857145	6.4904761904761905	0	2	105	-3.1058285412302502	5.9958718202307253	-1	-12.105828541230251	4.9958718202307253	0.0	-5.5952380952380949	1	1
3.698996067047119	0	-3.1892857142857145	6.4904761904761905	-3.1892857142857145	6.4904761904761905	0	2	105	-3.1058285412302502	5.9958718202307253	-1	-12.105828541230251	4.9958718202307253	0.0	-5.5952380952380949	1	1
3.7156238555908203	0	-3.1892857142857145	6.4904761904761905	-3.1892857142857145	6.4904761904761905	0	2	105	-3.1058285412302502	5.9958718202307253	-1	-12.105828541230251	4.9958718202307253	0.0	-5.5952380952380949	1	1
3.73221492767334	0	-3.1892857142857145	6.4904761904761905	-3.1892857142857145	6.4904761904761905	0	2	105	-3.1058285412302502	5.9958718202307253	-1	-12.105828541230251	4.9958718202307253	0.0	-5.5952380952380949	1	1
3.748560905456543	0	-3.1892857142857145	6.4904761904761905	-3.1892857142857145	6.4904761904761905	0	2	105	-3.1058285412302502	5.9958718202307253	-1	-12.105828541230251	4.9958718202307253	0.0	-5.5952380952380949	1	1
3.765115976333618	0	-3.1892857142857145	6.4904761904761905	-3.1892857142857145	6.4904761904761905	0	2	105	-3.1058285412302502	5.9958718202307253	-1	-12.105828541230251	4.9958718202307253	0.0	-5.5952380952380949	1	1
3.7817139625549316	0	-3.1892857142857145	6.4904761904761905	-3.1892857142857145	6.4904761904761905	0	2	105	-3.1058285412302502	5.9958718202307253	-1	-12.105828541230251	4.9958718202307253	0.0	-5.5952380952380949	1	1
3.7982850074768066	0	-3.1892857142857145	6.4904761904761905	-3.1892857142857145	6.4904761904761905	0	2	105	-3.1058285412302502	5.9958718202307253	-1	-12.105828541230251	4.9958718202307253	0.0	-5.5952380952380949	1	1
3.814924955368042	0	-3.1892857142857145	6.4904761904761905	-3.1892857142857145	6.4904761904761905	0	2	105	-3.1058285412302502	5.9958718202307253	-1	-12.105828541230251	4.9958718202307253	0.0	-5.5952380952380949	1	1
3.8314859867095947	0	-3.1892857142857145	6.4904761904761905	-3.1892857142857145	6.4904761904761905	0	2	105	-3.1058285412302502	5.9958718202307253	-1	-12.105828541230251	4.9958718202307253	0.0	-5.5952380952380949	1	1
3.8480520248413086	0	-3.1892857142857145	6.4904761904761905	-3.1892857142857145	6.4904761904761905	0	2	105	-3.1058285412302502	5.9958718202307253	-1	-12.105828541230251	4.9958718202307253	0.0	-5.5952380952380949	1	1
3.8646950721740723	0	-3.1892857142857145	6.4904761904761905	-3.1892857142857145	6.4904761904761905	0	2	105	-3.1058285412302502	5.9958718202307253	-1	-12.105828541230251	4.9958718202307253	0.0	-5.5952380952380949	1	1
3.8813538551330566	0	-3.1892857142857145	6.4625000000000004	-3.1892857142857145	6.4625000000000004	0	2	105	-3.1058285412302502	5.9958718202307253	-1	-12.105828541230251	4.9958718202307253	0.0	-5.5952380952380949	1	1
3.897878885269165	0	-3.1892857142857145	6.4625000000000004	-3.1892857142857145	6.4625000000000004	0	2	105	-3.1058285412302502	5.9958718202307253	-1	-12.105828541230251	4.9958718202307253	0.0	-5.5952380952380949	1	1
3.914525032043457	0	-3.1892857142857145	6.4625000000000004	-3.1892857142857145	6.4625000000000004	0	2	105	-3.1058285412302502	5.9958718202307253	-1	-12.105828541230251	4.9958718202307253	0.0	-5.5952380952380949	1	1
3.9310519695281982	0	-3.1892857142857145	6.4625000000000004	-3.1892857142857145	6.4625000000000004	0	2	105	-3.1058285412302502	5.9958718202307253	-1	-12.105828541230251	4.9958718202307253	0.0	-5.5952380952380949	1	1
3.9476370811462402	0	-3.1892857142857145	6.4625000000000004	-3.1892857142857145	6.4625000000000004	0	2	105	-3.1058285412302502	5.9958718202307253	-1	-12.105828541230251	4.9958718202307253	0.0	-5.5952380952380949	1	1
3.9642579555511475	0	-3.1892857142857145	6.4625000000000004	-3.1892857142857145	6.4625000000000004	0	2	105	-3.1058285412302502	5.9958718202307253	-1	-12.105828541230251	4.9958718202307253	0.0	-5.5952380952380949	1	1
3.980844020843506	0	-3.1892857142857145	6.4625000000000004	-3.1892857142857145	6.4625000000000004	0	2	105	-3.1058285412302502	5.9958718202307253	-1	-12.105828541230251	4.9958718202307253	0.0	-5.5952380952380949	1	1
3.997421979904175	0	-3.1892857142857145	6.4625000000000004	-3.1892857142857145	6.4625000000000004	0	2	105	-3.1058285412302502	5.9958718202307253	-1	-12.105828541230251	4.9958718202307253	0.0	-5.5952380952380949	1	1
4.014102935791016	0	-3.1892857142857145	6.4625000000000004	-3.1892857142857145	6.4625000000000004	0	2	105	-3.1058285412302502	5.9958718202307253	-1	-12.105828541230251	4.9958718202307253	0.0	-5.5952380952380949	1	1
4.030616998672485	0	-3.1892857142857145	6.4625000000000004	-3.1892857142857145	6.4625000000000004	0	2	105	-3.1058285412302502	5.9958718202307253	-1	-12.105828541230251	4.9958718202307253	0.0	-5.5952380952380949	1	1
4.047179937362671	0	-3.1892857142857145	6.4625000000000004	-3.1892857142857145	6.4625000000000004	0	2	105	-3.1058285412302502	5.9958718202307253	-1	-12.105828541230251	4.9958718202307253	0.0	-5.5952380952380949	1	1
4.063745975494385	0	-3.1892857142857145	6.4625000000000004	-3.1892857142857145	6.4625000000000004	0	2	105	-3.1058285412302502	5.9958718202307253	-1	-12.105828541230251	4.9958718202307253	0.0	-5.5952380952380949	1	1
4.080708980560303	0	-3.1892857142857145	6.4625000000000004	-3.1892857142857145	6.4625000000000004	0	2	105	-3.1058285412302502	5.9958718202307253	-1	-12.105828541230251	4.9958718202307253	0.0	-5.5952380952380949	1	1
4.097239017486572	0	-3.1892857142857145	6.4625000000000004	-3.1892857142857145	6.4625000000000004	0	3	105	-3.1058285412302502	5.9958718202307253	-1	-12.105828541230251	4.9958718202307253	0.0	-5.5952380952380949	1	1
4.113935947418213	0	-3.1892857142857145	6.4625000000000004	-3.1892857142857145	6.4625000000000004	0	4	105	-3.1058285412302502	5.9958718202307253	-1	-12.105828541230251	4.9958718202307253	0.0	-5.5952380952380949	1	1
4.13037896156311	0	-3.1892857142857145	6.4625000000000004	-3.1892857142857145	6.4625000000000004	0	4	105	-3.1058285412302502	5.9958718202307253	-1	-12.105828541230251	4.9958718202307253	0.0	-5.5952380952380949	1	1
4.147098064422607	0	-3.1892857142857145	6.4625000000000004	-3.1892857142857145	6.4625000000000004	0	4	105	-3.1058285412302502	5.9958718202307253	-1	-12.105828541230251	4.9958718202307253	0.0	-5.5952380952380949	1	1
4.163645029067993	0	-3.1892857142857145	6.4625000000000004	-3.1892857142857145	6.4625000000000004	0	4	105	-3.1058285412302502	5.9958718202307253	-1	-12.105828541230251	4.9958718202307253	0.0	-5.5952380952380949	1	1
4.1802239418029785	0	-3.1892857142857145	6.4625000000000004	-3.1892857142857145	6.4625000000000004	0	4	105	-3.1058285412302502	5.9958718202307253	-1	-12.105828541230251	4.9958718202307253	0.0	-5.5952380952380949	1	1
4.196817874908447	0	-3.1892857142857145	6.4625000000000004	-3.1892857142857145	6.4625000000000004	0	4	105	-3.1058285412302502	5.9958718202307253	-1	-12.105828541230251	4.9958718202307253	0.0	-5.5952380952380949	1	1
4.213536977767944	0	-3.1892857142857145	6.4625000000000004	-3.1892857142857145	6.4625000000000004	0	4	105	-3.1058285412302502	5.9958718202307253	-1	-12.105828541230251	4.9958718202307253	0.0	-5.5952380952380949	1	1
4.230020999908447	0	-3.1892857142857145	6.4625000000000004	-3.1892857142857145	6.4625000000000004	0	4	105	-3.1058285412302502	5.9958718202307253	-1	-12.105828541230251	4.9958718202307253	0.0	-5.5952380952380949	1	1
4.24633002281189	0	-3.1892857142857145	6.4625000000000004	-3.1892857142857145	6.4625000000000004	0	4	105	-3.1058285412302502	5.9958718202307253	-1	-12.105828541230251	4.9958718202307253	0.0	-5.5952380952380949	1	1
4.262917995452881	0	-3.1892857142857145	6.4625000000000004	-3.1892857142857145	6.4625000000000004	0	4	105	-3.1058285412302502	5.9958718202307253	-1	-12.105828541230251	4.9958718202307253	0.0	-5.5952380952380949	1	1
4.27954888343811	0	-3.1892857142857145	6.4625000000000004	-3.1892857142857145	6.4625000000000004	0	4	105	-3.1058285412302502	5.9958718202307253	-1	-12.105828541230251	4.9958718202307253	0.0	-5.5952380952380949	1	1
4.296103000640869	0	-3.1892857142857145	6.4625000000000004	-3.1892857142857145	6.4625000000000004	0	4	105	-3.1058285412302502	5.9958718202307253	-1	-12.105828541230251	4.9958718202307253	0.0	-5.5952380952380949	1	1
4.312842845916748	0	-3.1892857142857145	6.4625000000000004	-3.1892857142857145	6.4625000000000004	0	4	105	-3.1058285412302502	5.9958718202307253	-1	-12.105828541230251	4.9958718202307253	0.0	-5.5952380952380949	1	1
4.329311847686768	0	-3.1892857142857145	6.4625000000000004	-3.1892857142857145	6.4625000000000004	0	4	105	-3.1058285412302502	5.9958718202307253	-1	-12.105828541230251	4.9958718202307253	0.0	-5.5952380952380949	1	1
4.3459179401397705	0	-3.1892857142857145	6.4625000000000004	-3.1892857142857145	6.4625000000000004	0	4	105	-3.1058285412302502	5.9958718202307253	-1	-12.105828541230251	4.9958718202307253	0.0	-5.5952380952380949	1	1
4.362487077713013	0	-3.1892857142857145	6.4625000000000004	-3.1892857142857145	6.4625000000000004	0	4	105	-3.1058285412302502	5.9958718202307253	-1	-12.105828541230251	4.9958718202307253	0.0	-5.5952380952380949	1	1
4.379073858261108	0	-3.1892857142857145	6.4625000000000004	-3.1892857142857145	6.4625000000000004	0	4	105	-3.1058285412302502	5.9958718202307253	-1	-12.105828541230251	4.9958718202307253	0.0	-5.5952380952380949	1	1
4.395943880081177	0	-3.1892857142857145	6.4625000000000004	-3.1892857142857145	6.4625000000000004	0	4	105	-3.1058285412302502	5.9958718202307253	-1	-12.105828541230251	4.9958718202307253	0.0	-5.5952380952380949	1	1
4.412556886672974	0	-3.1892857142857145	6.4625000000000004	-3.1892857142857145	6.4904761904761905	0	4	105	-3.1058285412302502	5.9958718202307253	-1	-12.105828541230251	4.9958718202307253	0.0	-5.5952380952380949	1	1
4.429193019866943	0	-3.2172619047619047	6.4625000000000004	-3.2172619047619047	6.4904761904761905	0	4	105	-3.1058285412302502	5.9958718202307253	-1	-12.105828541230251	4.9958718202307253	0.0	-5.5952380952380949	1	1
4.445765018463135	0	-3.2732142857142859	6.4625000000000004	-3.2732142857142859	6.4904761904761905	0	4	105	-3.1058285412302502	5.9958718202307253	-1	-12.105828541230251	4.9958718202307253	0.0	-5.5952380952380949	1	1
4.4622979164123535	0	-3.4690476190476192	6.4625000000000004	-3.4690476190476192	6.4625000000000004	0	4	105	-3.1058285412302502	5.9958718202307253	-1	-12.105828541230251	4.9958718202307253	0.0	-5.5952380952380949	1	1
4.4789719581604	0	-3.6089285714285713	6.4625000000000004	-3.6089285714285713	6.4625000000000004	0	4	105	-3.1058285412302502	5.9958718202307253	-1	-12.105828541230251	4.9958718202307253	0.0	-5.5952380952380949	1	1
4.495528936386108	0	-3.9726190476190477	6.4625000000000004	-3.9726190476190477	6.4345238095238093	0	4	105	-3.1058285412302502	5.9958718202307253	-1	-12.105828541230251	4.9958718202307253	0.0	-5.5952380952380949	1	1
4.51211404800415	0	-4.3642857142857139	6.4625000000000004	-4.3642857142857139	6.378571428571429	0	4	105	-3.1058285412302502	5.9958718202307253	-1	-12.105828541230251	4.9958718202307253	0.0	-5.5952380952380949	1	1
4.528742074966431	0	-4.8119047619047617	6.4625000000000004	-4.8119047619047617	6.3226190476190478	0	4	105	-3.1058285412302502	5.9958718202307253	-1	-12.105828541230251	4.9958718202307253	0.0	-5.5952380952380949	1	1
4.545371055603027	0	-5.0636904761904766	6.4625000000000004	-5.0636904761904766	6.2946428571428568	0	4	105	-3.1058285412302502	5.9958718202307253	-1	-12.105828541230251	4.9958718202307253	0.0	-5.5952380952380949	1	1
4.561625957489014	0	-5.6791666666666663	6.4625000000000004	-5.6791666666666663	6.2107142857142854	0	4	105	-3.1058285412302502	5.9958718202307253	-1	-12.105828541230251	4.9958718202307253	0.0	-5.5952380952380949	1	1
4.578219890594482	0	-6.0428571428571427	6.4625000000000004	-6.0428571428571427	6.1547619047619051	0	4	105	-3.1058285412302502	5.9958718202307253	-1	-12.105828541230251	4.9958718202307253	0.0	-5.5952380952380949	1	1
4.594799041748047	0	-6.8821428571428571	6.4625000000000004	-6.8821428571428571	6.0148809523809526	0	4	105	-3.1058285412302502	5.9958718202307253	-1	-12.105828541230251	4.9958718202307253	0.0	-5.5952380952380949	1	1
4.611408948898315	0	-7.7494047619047617	6.4625000000000004	-7.7494047619047617	5.875	0	4	105	-3.1058285412302502	5.9958718202307253	-1	-12.105828541230251	4.9958718202307253	0.0	-5.5952380952380949	1	1
4.628054857254028	0	-8.1410714285714292	6.4625000000000004	-8.1410714285714292	5.8190476190476188	0	4	105	-3.1058285412302502	5.9958718202307253	-1	-12.105828541230251	4.9958718202307253	0.0	-5.5952380952380949	1	1
4.644577980041504	0	-8.9244047619047624	6.4625000000000004	-8.9244047619047624	5.7071428571428573	0	4	105	-3.1058285412302502	5.9958718202307253	-1	-12.105828541230251	4.9958718202307253	0.0	-5.5952380952380949	1	1
4.661179065704346	0	-9.6238095238095234	6.4625000000000004	-9.6238095238095234	5.5952380952380949	0	4	105	-3.1058285412302502	5.9958718202307253	-1	-12.105828541230251	4.9958718202307253	0.0	-5.5952380952380949	1	1
4.677833080291748	0	-9.9595238095238088	6.4625000000000004	-9.9595238095238088	5.5672619047619047	0	4	105	-3.1058285412302502	5.9958718202307253	-1	-12.105828541230251	4.9958718202307253	0.0	-5.5952380952380949	1	1
4.6943888664245605	0	-10.658928571428572	6.4625000000000004	-10.658928571428572	5.4553571428571432	0	4	105	-3.1058285412302502	5.9958718202307253	-1	-12.105828541230251	4.9958718202307253	0.0	-5.5952380952380949	1	1
4.710968971252441	0	-11.358333333333333	6.4625000000000004	-11.358333333333333	5.371428571428571	0	4	105	-3.1058285412302502	5.9958718202307253	-1	-12.105828541230251	4.9958718202307253	0.0	-5.5952380952380949	1	1
4.727886915206909	0	-11.69404761904762	5.3154761904761898	-11.69404761904762	5.3154761904761907	0	4	105	-3.1058285412302502	5.9958718202307253	-1	-12.105828541230251	4.9958718202307253	0.0	-5.5952380952380949	1	1
4.744482040405273	0	-12.30952380952381	5.2315476190476193	-12.30952380952381	5.2315476190476193	0	4	105	-3.1058285412302502	5.9958718202307253	-1	-12.105828541230251	4.9958718202307253	0.0	-5.5952380952380949	1	1
4.761026859283447	0	-12.785119047619048	5.1476190476190489	-12.785119047619048	5.147619047619048	0	4	105	-3.1058285412302502	5.9958718202307253	-1	-12.105828541230251	4.9958718202307253	0.0	-5.5952380952380949	1	1
4.777631044387817	0	-12.980952380952381	5.1476190476190489	-12.980952380952381	5.147619047619048	0	4	105	-3.1058285412302502	5.9958718202307253	-1	-12.105828541230251	4.9958718202307253	0.0	-5.5952380952380949	1	1
4.794200897216797	0	-13.260714285714286	5.0916666666666668	-13.260714285714286	5.0916666666666668	0	5	105	-3.1058285412302502	5.9958718202307253	-1	-12.105828541230251	4.9958718202307253	0.0	-5.5952380952380949	1	1
4.810544967651367	0	-13.428571428571429	5.0636904761904766	-13.428571428571429	5.0636904761904766	0	5	105	-3.1058285412302502	5.9958718202307253	-1	-12.105828541230251	4.9958718202307253	0.0	-5.5952380952380949	1	1
4.827441930770874	0	-13.48452380952381	5.0636904761904766	-13.484523809523809	5.0636904761904766	0	5	105	-3.1058285412302502	5.9958718202307253	-1	-12.105828541230251	4.9958718202307253	0.0	-5.5952380952380949	1	1
4.844007968902588	0	-13.5125	5.0636904761904766	-13.512499999999999	5.0636904761904766	0	5	105	-3.1058285412302502	5.9958718202307253	-1	-12.105828541230251	4.9958718202307253	0.0	-5.5952380952380949	1	1
4.860554933547974	0	-13.5125	5.0636904761904766	-13.512499999999999	5.0636904761904766	0	5	105	-3.1058285412302502	5.9958718202307253	-1	-12.105828541230251	4.9958718202307253	0.0	-5.5952380952380949	1	1
4.876936912536621	0	-13.5125	5.0636904761904766	-13.512499999999999	5.0636904761904766	0	5	105	-3.1058285412302502	5.9958718202307253	-1	-12.105828541230251	4.9958718202307253	0.0	-5.5952380952380949	1	1
4.8935089111328125	0	-13.5125	5.0636904761904766	-13.512499999999999	5.0636904761904766	0	5	105	-3.1058285412302502	5.9958718202307253	-1	-12.105828541230251	4.9958718202307253	0.0	-5.5952380952380949	1	1
4.910089015960693	0	-13.5125	5.0636904761904766	-13.512499999999999	5.0636904761904766	0	5	105	-3.1058285412302502	5.9958718202307253	-1	-12.105828541230251	4.9958718202307253	0.0	-5.5952380952380949	1	1
4.9267590045928955	0	-13.48452380952381	5.0357142857142847	-13.484523809523809	5.0357142857142856	0	5	105	-3.1058285412302502	5.9958718202307253	-1	-12.105828541230251	4.9958718202307253	0.0	-5.5952380952380949	1	1
4.943299055099487	0	-13.456547619047619	5.0077380952380963	-13.456547619047619	5.0077380952380954	0	5	105	-3.1058285412302502	5.9958718202307253	-1	-12.105828541230251	4.9958718202307253	0.0	-5.5952380952380949	1	1
4.959851980209351	0	-13.400595238095239	4.9797619047619044	-13.400595238095239	4.9797619047619044	0	5	105	-3.1058285412302502	5.9958718202307253	-1	-12.105828541230251	4.9958718202307253	0.0	-5.5952380952380949	1	1
4.976455926895142	0	-13.288690476190476	4.9238095238095241	-13.288690476190476	4.9238095238095241	0	5	105	-3.1058285412302502	5.9958718202307253	-1	-12.105828541230251	4.9958718202307253	0.0	-5.5952380952380949	1	1
4.993061065673828	0	-13.092857142857143	4.8398809523809518	-13.092857142857143	4.8398809523809527	0	5	105	-3.1058285412302502	5.9958718202307253	-1	-12.105828541230251	4.9958718202307253	0.0	-5.5952380952380949	1	1
5.009675025939941	0	-12.869047619047619	4.6999999999999993	-12.869047619047619	4.7000000000000002	0	5	105	-3.1058285412302502	5.9958718202307253	-1	-12.105828541230251	4.9958718202307253	0.0	-5.5952380952380949	1	1
5.02631688117981	0	-12.729166666666666	4.644047619047619	-12.729166666666666	4.644047619047619	0	5	105	-3.1058285412302502	5.9958718202307253	-1	-12.105828541230251	4.9958718202307253	0.0	-5.5952380952380949	1	1
5.042876958847046	0	-12.39345238095238	4.5041666666666664	-12.393452380952381	4.5041666666666664	0	5	105	-3.1058285412302502	5.9958718202307253	-1	-12.105828541230251	4.9958718202307253	0.0	-5.5952380952380949	1	1
5.059437036514282	0	-12.197619047619048	4.4202380952380942	-12.197619047619048	4.4202380952380951	0	5	105	-3.1058285412302502	5.9958718202307253	-1	-12.105828541230251	4.9958718202307253	0.0	-5.5952380952380949	1	1
5.076061964035034	0	-11.80595238095238	4.2244047619047613	-11.80595238095238	4.2244047619047622	0	5	105	-3.1058285412302502	5.9958718202307253	-1	-12.105828541230251	4.9958718202307253	0.0	-5.5952380952380949	1	1
5.092616081237793	0	-11.358333333333333	3.9726190476190482	-11.358333333333333	3.9726190476190477	0	5	105	-3.1058285412302502	5.9958718202307253	-1	-12.105828541230251	4.9958718202307253	0.0	-5.5952380952380949	1	1
5.109220027923584	0	-10.854761904761904	3.6928571428571431	-10.854761904761904	3.6928571428571431	0	5	105	-3.1058285412302502	5.9958718202307253	-1	-12.105828541230251	4.9958718202307253	0.0	-5.5952380952380949	1	1
5.12598991394043	0	-10.602976190476191	3.5529761904761905	-10.602976190476191	3.5529761904761905	0	5	105	-3.1058285412302502	5.9958718202307253	-1	-12.105828541230251	4.9958718202307253	0.0	-5.5952380952380949	1	1
5.142466068267822	0	-10.043452380952381	3.1892857142857149	-10.043452380952381	3.1892857142857145	0	5	105	-3.1058285412302502	5.9958718202307253	-1	-12.105828541230251	4.9958718202307253	0.0	-5.5952380952380949	1	1
5.159003973007202	0	-9.763690476190476	3.0214285714285722	-9.7636904761904759	3.0214285714285714	0	5	105	-3.1058285412302502	5.9958718202307253	-1	-12.105828541230251	4.9958718202307253	0.0	-5.5952380952380949	1	1
5.1755430698394775	0	-9.176190476190476	2.6577380952380949	-9.1761904761904756	2.6577380952380953	0	5	105	-3.1058285412302502	5.9958718202307253	-1	-12.105828541230251	4.9958718202307253	0.0	-5.5952380952380949	1	1
5.192164897918701	0	-8.504761904761905	2.2660714285714292	-8.5047619047619047	2.2660714285714287	0	5	105	-3.1058285412302502	5.9958718202307253	-1	-12.105828541230251	4.9958718202307253	0.0	-5.5952380952380949	1	1
5.20907998085022	0	-8.19702380952381	2.0702380952380954	-8.1970238095238095	2.0702380952380954	0	5	105	-3.1058285412302502	5.9958718202307253	-1	-12.105828541230251	4.9958718202307253	0.0	-5.5952380952380949	1	1
5.225709915161133	0	-7.525595238095238	1.6785714285714288	-7.5255952380952378	1.6785714285714286	0	5	105	-3.1058285412302502	5.9958718202307253	-1	-12.105828541230251	4.9958718202307253	0.0	-5.5952380952380949	1	1
5.2422990798950195	0	-6.854166666666667	1.2589285714285712	-6.854166666666667	1.2589285714285714	0	5	105	-3.1058285412302502	5.9958718202307253	-1	-12.105828541230251	4.9958718202307253	0.0	-5.5952380952380949	1	1
5.2588210105896	0	-6.546428571428572	1.0351190476190482	-6.5464285714285717	1.0351190476190477	0	5	105	-3.1058285412302502	5.9958718202307253	-1	-12.105828541230251	4.9958718202307253	0.0	-5.5952380952380949	1	1
5.275485038757324	0	-5.930952380952381	0.58750000000000036	-5.9309523809523812	0.58750000000000002	0	5	105	-3.1058285412302502	5.9958718202307253	-1	-12.105828541230251	4.9958718202307253	0.0	-5.5952380952380949	1	1
5.292042016983032	0	-5.623214285714286	0.36369047619047645	-5.6232142857142859	0.36369047619047618	0	5	105	-3.1058285412302502	5.9958718202307253	-1	-12.105828541230251	4.9958718202307253	0.0	-5.5952380952380949	1	1
5.3086278438568115	0	-5.063690476190477	-0.055952380952381198	-5.0636904761904766	-0.055952380952380955	0	5	105	-3.1058285412302502	5.9958718202307253	-1	-12.105828541230251	4.9958718202307253	0.0	-5.5952380952380949	1	1
5.32522988319397	0	-4.560119047619048	-0.47559523809523796	-4.5601190476190476	-0.47559523809523807	0	5	105	-3.1058285412302502	5.9958718202307253	-1	-12.105828541230251	4.9958718202307253	0.0	-5.5952380952380949	1	1
5.341861963272095	0	-4.056547619047619	-0.86726190476190457	-4.0565476190476186	-0.86726190476190479	0	5	105	-3.1058285412302502	5.9958718202307253	-1	-12.105828541230251	4.9958718202307253	0.0	-5.5952380952380949	1	1
5.3583409786224365	0	-3.8607142857142858	-1.0630952380952383	-3.8607142857142858	-1.0630952380952381	0	5	105	-3.1058285412302502	5.9958718202307253	-1	-12.105828541230251	4.9958718202307253	0.0	-5.5952380952380949	1	1
5.374754905700684	0	-3.469047619047619	-1.3988095238095237	-3.4690476190476192	-1.3988095238095237	0	5	105	-3.1058285412302502	5.9958718202307253	-1	-12.105828541230251	4.9958718202307253	0.0	-5.5952380952380949	1	1
5.391309976577759	0	-3.301190476190476	-1.5666666666666664	-3.301190476190476	-1.5666666666666667	0	5	105	-3.1058285412302502	5.9958718202307253	-1	-12.105828541230251	4.9958718202307253	0.0	-5.5952380952380949	1	1
5.407887935638428	0	-2.9654761904761906	-1.8464285714285715	-2.9654761904761906	-1.8464285714285715	0	5	105	-3.1058285412302502	5.9958718202307253	-1	-12.105828541230251	4.9958718202307253	0.0	-5.5952380952380949	1	1
5.424476861953735	0	-2.713690476190476	-2.0702380952380954	-2.7136904761904761	-2.0702380952380954	0	5	105	-3.1058285412302502	5.9958718202307253	-1	-12.105828541230251	4.9958718202307253	0.0	-5.5952380952380949	1	1
5.441144943237305	0	-2.461904761904762	-2.2660714285714287	-2.461904761904762	-2.2660714285714287	0	5	105	-3.1058285412302502	5.9958718202307253	-1	-12.105828541230251	4.9958718202307253	0.0	-5.5952380952380949	1	1
5.457716941833496	0	-2.3779761904761907	-2.3500000000000001	-2.3779761904761907	-2.3500000000000001	0	5	105	-3.1058285412302502	5.9958718202307253	-1	-12.105828541230251	4.9958718202307253	0.0	-5.5952380952380949	1	1
5.474340915679932	0	-2.182142857142857	-2.5178571428571428	-2.1821428571428569	-2.5178571428571428	0	5	105	-3.1058285412302502	5.9958718202307253	-1	-12.105828541230251	4.9958718202307253	0.0	-5.5952380952380949	1	1
5.49089503288269	0	-2.0982142857142856	-2.573809523809524	-2.0982142857142856	-2.573809523809524	0	5	105	-3.1058285412302502	5.9958718202307253	-1	-12.105828541230251	4.9958718202307253	0.0	-5.5952380952380949	1	1
5.507468938827515	0	-1.9583333333333333	-2.7136904761904761	-1.9583333333333333	-2.7136904761904761	0	5	105	-3.1058285412302502	5.9958718202307253	-1	-12.105828541230251	4.9958718202307253	0.0	-5.5952380952380949	1	1
5.524343967437744	0	-1.8464285714285715	-2.825595238095238	-1.8464285714285715	-2.825595238095238	0	5	105	-3.1058285412302502	5.9958718202307253	-1	-12.105828541230251	4.9958718202307253	0.0	-5.5952380952380949	1	1
5.540972948074341	0	-1.7345238095238096	-2.9095238095238094	-1.7345238095238096	-2.9095238095238094	0	5	105	-3.1058285412302502	5.9958718202307253	-1	-12.105828541230251	4.9958718202307253	0.0	-5.5952380952380949	1	1
5.55756402015686	0	-1.706547619047619	-2.9654761904761906	-1.706547619047619	-2.9654761904761906	0	5	105	-3.1058285412302502	5.9958718202307253	-1	-12.105828541230251	4.9958718202307253	0.0	-5.5952380952380949	1	1
5.574130058288574	0	-1.6226190476190476	-3.0214285714285714	-1.6226190476190476	-3.0214285714285714	0	5	105	-3.1058285412302502	5.9958718202307253	-1	-12.105828541230251	4.9958718202307253	0.0	-5.5952380952380949	1	1
5.590734004974365	0	-1.5946428571428573	-3.049404761904762	-1.5946428571428573	-3.049404761904762	0	5	105	-3.1058285412302502	5.9958718202307253	-1	-12.105828541230251	4.9958718202307253	0.0	-5.5952380952380949	1	1
5.607348918914795	0	-1.5386904761904763	-3.1053571428571427	-1.5386904761904763	-3.1053571428571427	0	5	105	-3.1058285412302502	5.9958718202307253	-1	-12.105828541230251	4.9958718202307253	0.0	-5.5952380952380949	1	1
5.623887062072754	0	-1.4827380952380953	-3.1892857142857145	-1.4827380952380953	-3.1892857142857145	0	5	105	-3.1058285412302502	5.9958718202307253	-1	-12.105828541230251	4.9958718202307253	0.0	-5.5952380952380949	1	1
5.640542030334473	0	-1.4547619047619047	-3.2452380952380953	-1.4547619047619047	-3.2452380952380953	0	5	105	-3.1058285412302502	5.9958718202307253	-1	-12.105828541230251	4.9958718202307253	0.0	-5.5952380952380949	1	1
5.657083034515381	0	-1.4267857142857143	-3.301190476190476	-1.4267857142857143	-3.301190476190476	0	5	105	-3.1058285412302502	5.9958718202307253	-1	-12.105828541230251	4.9958718202307253	0.0	-5.5952380952380949	1	1
5.673743963241577	0	-1.3428571428571427	-3.413095238095238	-1.3428571428571427	-3.413095238095238	0	5	105	-3.1058285412302502	5.9958718202307253	-1	-12.105828541230251	4.9958718202307253	0.0	-5.5952380952380949	1	1
5.6900269985198975	0	-1.3148809523809524	-3.4690476190476192	-1.3148809523809524	-3.4690476190476192	0	5	105	-3.1058285412302502	5.9958718202307253	-1	-12.105828541230251	4.9958718202307253	0.0	-5.5952380952380949	1	1
5.706609010696411	0	-1.230952380952381	-3.6089285714285713	-1.230952380952381	-3.6089285714285713	0	5	105	-3.1058285412302502	5.9958718202307253	-1	-12.105828541230251	4.9958718202307253	0.0	-5.5952380952380949	1	1
5.723185062408447	0	-1.1470238095238094	-3.7488095238095238	-1.1470238095238094	-3.7488095238095238	0	5	105	-3.1058285412302502	5.9958718202307253	-1	-12.105828541230251	4.9958718202307253	0.0	-5.5952380952380949	1	1
5.739841938018799	0	-1.0910714285714285	-3.8327380952380952	-1.0910714285714285	-3.8327380952380952	0	5	105	-3.1058285412302502	5.9958718202307253	-1	-12.105828541230251	4.9958718202307253	0.0	-5.5952380952380949	1	1
5.756381988525391	0	-0.9791666666666666	-3.9446428571428571	-0.97916666666666663	-3.9446428571428571	0	5	105	-3.1058285412302502	5.9958718202307253	-1	-12.105828541230251	4.9958718202307253	0.0	-5.5952380952380949	1	1
5.77295994758606	0	-0.8672619047619048	-4.0285714285714285	-0.86726190476190479	-4.0285714285714285	0	5	105	-3.1058285412302502	5.9958718202307253	-1	-12.105828541230251	4.9958718202307253	0.0	-5.5952380952380949	1	1
5.7895729541778564	0	-0.8113095238095238	-4.0845238095238097	-0.81130952380952381	-4.0845238095238097	0	5	105	-3.1058285412302502	5.9958718202307253	-1	-12.105828541230251	4.9958718202307253	0.0	-5.5952380952380949	1	1
5.806262969970703	0	-0.6994047619047619	-4.1404761904761909	-0.69940476190476186	-4.1404761904761909	0	5	105	-3.1058285412302502	5.9958718202307253	-1	-12.105828541230251	4.9958718202307253	0.0	-5.5952380952380949	1	1
5.8227760791778564	0	-0.6154761904761905	-4.2244047619047622	-0.61547619047619051	-4.2244047619047622	0	5	105	-3.1058285412302502	5.9958718202307253	-1	-12.105828541230251	4.9958718202307253	0.0	-5.5952380952380949	1	1
5.839453935623169	0	-0.5595238095238095	-4.2523809523809524	-0.55952380952380953	-4.2523809523809524	0	5	105	-3.1058285412302502	5.9958718202307253	-1	-12.105828541230251	4.9958718202307253	0.0	-5.5952380952380949	1	1
5.855979919433594	0	-0.47559523809523807	-4.3363095238095237	-0.47559523809523807	-4.3363095238095237	0	5	105	-3.1058285412302502	5.9958718202307253	-1	-12.105828541230251	4.9958718202307253	0.0	-5.5952380952380949	1	1
5.8726019859313965	0	-0.3636904761904762	-4.4202380952380951	-0.36369047619047618	-4.4202380952380951	0	5	105	-3.1058285412302502	5.9958718202307253	-1	-12.105828541230251	4.9958718202307253	0.0	-5.5952380952380949	1	1
5.889167070388794	0	-0.30773809523809526	-4.4761904761904763	-0.30773809523809526	-4.4761904761904763	0	5	105	-3.1058285412302502	5.9958718202307253	-1	-12.105828541230251	4.9958718202307253	0.0	-5.5952380952380949	1	1
5.90575385093689	0	-0.19583333333333333	-4.5880952380952378	-0.19583333333333333	-4.5880952380952378	0	5	105	-3.1058285412302502	5.9958718202307253	-1	-12.105828541230251	4.9958718202307253	0.0	-5.5952380952380949	1	1
5.922333002090454	0	-0.08392857142857142	-4.7279761904761903	-0.083928571428571422	-4.7279761904761903	0	5	105	-3.1058285412302502	5.9958718202307253	-1	-12.105828541230251	4.9958718202307253	0.0	-5.5952380952380949	1	1
5.938902854919434	0	0.0	-4.7839285714285715	0.0	-4.7839285714285715	0	5	105	-3.1058285412302502	5.9958718202307253	-1	-12.105828541230251	4.9958718202307253	0.0	-5.5952380952380949	1	1
5.955297946929932	0	0.11190476190476191	-4.9238095238095241	0.11190476190476191	-4.9238095238095241	0	5	105	-3.1058285412302502	5.9958718202307253	-1	-12.105828541230251	4.9958718202307253	0.0	-5.5952380952380949	1	1
5.971864938735962	0	0.13988095238095238	-4.9797619047619044	0.13988095238095238	-4.9797619047619044	0	5	105	-3.1058285412302502	5.9958718202307253	-1	-12.105828541230251	4.9958718202307253	0.0	-5.5952380952380949	1	1
5.98845100402832	0	0.22380952380952382	-5.0636904761904766	0.22380952380952382	-5.0636904761904766	0	5	105	-3.1058285412302502	5.9958718202307253	-1	-12.105828541230251	4.9958718202307253	0.0	-5.5952380952380949	1	1
6.005146026611328	0	0.27976190476190477	-5.147619047619048	0.27976190476190477	-5.147619047619048	0	5	105	-3.1058285412302502	5.9958718202307253	-1	-12.105828541230251	4.9958718202307253	0.0	-5.5952380952380949	1	1
