time	trial	cursorx	cursory	hand_x	hand_Y	rotation	step	targetangle	targetposx	targetposy	garagelocation	garageposx	garageposy	homex	homey	group	trial_type
9.5367431640625e-07	3	-0.39166666666666666	-5.9309523809523812	-0.39166666666666666	-5.9309523809523812	0	5	90	7.3478807948841188e-16	6.4047619047619051	1	9.0	5.4047619047619051	0.0	-5.5952380952380949	1	-1
0.028371095657348633	3	-0.39166666666666666	-5.8190476190476188	-0.39166666666666666	-5.8190476190476188	0	1	90	7.3478807948841188e-16	6.4047619047619051	1	9.0	5.4047619047619051	0.0	-5.5952380952380949	1	-1
0.04493594169616699	3	-0.39166666666666666	-5.8190476190476188	-0.39166666666666666	-5.8190476190476188	0	1	90	7.3478807948841188e-16	6.4047619047619051	1	9.0	5.4047619047619051	0.0	-5.5952380952380949	1	-1
0.061573028564453125	3	-0.39166666666666666	-5.8190476190476188	-0.39166666666666666	-5.8190476190476188	0	1	90	7.3478807948841188e-16	6.4047619047619051	1	9.0	5.4047619047619051	0.0	-5.5952380952380949	1	-1
0.07818603515625	3	-0.39166666666666666	-5.7910714285714286	-0.39166666666666666	-5.7910714285714286	0	1	90	7.3478807948841188e-16	6.4047619047619051	1	9.0	5.4047619047619051	0.0	-5.5952380952380949	1	-1
0.09472203254699707	3	-0.39166666666666666	-5.7910714285714286	-0.39166666666666666	-5.7910714285714286	0	1	90	7.3478807948841188e-16	6.4047619047619051	1	9.0	5.4047619047619051	0.0	-5.5952380952380949	1	-1
0.11132097244262695	3	-0.39166666666666666	-5.7910714285714286	-0.39166666666666666	-5.7910714285714286	0	1	90	7.3478807948841188e-16	6.4047619047619051	1	9.0	5.4047619047619051	0.0	-5.5952380952380949	1	-1
0.12791895866394043	3	-0.39166666666666666	-5.7910714285714286	-0.39166666666666666	-5.7910714285714286	0	1	90	7.3478807948841188e-16	6.4047619047619051	1	9.0	5.4047619047619051	0.0	-5.5952380952380949	1	-1
0.14450597763061523	3	-0.39166666666666666	-5.7910714285714286	-0.39166666666666666	-5.7910714285714286	0	1	90	7.3478807948841188e-16	6.4047619047619051	1	9.0	5.4047619047619051	0.0	-5.5952380952380949	1	-1
0.16108489036560059	3	-0.39166666666666666	-5.7910714285714286	-0.39166666666666666	-5.7910714285714286	0	1	90	7.3478807948841188e-16	6.4047619047619051	1	9.0	5.4047619047619051	0.0	-5.5952380952380949	1	-1
0.17773103713989258	3	-0.39166666666666666	-5.7910714285714286	-0.39166666666666666	-5.7910714285714286	0	1	90	7.3478807948841188e-16	6.4047619047619051	1	9.0	5.4047619047619051	0.0	-5.5952380952380949	1	-1
0.19427800178527832	3	-0.39166666666666666	-5.7910714285714286	-0.39166666666666666	-5.7910714285714286	0	1	90	7.3478807948841188e-16	6.4047619047619051	1	9.0	5.4047619047619051	0.0	-5.5952380952380949	1	-1
0.21095991134643555	3	-0.39166666666666666	-5.7910714285714286	-0.39166666666666666	-5.7910714285714286	0	1	90	7.3478807948841188e-16	6.4047619047619051	1	9.0	5.4047619047619051	0.0	-5.5952380952380949	1	-1
0.22745490074157715	3	-0.39166666666666666	-5.7910714285714286	-0.39166666666666666	-5.7910714285714286	0	1	90	7.3478807948841188e-16	6.4047619047619051	1	9.0	5.4047619047619051	0.0	-5.5952380952380949	1	-1
0.2440810203552246	3	-0.39166666666666666	-5.7910714285714286	-0.39166666666666666	-5.7910714285714286	0	1	90	7.3478807948841188e-16	6.4047619047619051	1	9.0	5.4047619047619051	0.0	-5.5952380952380949	1	-1
0.2606840133666992	3	-0.39166666666666666	-5.7910714285714286	-0.39166666666666666	-5.7910714285714286	0	1	90	7.3478807948841188e-16	6.4047619047619051	1	9.0	5.4047619047619051	0.0	-5.5952380952380949	1	-1
0.27728891372680664	3	-0.39166666666666666	-5.7910714285714286	-0.39166666666666666	-5.7910714285714286	0	1	90	7.3478807948841188e-16	6.4047619047619051	1	9.0	5.4047619047619051	0.0	-5.5952380952380949	1	-1
0.29355406761169434	3	-0.39166666666666666	-5.7910714285714286	-0.39166666666666666	-5.7910714285714286	0	1	90	7.3478807948841188e-16	6.4047619047619051	1	9.0	5.4047619047619051	0.0	-5.5952380952380949	1	-1
0.31012797355651855	3	-0.39166666666666666	-5.7910714285714286	-0.39166666666666666	-5.7910714285714286	0	1	90	7.3478807948841188e-16	6.4047619047619051	1	9.0	5.4047619047619051	0.0	-5.5952380952380949	1	-1
0.3267230987548828	3	-0.39166666666666666	-5.7910714285714286	-0.39166666666666666	-5.7910714285714286	0	1	90	7.3478807948841188e-16	6.4047619047619051	1	9.0	5.4047619047619051	0.0	-5.5952380952380949	1	-1
0.34341001510620117	3	-0.39166666666666666	-5.7910714285714286	-0.39166666666666666	-5.7910714285714286	0	1	90	7.3478807948841188e-16	6.4047619047619051	1	9.0	5.4047619047619051	0.0	-5.5952380952380949	1	-1
0.3599660396575928	3	-0.39166666666666666	-5.7630952380952385	-0.39166666666666666	-5.7630952380952385	0	1	90	7.3478807948841188e-16	6.4047619047619051	1	9.0	5.4047619047619051	0.0	-5.5952380952380949	1	-1
0.376633882522583	3	-0.39166666666666666	-5.6791666666666663	-0.39166666666666666	-5.6791666666666663	0	1	90	7.3478807948841188e-16	6.4047619047619051	1	9.0	5.4047619047619051	0.0	-5.5952380952380949	1	-1
0.39311909675598145	3	-0.39166666666666666	-5.6232142857142859	-0.39166666666666666	-5.6232142857142859	0	1	90	7.3478807948841188e-16	6.4047619047619051	1	9.0	5.4047619047619051	0.0	-5.5952380952380949	1	-1
0.4097909927368164	3	-0.39166666666666666	-5.4833333333333334	-0.39166666666666666	-5.4833333333333334	0	1	90	7.3478807948841188e-16	6.4047619047619051	1	9.0	5.4047619047619051	0.0	-5.5952380952380949	1	-1
0.4263119697570801	3	-0.3636904761904762	-5.2874999999999996	-0.36369047619047618	-5.2874999999999996	0	1	90	7.3478807948841188e-16	6.4047619047619051	1	9.0	5.4047619047619051	0.0	-5.5952380952380949	1	-1
0.4432060718536377	3	-0.3636904761904762	-5.2035714285714283	-0.36369047619047618	-5.2035714285714283	0	1	90	7.3478807948841188e-16	6.4047619047619051	1	9.0	5.4047619047619051	0.0	-5.5952380952380949	1	-1
0.459791898727417	3	-0.3357142857142857	-4.9517857142857142	-0.33571428571428569	-4.9517857142857142	0	1	90	7.3478807948841188e-16	6.4047619047619051	1	9.0	5.4047619047619051	0.0	-5.5952380952380949	1	-1
0.4764699935913086	3	-0.30773809523809526	-4.6720238095238091	-0.30773809523809526	-4.6720238095238091	0	1	90	7.3478807948841188e-16	6.4047619047619051	1	9.0	5.4047619047619051	0.0	-5.5952380952380949	1	-1
0.4928269386291504	3	-0.27976190476190477	-4.5041666666666664	-0.27976190476190477	-4.5041666666666664	0	1	90	7.3478807948841188e-16	6.4047619047619051	1	9.0	5.4047619047619051	0.0	-5.5952380952380949	1	-1
0.5094969272613525	3	-0.2517857142857143	-4.168452380952381	-0.25178571428571428	-4.168452380952381	0	1	90	7.3478807948841188e-16	6.4047619047619051	1	9.0	5.4047619047619051	0.0	-5.5952380952380949	1	-1
0.5261359214782715	3	-0.22380952380952382	-3.7767857142857144	-0.22380952380952382	-3.7767857142857144	0	1	90	7.3478807948841188e-16	6.4047619047619051	1	9.0	5.4047619047619051	0.0	-5.5952380952380949	1	-1
0.542802095413208	3	-0.22380952380952382	-3.5529761904761905	-0.22380952380952382	-3.5529761904761905	0	1	90	7.3478807948841188e-16	6.4047619047619051	1	9.0	5.4047619047619051	0.0	-5.5952380952380949	1	-1
0.5593180656433105	3	-0.16785714285714284	-3.1333333333333333	-0.16785714285714284	-3.1333333333333333	0	1	90	7.3478807948841188e-16	6.4047619047619051	1	9.0	5.4047619047619051	0.0	-5.5952380952380949	1	-1
0.5760929584503174	3	-0.11190476190476191	-2.6577380952380953	-0.11190476190476191	-2.6577380952380953	0	2	90	7.3478807948841188e-16	6.4047619047619051	1	9.0	5.4047619047619051	0.0	-5.5952380952380949	1	-1
0.5925500392913818	3	-0.08392857142857142	-2.4059523809523808	-0.083928571428571422	-2.4059523809523808	0	2	90	7.3478807948841188e-16	6.4047619047619051	1	9.0	5.4047619047619051	0.0	-5.5952380952380949	1	-1
0.6089060306549072	3	-0.027976190476190477	-1.9023809523809523	-0.027976190476190477	-1.9023809523809523	0	2	90	7.3478807948841188e-16	6.4047619047619051	1	9.0	5.4047619047619051	0.0	-5.5952380952380949	1	-1
0.6254239082336426	3	0.027976190476190477	-1.3708333333333336	0.027976190476190477	-1.3708333333333333	0	2	90	7.3478807948841188e-16	6.4047619047619051	1	9.0	5.4047619047619051	0.0	-5.5952380952380949	1	-1
0.6420168876647949	3	0.08392857142857142	-1.1190476190476186	0.083928571428571422	-1.1190476190476191	0	2	90	7.3478807948841188e-16	6.4047619047619051	1	9.0	5.4047619047619051	0.0	-5.5952380952380949	1	-1
0.6586039066314697	3	0.13988095238095238	-0.58750000000000036	0.13988095238095238	-0.58750000000000002	0	2	90	7.3478807948841188e-16	6.4047619047619051	1	9.0	5.4047619047619051	0.0	-5.5952380952380949	1	-1
0.67529296875	3	0.22380952380952382	-0.083928571428571352	0.22380952380952382	-0.083928571428571422	0	2	90	7.3478807948841188e-16	6.4047619047619051	1	9.0	5.4047619047619051	0.0	-5.5952380952380949	1	-1
0.6918730735778809	3	0.2517857142857143	0.1678571428571427	0.25178571428571428	0.16785714285714284	0	2	90	7.3478807948841188e-16	6.4047619047619051	1	9.0	5.4047619047619051	0.0	-5.5952380952380949	1	-1
0.7084510326385498	3	0.30773809523809526	0.64345238095238066	0.30773809523809526	0.643452380952381	0	2	90	7.3478807948841188e-16	6.4047619047619051	1	9.0	5.4047619047619051	0.0	-5.5952380952380949	1	-1
0.7249839305877686	3	0.3357142857142857	1.1190476190476186	0.33571428571428569	1.1190476190476191	0	2	90	7.3478807948841188e-16	6.4047619047619051	1	9.0	5.4047619047619051	0.0	-5.5952380952380949	1	-1
0.7416400909423828	3	0.3636904761904762	1.3428571428571425	0.36369047619047618	1.3428571428571427	0	2	90	7.3478807948841188e-16	6.4047619047619051	1	9.0	5.4047619047619051	0.0	-5.5952380952380949	1	-1
0.7581748962402344	3	0.41964285714285715	1.8184523809523814	0.41964285714285715	1.8184523809523809	0	2	90	7.3478807948841188e-16	6.4047619047619051	1	9.0	5.4047619047619051	0.0	-5.5952380952380949	1	-1
0.7751030921936035	3	0.44761904761904764	2.0702380952380954	0.44761904761904764	2.0702380952380954	0	2	90	7.3478807948841188e-16	6.4047619047619051	1	9.0	5.4047619047619051	0.0	-5.5952380952380949	1	-1
0.7917490005493164	3	0.531547619047619	2.5458333333333343	0.53154761904761905	2.5458333333333334	0	2	90	7.3478807948841188e-16	6.4047619047619051	1	9.0	5.4047619047619051	0.0	-5.5952380952380949	1	-1
0.8080570697784424	3	0.5875	3.0214285714285722	0.58750000000000002	3.0214285714285714	0	2	90	7.3478807948841188e-16	6.4047619047619051	1	9.0	5.4047619047619051	0.0	-5.5952380952380949	1	-1
0.8248639106750488	3	0.643452380952381	3.4690476190476183	0.643452380952381	3.4690476190476192	0	2	90	7.3478807948841188e-16	6.4047619047619051	1	9.0	5.4047619047619051	0.0	-5.5952380952380949	1	-1
0.8414969444274902	3	0.643452380952381	3.6928571428571431	0.643452380952381	3.6928571428571431	0	2	90	7.3478807948841188e-16	6.4047619047619051	1	9.0	5.4047619047619051	0.0	-5.5952380952380949	1	-1
0.8580460548400879	3	0.643452380952381	4.1125000000000007	0.643452380952381	4.1124999999999998	0	2	90	7.3478807948841188e-16	6.4047619047619051	1	9.0	5.4047619047619051	0.0	-5.5952380952380949	1	-1
0.8746569156646729	3	0.6154761904761905	4.3083333333333336	0.61547619047619051	4.3083333333333336	0	2	90	7.3478807948841188e-16	6.4047619047619051	1	9.0	5.4047619047619051	0.0	-5.5952380952380949	1	-1
0.8913040161132812	3	0.5595238095238095	4.6720238095238091	0.55952380952380953	4.6720238095238091	0	2	90	7.3478807948841188e-16	6.4047619047619051	1	9.0	5.4047619047619051	0.0	-5.5952380952380949	1	-1
0.9078710079193115	3	0.531547619047619	5.0077380952380963	0.53154761904761905	5.0077380952380954	0	2	90	7.3478807948841188e-16	6.4047619047619051	1	9.0	5.4047619047619051	0.0	-5.5952380952380949	1	-1
0.9244470596313477	3	0.5035714285714286	5.3154761904761898	0.50357142857142856	5.3154761904761907	0	2	90	7.3478807948841188e-16	6.4047619047619051	1	9.0	5.4047619047619051	0.0	-5.5952380952380949	1	-1
0.9407870769500732	3	0.5035714285714286	5.4553571428571423	0.50357142857142856	5.4553571428571432	0	2	90	7.3478807948841188e-16	6.4047619047619051	1	9.0	5.4047619047619051	0.0	-5.5952380952380949	1	-1
0.9573240280151367	3	0.47559523809523807	5.7071428571428573	0.47559523809523807	5.7071428571428573	0	2	90	7.3478807948841188e-16	6.4047619047619051	1	9.0	5.4047619047619051	0.0	-5.5952380952380949	1	-1
0.9738888740539551	3	0.47559523809523807	5.8470238095238098	0.47559523809523807	5.8470238095238098	0	2	90	7.3478807948841188e-16	6.4047619047619051	1	9.0	5.4047619047619051	0.0	-5.5952380952380949	1	-1
0.9905569553375244	3	0.47559523809523807	6.0708333333333329	0.47559523809523807	6.0708333333333337	0	2	90	7.3478807948841188e-16	6.4047619047619051	1	9.0	5.4047619047619051	0.0	-5.5952380952380949	1	-1
1.0071918964385986	3	0.47559523809523807	6.2666666666666657	0.47559523809523807	6.2666666666666666	0	2	90	7.3478807948841188e-16	6.4047619047619051	1	9.0	5.4047619047619051	0.0	-5.5952380952380949	1	-1
1.02372407913208	3	0.44761904761904764	6.4345238095238102	0.44761904761904764	6.4345238095238093	0	2	90	7.3478807948841188e-16	6.4047619047619051	1	9.0	5.4047619047619051	0.0	-5.5952380952380949	1	-1
1.0403120517730713	3	0.44761904761904764	6.4904761904761905	0.44761904761904764	6.4904761904761905	0	2	90	7.3478807948841188e-16	6.4047619047619051	1	9.0	5.4047619047619051	0.0	-5.5952380952380949	1	-1
1.0568840503692627	3	0.41964285714285715	6.5744047619047628	0.41964285714285715	6.5744047619047619	0	2	90	7.3478807948841188e-16	6.4047619047619051	1	9.0	5.4047619047619051	0.0	-5.5952380952380949	1	-1
1.073523998260498	3	0.41964285714285715	6.6023809523809511	0.41964285714285715	6.602380952380952	0	2	90	7.3478807948841188e-16	6.4047619047619051	1	9.0	5.4047619047619051	0.0	-5.5952380952380949	1	-1
1.0904059410095215	3	0.39166666666666666	6.6023809523809511	0.39166666666666666	6.602380952380952	0	2	90	7.3478807948841188e-16	6.4047619047619051	1	9.0	5.4047619047619051	0.0	-5.5952380952380949	1	-1
1.1069750785827637	3	0.39166666666666666	6.6303571428571431	0.39166666666666666	6.6303571428571431	0	2	90	7.3478807948841188e-16	6.4047619047619051	1	9.0	5.4047619047619051	0.0	-5.5952380952380949	1	-1
1.1235699653625488	3	0.39166666666666666	6.6303571428571431	0.39166666666666666	6.6303571428571431	0	2	90	7.3478807948841188e-16	6.4047619047619051	1	9.0	5.4047619047619051	0.0	-5.5952380952380949	1	-1
1.1399259567260742	3	0.39166666666666666	6.6303571428571431	0.39166666666666666	6.6303571428571431	0	2	90	7.3478807948841188e-16	6.4047619047619051	1	9.0	5.4047619047619051	0.0	-5.5952380952380949	1	-1
1.1567370891571045	3	0.39166666666666666	6.6303571428571431	0.39166666666666666	6.6303571428571431	0	2	90	7.3478807948841188e-16	6.4047619047619051	1	9.0	5.4047619047619051	0.0	-5.5952380952380949	1	-1
1.1733150482177734	3	0.39166666666666666	6.6303571428571431	0.39166666666666666	6.6303571428571431	0	2	90	7.3478807948841188e-16	6.4047619047619051	1	9.0	5.4047619047619051	0.0	-5.5952380952380949	1	-1
1.1899631023406982	3	0.39166666666666666	6.6303571428571431	0.39166666666666666	6.6303571428571431	0	2	90	7.3478807948841188e-16	6.4047619047619051	1	9.0	5.4047619047619051	0.0	-5.5952380952380949	1	-1
1.2065379619598389	3	0.39166666666666666	6.6303571428571431	0.39166666666666666	6.6303571428571431	0	2	90	7.3478807948841188e-16	6.4047619047619051	1	9.0	5.4047619047619051	0.0	-5.5952380952380949	1	-1
1.2231268882751465	3	0.39166666666666666	6.6303571428571431	0.39166666666666666	6.6303571428571431	0	2	90	7.3478807948841188e-16	6.4047619047619051	1	9.0	5.4047619047619051	0.0	-5.5952380952380949	1	-1
1.2397170066833496	3	0.39166666666666666	6.6303571428571431	0.39166666666666666	6.6303571428571431	0	2	90	7.3478807948841188e-16	6.4047619047619051	1	9.0	5.4047619047619051	0.0	-5.5952380952380949	1	-1
1.2560250759124756	3	0.39166666666666666	6.6303571428571431	0.39166666666666666	6.6303571428571431	0	2	90	7.3478807948841188e-16	6.4047619047619051	1	9.0	5.4047619047619051	0.0	-5.5952380952380949	1	-1
1.2726540565490723	3	0.39166666666666666	6.6303571428571431	0.39166666666666666	6.6303571428571431	0	2	90	7.3478807948841188e-16	6.4047619047619051	1	9.0	5.4047619047619051	0.0	-5.5952380952380949	1	-1
1.2892680168151855	3	0.39166666666666666	6.6303571428571431	0.39166666666666666	6.6303571428571431	0	2	90	7.3478807948841188e-16	6.4047619047619051	1	9.0	5.4047619047619051	0.0	-5.5952380952380949	1	-1
1.305785894393921	3	0.39166666666666666	6.6303571428571431	0.39166666666666666	6.6303571428571431	0	2	90	7.3478807948841188e-16	6.4047619047619051	1	9.0	5.4047619047619051	0.0	-5.5952380952380949	1	-1
1.3223600387573242	3	0.39166666666666666	6.6303571428571431	0.39166666666666666	6.6303571428571431	0	2	90	7.3478807948841188e-16	6.4047619047619051	1	9.0	5.4047619047619051	0.0	-5.5952380952380949	1	-1
1.3390378952026367	3	0.39166666666666666	6.6303571428571431	0.39166666666666666	6.6303571428571431	0	2	90	7.3478807948841188e-16	6.4047619047619051	1	9.0	5.4047619047619051	0.0	-5.5952380952380949	1	-1
1.3556060791015625	3	0.39166666666666666	6.6303571428571431	0.39166666666666666	6.6303571428571431	0	2	90	7.3478807948841188e-16	6.4047619047619051	1	9.0	5.4047619047619051	0.0	-5.5952380952380949	1	-1
1.372204065322876	3	0.39166666666666666	6.6303571428571431	0.39166666666666666	6.6303571428571431	0	2	90	7.3478807948841188e-16	6.4047619047619051	1	9.0	5.4047619047619051	0.0	-5.5952380952380949	1	-1
1.3888790607452393	3	0.39166666666666666	6.6303571428571431	0.39166666666666666	6.6303571428571431	0	2	90	7.3478807948841188e-16	6.4047619047619051	1	9.0	5.4047619047619051	0.0	-5.5952380952380949	1	-1
1.405405044555664	3	0.39166666666666666	6.6303571428571431	0.39166666666666666	6.6303571428571431	0	2	90	7.3478807948841188e-16	6.4047619047619051	1	9.0	5.4047619047619051	0.0	-5.5952380952380949	1	-1
1.422224998474121	3	0.39166666666666666	6.6303571428571431	0.39166666666666666	6.6303571428571431	0	2	90	7.3478807948841188e-16	6.4047619047619051	1	9.0	5.4047619047619051	0.0	-5.5952380952380949	1	-1
1.4388179779052734	3	0.39166666666666666	6.6303571428571431	0.39166666666666666	6.6303571428571431	0	2	90	7.3478807948841188e-16	6.4047619047619051	1	9.0	5.4047619047619051	0.0	-5.5952380952380949	1	-1
1.4554169178009033	3	0.39166666666666666	6.6303571428571431	0.39166666666666666	6.6303571428571431	0	2	90	7.3478807948841188e-16	6.4047619047619051	1	9.0	5.4047619047619051	0.0	-5.5952380952380949	1	-1
1.472066879272461	3	0.39166666666666666	6.6303571428571431	0.39166666666666666	6.6303571428571431	0	2	90	7.3478807948841188e-16	6.4047619047619051	1	9.0	5.4047619047619051	0.0	-5.5952380952380949	1	-1
1.4886560440063477	3	0.39166666666666666	6.6303571428571431	0.39166666666666666	6.6303571428571431	0	2	90	7.3478807948841188e-16	6.4047619047619051	1	9.0	5.4047619047619051	0.0	-5.5952380952380949	1	-1
1.5051748752593994	3	0.39166666666666666	6.6303571428571431	0.39166666666666666	6.6303571428571431	0	2	90	7.3478807948841188e-16	6.4047619047619051	1	9.0	5.4047619047619051	0.0	-5.5952380952380949	1	-1
1.5217909812927246	3	0.39166666666666666	6.6303571428571431	0.39166666666666666	6.6303571428571431	0	2	90	7.3478807948841188e-16	6.4047619047619051	1	9.0	5.4047619047619051	0.0	-5.5952380952380949	1	-1
1.5384209156036377	3	0.39166666666666666	6.6303571428571431	0.39166666666666666	6.6303571428571431	0	2	90	7.3478807948841188e-16	6.4047619047619051	1	9.0	5.4047619047619051	0.0	-5.5952380952380949	1	-1
1.5550129413604736	3	0.39166666666666666	6.6303571428571431	0.39166666666666666	6.6303571428571431	0	2	90	7.3478807948841188e-16	6.4047619047619051	1	9.0	5.4047619047619051	0.0	-5.5952380952380949	1	-1
1.5715820789337158	3	0.39166666666666666	6.6303571428571431	0.39166666666666666	6.6303571428571431	0	2	90	7.3478807948841188e-16	6.4047619047619051	1	9.0	5.4047619047619051	0.0	-5.5952380952380949	1	-1
1.5878949165344238	3	0.39166666666666666	6.6303571428571431	0.39166666666666666	6.6303571428571431	0	2	90	7.3478807948841188e-16	6.4047619047619051	1	9.0	5.4047619047619051	0.0	-5.5952380952380949	1	-1
1.6045711040496826	3	0.39166666666666666	6.6303571428571431	0.39166666666666666	6.6303571428571431	0	2	90	7.3478807948841188e-16	6.4047619047619051	1	9.0	5.4047619047619051	0.0	-5.5952380952380949	1	-1
1.6211020946502686	3	0.39166666666666666	6.6303571428571431	0.39166666666666666	6.6303571428571431	0	2	90	7.3478807948841188e-16	6.4047619047619051	1	9.0	5.4047619047619051	0.0	-5.5952380952380949	1	-1
1.6376490592956543	3	0.39166666666666666	6.6303571428571431	0.39166666666666666	6.6303571428571431	0	2	90	7.3478807948841188e-16	6.4047619047619051	1	9.0	5.4047619047619051	0.0	-5.5952380952380949	1	-1
1.6542749404907227	3	0.39166666666666666	6.6303571428571431	0.39166666666666666	6.6303571428571431	0	3	90	7.3478807948841188e-16	6.4047619047619051	1	9.0	5.4047619047619051	0.0	-5.5952380952380949	1	-1
1.6708769798278809	3	0.39166666666666666	6.6303571428571431	0.39166666666666666	6.6303571428571431	0	4	90	7.3478807948841188e-16	6.4047619047619051	1	9.0	5.4047619047619051	0.0	-5.5952380952380949	1	-1
1.6874370574951172	3	0.39166666666666666	6.6303571428571431	0.39166666666666666	6.6303571428571431	0	4	90	7.3478807948841188e-16	6.4047619047619051	1	9.0	5.4047619047619051	0.0	-5.5952380952380949	1	-1
1.7041139602661133	3	0.39166666666666666	6.6303571428571431	0.39166666666666666	6.6303571428571431	0	4	90	7.3478807948841188e-16	6.4047619047619051	1	9.0	5.4047619047619051	0.0	-5.5952380952380949	1	-1
1.7206928730010986	3	0.39166666666666666	6.6303571428571431	0.39166666666666666	6.6303571428571431	0	4	90	7.3478807948841188e-16	6.4047619047619051	1	9.0	5.4047619047619051	0.0	-5.5952380952380949	1	-1
1.737550973892212	3	0.39166666666666666	6.6303571428571431	0.39166666666666666	6.6303571428571431	0	4	90	7.3478807948841188e-16	6.4047619047619051	1	9.0	5.4047619047619051	0.0	-5.5952380952380949	1	-1
1.7541298866271973	3	0.39166666666666666	6.6303571428571431	0.39166666666666666	6.6303571428571431	0	4	90	7.3478807948841188e-16	6.4047619047619051	1	9.0	5.4047619047619051	0.0	-5.5952380952380949	1	-1
1.7707009315490723	3	0.39166666666666666	6.6303571428571431	0.39166666666666666	6.6303571428571431	0	4	90	7.3478807948841188e-16	6.4047619047619051	1	9.0	5.4047619047619051	0.0	-5.5952380952380949	1	-1
1.7872869968414307	3	0.39166666666666666	6.6303571428571431	0.39166666666666666	6.6303571428571431	0	4	90	7.3478807948841188e-16	6.4047619047619051	1	9.0	5.4047619047619051	0.0	-5.5952380952380949	1	-1
1.8040030002593994	3	0.39166666666666666	6.6303571428571431	0.39166666666666666	6.6303571428571431	0	4	90	7.3478807948841188e-16	6.4047619047619051	1	9.0	5.4047619047619051	0.0	-5.5952380952380949	1	-1
1.82053804397583	3	0.39166666666666666	6.6303571428571431	0.39166666666666666	6.6303571428571431	0	4	90	7.3478807948841188e-16	6.4047619047619051	1	9.0	5.4047619047619051	0.0	-5.5952380952380949	1	-1
1.837048053741455	3	0.39166666666666666	6.6303571428571431	0.39166666666666666	6.6303571428571431	0	4	90	7.3478807948841188e-16	6.4047619047619051	1	9.0	5.4047619047619051	0.0	-5.5952380952380949	1	-1
1.853687047958374	3	0.39166666666666666	6.6303571428571431	0.39166666666666666	6.6303571428571431	0	4	90	7.3478807948841188e-16	6.4047619047619051	1	9.0	5.4047619047619051	0.0	-5.5952380952380949	1	-1
1.8703339099884033	3	0.39166666666666666	6.6303571428571431	0.39166666666666666	6.6303571428571431	0	4	90	7.3478807948841188e-16	6.4047619047619051	1	9.0	5.4047619047619051	0.0	-5.5952380952380949	1	-1
1.8869109153747559	3	0.39166666666666666	6.6303571428571431	0.39166666666666666	6.6303571428571431	0	4	90	7.3478807948841188e-16	6.4047619047619051	1	9.0	5.4047619047619051	0.0	-5.5952380952380949	1	-1
1.9032979011535645	3	0.41964285714285715	6.6303571428571431	0.41964285714285715	6.6303571428571431	0	4	90	7.3478807948841188e-16	6.4047619047619051	1	9.0	5.4047619047619051	0.0	-5.5952380952380949	1	-1
1.919809103012085	3	0.41964285714285715	6.6303571428571431	0.41964285714285715	6.6303571428571431	0	4	90	7.3478807948841188e-16	6.4047619047619051	1	9.0	5.4047619047619051	0.0	-5.5952380952380949	1	-1
1.9364540576934814	3	0.58750000000000002	6.6303571428571431	0.58750000000000002	6.602380952380952	0	4	90	7.3478807948841188e-16	6.4047619047619051	1	9.0	5.4047619047619051	0.0	-5.5952380952380949	1	-1
1.9529969692230225	3	0.75535714285714284	6.6303571428571431	0.75535714285714284	6.602380952380952	0	4	90	7.3478807948841188e-16	6.4047619047619051	1	9.0	5.4047619047619051	0.0	-5.5952380952380949	1	-1
1.9695658683776855	3	1.286904761904762	6.6303571428571431	1.286904761904762	6.5744047619047619	0	4	90	7.3478807948841188e-16	6.4047619047619051	1	9.0	5.4047619047619051	0.0	-5.5952380952380949	1	-1
1.9861299991607666	3	1.650595238095238	6.6303571428571431	1.650595238095238	6.5744047619047619	0	4	90	7.3478807948841188e-16	6.4047619047619051	1	9.0	5.4047619047619051	0.0	-5.5952380952380949	1	-1
2.0028209686279297	3	2.461904761904762	6.6303571428571431	2.461904761904762	6.602380952380952	0	4	90	7.3478807948841188e-16	6.4047619047619051	1	9.0	5.4047619047619051	0.0	-5.5952380952380949	1	-1
2.019334077835083	3	3.2452380952380953	6.6303571428571431	3.2452380952380953	6.6303571428571431	0	4	90	7.3478807948841188e-16	6.4047619047619051	1	9.0	5.4047619047619051	0.0	-5.5952380952380949	1	-1
2.035959005355835	3	3.9726190476190477	6.6303571428571431	3.9726190476190477	6.6583333333333332	0	4	90	7.3478807948841188e-16	6.4047619047619051	1	9.0	5.4047619047619051	0.0	-5.5952380952380949	1	-1
2.052567958831787	3	4.3363095238095237	6.6303571428571431	4.3363095238095237	6.6583333333333332	0	4	90	7.3478807948841188e-16	6.4047619047619051	1	9.0	5.4047619047619051	0.0	-5.5952380952380949	1	-1
2.0694580078125	3	5.0357142857142856	6.6303571428571431	5.0357142857142856	6.602380952380952	0	4	90	7.3478807948841188e-16	6.4047619047619051	1	9.0	5.4047619047619051	0.0	-5.5952380952380949	1	-1
2.0860090255737305	3	5.399404761904762	6.6303571428571431	5.399404761904762	6.5744047619047619	0	4	90	7.3478807948841188e-16	6.4047619047619051	1	9.0	5.4047619047619051	0.0	-5.5952380952380949	1	-1
2.1025540828704834	3	6.1267857142857141	6.6303571428571431	6.1267857142857141	6.4904761904761905	0	4	90	7.3478807948841188e-16	6.4047619047619051	1	9.0	5.4047619047619051	0.0	-5.5952380952380949	1	-1
2.119180917739868	3	6.8821428571428571	6.6303571428571431	6.8821428571428571	6.4065476190476192	0	4	90	7.3478807948841188e-16	6.4047619047619051	1	9.0	5.4047619047619051	0.0	-5.5952380952380949	1	-1
2.13586688041687	3	7.6375000000000002	6.6303571428571431	7.6375000000000002	6.2946428571428568	0	4	90	7.3478807948841188e-16	6.4047619047619051	1	9.0	5.4047619047619051	0.0	-5.5952380952380949	1	-1
2.1524240970611572	3	8.0571428571428569	6.6303571428571431	8.0571428571428569	6.2386904761904765	0	4	90	7.3478807948841188e-16	6.4047619047619051	1	9.0	5.4047619047619051	0.0	-5.5952380952380949	1	-1
2.168976068496704	3	8.9244047619047624	6.6303571428571431	8.9244047619047624	6.1267857142857141	0	4	90	7.3478807948841188e-16	6.4047619047619051	1	9.0	5.4047619047619051	0.0	-5.5952380952380949	1	-1
2.185544013977051	3	9.4000000000000004	6.6303571428571431	9.4000000000000004	6.0988095238095239	0	4	90	7.3478807948841188e-16	6.4047619047619051	1	9.0	5.4047619047619051	0.0	-5.5952380952380949	1	-1
2.202249050140381	3	10.295238095238096	6.0148809523809526	10.295238095238096	6.0148809523809526	0	4	90	7.3478807948841188e-16	6.4047619047619051	1	9.0	5.4047619047619051	0.0	-5.5952380952380949	1	-1
2.218484878540039	3	10.686904761904762	5.9589285714285722	10.686904761904762	5.9589285714285714	0	4	90	7.3478807948841188e-16	6.4047619047619051	1	9.0	5.4047619047619051	0.0	-5.5952380952380949	1	-1
2.2350900173187256	3	11.414285714285715	5.875	11.414285714285715	5.875	0	4	90	7.3478807948841188e-16	6.4047619047619051	1	9.0	5.4047619047619051	0.0	-5.5952380952380949	1	-1
2.2516679763793945	3	12.001785714285715	5.8190476190476197	12.001785714285715	5.8190476190476188	0	4	90	7.3478807948841188e-16	6.4047619047619051	1	9.0	5.4047619047619051	0.0	-5.5952380952380949	1	-1
2.2683169841766357	3	12.449404761904763	5.7630952380952394	12.449404761904763	5.7630952380952385	0	5	90	7.3478807948841188e-16	6.4047619047619051	1	9.0	5.4047619047619051	0.0	-5.5952380952380949	1	-1
2.2848739624023438	3	12.589285714285714	5.7351190476190474	12.589285714285714	5.7351190476190474	0	5	90	7.3478807948841188e-16	6.4047619047619051	1	9.0	5.4047619047619051	0.0	-5.5952380952380949	1	-1
2.3015151023864746	3	12.757142857142858	5.7071428571428573	12.757142857142858	5.7071428571428573	0	5	90	7.3478807948841188e-16	6.4047619047619051	1	9.0	5.4047619047619051	0.0	-5.5952380952380949	1	-1
2.3180580139160156	3	12.757142857142858	5.7071428571428573	12.757142857142858	5.7071428571428573	0	5	90	7.3478807948841188e-16	6.4047619047619051	1	9.0	5.4047619047619051	0.0	-5.5952380952380949	1	-1
2.3346710205078125	3	12.785119047619048	5.7071428571428573	12.785119047619048	5.7071428571428573	0	5	90	7.3478807948841188e-16	6.4047619047619051	1	9.0	5.4047619047619051	0.0	-5.5952380952380949	1	-1
2.351245880126953	3	12.785119047619048	5.7071428571428573	12.785119047619048	5.7071428571428573	0	5	90	7.3478807948841188e-16	6.4047619047619051	1	9.0	5.4047619047619051	0.0	-5.5952380952380949	1	-1
2.3678250312805176	3	12.785119047619048	5.7071428571428573	12.785119047619048	5.7071428571428573	0	5	90	7.3478807948841188e-16	6.4047619047619051	1	9.0	5.4047619047619051	0.0	-5.5952380952380949	1	-1
2.384449005126953	3	12.757142857142858	5.6791666666666671	12.757142857142858	5.6791666666666663	0	5	90	7.3478807948841188e-16	6.4047619047619051	1	9.0	5.4047619047619051	0.0	-5.5952380952380949	1	-1
2.401045083999634	3	12.505357142857143	5.6232142857142868	12.505357142857143	5.6232142857142859	0	5	90	7.3478807948841188e-16	6.4047619047619051	1	9.0	5.4047619047619051	0.0	-5.5952380952380949	1	-1
2.4176270961761475	3	12.253571428571428	5.5392857142857146	12.253571428571428	5.5392857142857146	0	5	90	7.3478807948841188e-16	6.4047619047619051	1	9.0	5.4047619047619051	0.0	-5.5952380952380949	1	-1
2.4341790676116943	3	11.526190476190477	5.3154761904761898	11.526190476190477	5.3154761904761907	0	5	90	7.3478807948841188e-16	6.4047619047619051	1	9.0	5.4047619047619051	0.0	-5.5952380952380949	1	-1
2.4507970809936523	3	10.658928571428572	5.0357142857142847	10.658928571428572	5.0357142857142856	0	5	90	7.3478807948841188e-16	6.4047619047619051	1	9.0	5.4047619047619051	0.0	-5.5952380952380949	1	-1
2.467456102371216	3	9.875595238095238	4.6999999999999993	9.8755952380952383	4.7000000000000002	0	5	90	7.3478807948841188e-16	6.4047619047619051	1	9.0	5.4047619047619051	0.0	-5.5952380952380949	1	-1
2.4840340614318848	3	9.539880952380953	4.5321428571428584	9.5398809523809529	4.5321428571428575	0	5	90	7.3478807948841188e-16	6.4047619047619051	1	9.0	5.4047619047619051	0.0	-5.5952380952380949	1	-1
2.500596046447754	3	8.86845238095238	4.1404761904761909	8.8684523809523803	4.1404761904761909	0	5	90	7.3478807948841188e-16	6.4047619047619051	1	9.0	5.4047619047619051	0.0	-5.5952380952380949	1	-1
2.517214059829712	3	8.504761904761905	3.9166666666666661	8.5047619047619047	3.9166666666666665	0	5	90	7.3478807948841188e-16	6.4047619047619051	1	9.0	5.4047619047619051	0.0	-5.5952380952380949	1	-1
2.5338258743286133	3	7.749404761904762	3.413095238095238	7.7494047619047617	3.413095238095238	0	5	90	7.3478807948841188e-16	6.4047619047619051	1	9.0	5.4047619047619051	0.0	-5.5952380952380949	1	-1
2.550334930419922	3	6.994047619047619	2.8535714285714278	6.9940476190476186	2.8535714285714286	0	5	90	7.3478807948841188e-16	6.4047619047619051	1	9.0	5.4047619047619051	0.0	-5.5952380952380949	1	-1
2.566956043243408	3	6.630357142857143	2.5738095238095244	6.6303571428571431	2.573809523809524	0	5	90	7.3478807948841188e-16	6.4047619047619051	1	9.0	5.4047619047619051	0.0	-5.5952380952380949	1	-1
2.583534002304077	3	5.958928571428571	2.0142857142857142	5.9589285714285714	2.0142857142857142	0	5	90	7.3478807948841188e-16	6.4047619047619051	1	9.0	5.4047619047619051	0.0	-5.5952380952380949	1	-1
2.6001830101013184	3	5.315476190476191	1.4267857142857139	5.3154761904761907	1.4267857142857143	0	5	90	7.3478807948841188e-16	6.4047619047619051	1	9.0	5.4047619047619051	0.0	-5.5952380952380949	1	-1
2.6168150901794434	3	5.007738095238095	1.1470238095238097	5.0077380952380954	1.1470238095238094	0	5	90	7.3478807948841188e-16	6.4047619047619051	1	9.0	5.4047619047619051	0.0	-5.5952380952380949	1	-1
2.63338303565979	3	4.392261904761905	0.53154761904761916	4.3922619047619049	0.53154761904761905	0	5	90	7.3478807948841188e-16	6.4047619047619051	1	9.0	5.4047619047619051	0.0	-5.5952380952380949	1	-1
2.6499040126800537	3	3.8047619047619046	-0.027976190476190155	3.8047619047619046	-0.027976190476190477	0	5	90	7.3478807948841188e-16	6.4047619047619051	1	9.0	5.4047619047619051	0.0	-5.5952380952380949	1	-1
2.6665289402008057	3	3.525	-0.33571428571428541	3.5249999999999999	-0.33571428571428569	0	5	90	7.3478807948841188e-16	6.4047619047619051	1	9.0	5.4047619047619051	0.0	-5.5952380952380949	1	-1
2.683090925216675	3	3.0214285714285714	-0.86726190476190457	3.0214285714285714	-0.86726190476190479	0	5	90	7.3478807948841188e-16	6.4047619047619051	1	9.0	5.4047619047619051	0.0	-5.5952380952380949	1	-1
2.699676990509033	3	2.573809523809524	-1.3988095238095237	2.573809523809524	-1.3988095238095237	0	5	90	7.3478807948841188e-16	6.4047619047619051	1	9.0	5.4047619047619051	0.0	-5.5952380952380949	1	-1
2.7166450023651123	3	2.35	-1.6505952380952378	2.3500000000000001	-1.650595238095238	0	5	90	7.3478807948841188e-16	6.4047619047619051	1	9.0	5.4047619047619051	0.0	-5.5952380952380949	1	-1
2.733150005340576	3	1.9863095238095239	-2.1261904761904762	1.9863095238095239	-2.1261904761904762	0	5	90	7.3478807948841188e-16	6.4047619047619051	1	9.0	5.4047619047619051	0.0	-5.5952380952380949	1	-1
2.749727964401245	3	1.6226190476190476	-2.6017857142857141	1.6226190476190476	-2.6017857142857141	0	5	90	7.3478807948841188e-16	6.4047619047619051	1	9.0	5.4047619047619051	0.0	-5.5952380952380949	1	-1
2.766357898712158	3	1.4827380952380953	-2.825595238095238	1.4827380952380953	-2.825595238095238	0	5	90	7.3478807948841188e-16	6.4047619047619051	1	9.0	5.4047619047619051	0.0	-5.5952380952380949	1	-1
2.782892942428589	3	1.175	-3.2452380952380953	1.175	-3.2452380952380953	0	5	90	7.3478807948841188e-16	6.4047619047619051	1	9.0	5.4047619047619051	0.0	-5.5952380952380949	1	-1
2.799556016921997	3	0.8952380952380953	-3.6648809523809525	0.89523809523809528	-3.6648809523809525	0	5	90	7.3478807948841188e-16	6.4047619047619051	1	9.0	5.4047619047619051	0.0	-5.5952380952380949	1	-1
2.8162291049957275	3	0.7833333333333333	-3.8327380952380952	0.78333333333333333	-3.8327380952380952	0	5	90	7.3478807948841188e-16	6.4047619047619051	1	9.0	5.4047619047619051	0.0	-5.5952380952380949	1	-1
2.8326408863067627	3	0.5595238095238095	-4.168452380952381	0.55952380952380953	-4.168452380952381	0	5	90	7.3478807948841188e-16	6.4047619047619051	1	9.0	5.4047619047619051	0.0	-5.5952380952380949	1	-1
2.849299907684326	3	0.3636904761904762	-4.4761904761904763	0.36369047619047618	-4.4761904761904763	0	5	90	7.3478807948841188e-16	6.4047619047619051	1	9.0	5.4047619047619051	0.0	-5.5952380952380949	1	-1
2.8659749031066895	3	0.27976190476190477	-4.6160714285714288	0.27976190476190477	-4.6160714285714288	0	5	90	7.3478807948841188e-16	6.4047619047619051	1	9.0	5.4047619047619051	0.0	-5.5952380952380949	1	-1
2.882240056991577	3	0.16785714285714284	-4.8398809523809527	0.16785714285714284	-4.8398809523809527	0	5	90	7.3478807948841188e-16	6.4047619047619051	1	9.0	5.4047619047619051	0.0	-5.5952380952380949	1	-1
2.898808002471924	3	0.11190476190476191	-4.9517857142857142	0.11190476190476191	-4.9517857142857142	0	5	90	7.3478807948841188e-16	6.4047619047619051	1	9.0	5.4047619047619051	0.0	-5.5952380952380949	1	-1
2.9154810905456543	3	0.027976190476190477	-5.147619047619048	0.027976190476190477	-5.147619047619048	0	5	90	7.3478807948841188e-16	6.4047619047619051	1	9.0	5.4047619047619051	0.0	-5.5952380952380949	1	-1
