time	trial	cursorx	cursory	hand_x	hand_Y	rotation	step	targetangle	targetposx	targetposy	garagelocation	garageposx	garageposy	homex	homey	group	trial_type
9.5367431640625e-07	3	-0.39166666666666666	-5.371428571428571	-0.39166666666666666	-5.371428571428571	0	5	90	7.3478807948841188e-16	6.4047619047619051	1	9.0	5.4047619047619051	0.0	-5.5952380952380949	1	1
0.028877973556518555	3	-0.22380952380952382	-5.7351190476190474	-0.22380952380952382	-5.7351190476190474	0	1	90	7.3478807948841188e-16	6.4047619047619051	1	9.0	5.4047619047619051	0.0	-5.5952380952380949	1	1
0.0455319881439209	3	-0.19583333333333333	-5.8190476190476188	-0.19583333333333333	-5.8190476190476188	0	1	90	7.3478807948841188e-16	6.4047619047619051	1	9.0	5.4047619047619051	0.0	-5.5952380952380949	1	1
0.06195998191833496	3	-0.11190476190476191	-5.9869047619047615	-0.11190476190476191	-5.9869047619047615	0	1	90	7.3478807948841188e-16	6.4047619047619051	1	9.0	5.4047619047619051	0.0	-5.5952380952380949	1	1
0.07856202125549316	3	-0.08392857142857142	-6.0428571428571427	-0.083928571428571422	-6.0428571428571427	0	1	90	7.3478807948841188e-16	6.4047619047619051	1	9.0	5.4047619047619051	0.0	-5.5952380952380949	1	1
0.09527897834777832	3	0.0	-6.2107142857142854	0.0	-6.2107142857142854	0	1	90	7.3478807948841188e-16	6.4047619047619051	1	9.0	5.4047619047619051	0.0	-5.5952380952380949	1	1
0.11190485954284668	3	0.08392857142857142	-6.3226190476190478	0.083928571428571422	-6.3226190476190478	0	1	90	7.3478807948841188e-16	6.4047619047619051	1	9.0	5.4047619047619051	0.0	-5.5952380952380949	1	1
0.1284618377685547	3	0.13988095238095238	-6.4065476190476192	0.13988095238095238	-6.4065476190476192	0	1	90	7.3478807948841188e-16	6.4047619047619051	1	9.0	5.4047619047619051	0.0	-5.5952380952380949	1	1
0.14503192901611328	3	0.13988095238095238	-6.4345238095238093	0.13988095238095238	-6.4345238095238093	0	1	90	7.3478807948841188e-16	6.4047619047619051	1	9.0	5.4047619047619051	0.0	-5.5952380952380949	1	1
0.1616208553314209	3	0.16785714285714284	-6.4345238095238093	0.16785714285714284	-6.4345238095238093	0	1	90	7.3478807948841188e-16	6.4047619047619051	1	9.0	5.4047619047619051	0.0	-5.5952380952380949	1	1
0.17818093299865723	3	0.16785714285714284	-6.4345238095238093	0.16785714285714284	-6.4345238095238093	0	1	90	7.3478807948841188e-16	6.4047619047619051	1	9.0	5.4047619047619051	0.0	-5.5952380952380949	1	1
0.19477581977844238	3	0.16785714285714284	-6.4345238095238093	0.16785714285714284	-6.4345238095238093	0	1	90	7.3478807948841188e-16	6.4047619047619051	1	9.0	5.4047619047619051	0.0	-5.5952380952380949	1	1
0.2114100456237793	3	0.16785714285714284	-6.4345238095238093	0.16785714285714284	-6.4345238095238093	0	1	90	7.3478807948841188e-16	6.4047619047619051	1	9.0	5.4047619047619051	0.0	-5.5952380952380949	1	1
0.22802996635437012	3	0.16785714285714284	-6.4345238095238093	0.16785714285714284	-6.4345238095238093	0	1	90	7.3478807948841188e-16	6.4047619047619051	1	9.0	5.4047619047619051	0.0	-5.5952380952380949	1	1
0.2445988655090332	3	0.13988095238095238	-6.4065476190476192	0.13988095238095238	-6.4065476190476192	0	1	90	7.3478807948841188e-16	6.4047619047619051	1	9.0	5.4047619047619051	0.0	-5.5952380952380949	1	1
0.26119303703308105	3	0.11190476190476191	-6.378571428571429	0.11190476190476191	-6.378571428571429	0	1	90	7.3478807948841188e-16	6.4047619047619051	1	9.0	5.4047619047619051	0.0	-5.5952380952380949	1	1
0.27777099609375	3	0.11190476190476191	-6.350595238095238	0.11190476190476191	-6.350595238095238	0	1	90	7.3478807948841188e-16	6.4047619047619051	1	9.0	5.4047619047619051	0.0	-5.5952380952380949	1	1
0.2943379878997803	3	0.055952380952380955	-6.2666666666666666	0.055952380952380955	-6.2666666666666666	0	1	90	7.3478807948841188e-16	6.4047619047619051	1	9.0	5.4047619047619051	0.0	-5.5952380952380949	1	1
0.3109860420227051	3	0.027976190476190477	-6.2107142857142854	0.027976190476190477	-6.2107142857142854	0	1	90	7.3478807948841188e-16	6.4047619047619051	1	9.0	5.4047619047619051	0.0	-5.5952380952380949	1	1
0.3275480270385742	3	0.027976190476190477	-6.1827380952380953	0.027976190476190477	-6.1827380952380953	0	1	90	7.3478807948841188e-16	6.4047619047619051	1	9.0	5.4047619047619051	0.0	-5.5952380952380949	1	1
0.3441660404205322	3	-0.027976190476190477	-6.1547619047619051	-0.027976190476190477	-6.1547619047619051	0	1	90	7.3478807948841188e-16	6.4047619047619051	1	9.0	5.4047619047619051	0.0	-5.5952380952380949	1	1
0.36071085929870605	3	-0.055952380952380955	-6.0988095238095239	-0.055952380952380955	-6.0988095238095239	0	1	90	7.3478807948841188e-16	6.4047619047619051	1	9.0	5.4047619047619051	0.0	-5.5952380952380949	1	1
0.3774118423461914	3	-0.055952380952380955	-6.0708333333333337	-0.055952380952380955	-6.0708333333333337	0	1	90	7.3478807948841188e-16	6.4047619047619051	1	9.0	5.4047619047619051	0.0	-5.5952380952380949	1	1
0.3937098979949951	3	-0.08392857142857142	-6.0428571428571427	-0.083928571428571422	-6.0428571428571427	0	1	90	7.3478807948841188e-16	6.4047619047619051	1	9.0	5.4047619047619051	0.0	-5.5952380952380949	1	1
0.41030097007751465	3	-0.08392857142857142	-5.9589285714285714	-0.083928571428571422	-5.9589285714285714	0	1	90	7.3478807948841188e-16	6.4047619047619051	1	9.0	5.4047619047619051	0.0	-5.5952380952380949	1	1
0.42685389518737793	3	-0.11190476190476191	-5.875	-0.11190476190476191	-5.875	0	1	90	7.3478807948841188e-16	6.4047619047619051	1	9.0	5.4047619047619051	0.0	-5.5952380952380949	1	1
0.4434659481048584	3	-0.11190476190476191	-5.7351190476190474	-0.11190476190476191	-5.7351190476190474	0	1	90	7.3478807948841188e-16	6.4047619047619051	1	9.0	5.4047619047619051	0.0	-5.5952380952380949	1	1
0.46003103256225586	3	-0.11190476190476191	-5.6232142857142859	-0.11190476190476191	-5.6232142857142859	0	1	90	7.3478807948841188e-16	6.4047619047619051	1	9.0	5.4047619047619051	0.0	-5.5952380952380949	1	1
0.47664785385131836	3	-0.08392857142857142	-5.399404761904762	-0.083928571428571422	-5.399404761904762	0	1	90	7.3478807948841188e-16	6.4047619047619051	1	9.0	5.4047619047619051	0.0	-5.5952380952380949	1	1
0.4932548999786377	3	-0.055952380952380955	-5.1196428571428569	-0.055952380952380955	-5.1196428571428569	0	1	90	7.3478807948841188e-16	6.4047619047619051	1	9.0	5.4047619047619051	0.0	-5.5952380952380949	1	1
0.5099189281463623	3	-0.055952380952380955	-4.8119047619047617	-0.055952380952380955	-4.8119047619047617	0	1	90	7.3478807948841188e-16	6.4047619047619051	1	9.0	5.4047619047619051	0.0	-5.5952380952380949	1	1
0.5264370441436768	3	-0.055952380952380955	-4.644047619047619	-0.055952380952380955	-4.644047619047619	0	1	90	7.3478807948841188e-16	6.4047619047619051	1	9.0	5.4047619047619051	0.0	-5.5952380952380949	1	1
0.543004035949707	3	-0.11190476190476191	-4.3083333333333336	-0.11190476190476191	-4.3083333333333336	0	1	90	7.3478807948841188e-16	6.4047619047619051	1	9.0	5.4047619047619051	0.0	-5.5952380952380949	1	1
0.5595660209655762	3	-0.13988095238095238	-4.1124999999999998	-0.13988095238095238	-4.1124999999999998	0	1	90	7.3478807948841188e-16	6.4047619047619051	1	9.0	5.4047619047619051	0.0	-5.5952380952380949	1	1
0.5762598514556885	3	-0.16785714285714284	-3.7488095238095238	-0.16785714285714284	-3.7488095238095238	0	1	90	7.3478807948841188e-16	6.4047619047619051	1	9.0	5.4047619047619051	0.0	-5.5952380952380949	1	1
0.592864990234375	3	-0.19583333333333333	-3.3291666666666666	-0.19583333333333333	-3.3291666666666666	0	1	90	7.3478807948841188e-16	6.4047619047619051	1	9.0	5.4047619047619051	0.0	-5.5952380952380949	1	1
0.6094708442687988	3	-0.19583333333333333	-2.8815476190476192	-0.19583333333333333	-2.8815476190476192	0	1	90	7.3478807948841188e-16	6.4047619047619051	1	9.0	5.4047619047619051	0.0	-5.5952380952380949	1	1
0.625978946685791	3	-0.19583333333333333	-2.6577380952380953	-0.19583333333333333	-2.6577380952380953	0	2	90	7.3478807948841188e-16	6.4047619047619051	1	9.0	5.4047619047619051	0.0	-5.5952380952380949	1	1
0.64261794090271	3	-0.22380952380952382	-2.2101190476190475	-0.22380952380952382	-2.2101190476190475	0	2	90	7.3478807948841188e-16	6.4047619047619051	1	9.0	5.4047619047619051	0.0	-5.5952380952380949	1	1
0.6591408252716064	3	-0.22380952380952382	-1.9863095238095241	-0.22380952380952382	-1.9863095238095239	0	2	90	7.3478807948841188e-16	6.4047619047619051	1	9.0	5.4047619047619051	0.0	-5.5952380952380949	1	1
0.6757528781890869	3	-0.2517857142857143	-1.5386904761904763	-0.25178571428571428	-1.5386904761904763	0	2	90	7.3478807948841188e-16	6.4047619047619051	1	9.0	5.4047619047619051	0.0	-5.5952380952380949	1	1
0.6923449039459229	3	-0.2517857142857143	-1.0910714285714285	-0.25178571428571428	-1.0910714285714285	0	2	90	7.3478807948841188e-16	6.4047619047619051	1	9.0	5.4047619047619051	0.0	-5.5952380952380949	1	1
0.7090389728546143	3	-0.2517857142857143	-0.61547619047619051	-0.25178571428571428	-0.61547619047619051	0	2	90	7.3478807948841188e-16	6.4047619047619051	1	9.0	5.4047619047619051	0.0	-5.5952380952380949	1	1
0.7255828380584717	3	-0.2517857142857143	-0.39166666666666661	-0.25178571428571428	-0.39166666666666666	0	2	90	7.3478807948841188e-16	6.4047619047619051	1	9.0	5.4047619047619051	0.0	-5.5952380952380949	1	1
0.7421250343322754	3	-0.22380952380952382	0.083928571428571352	-0.22380952380952382	0.083928571428571422	0	2	90	7.3478807948841188e-16	6.4047619047619051	1	9.0	5.4047619047619051	0.0	-5.5952380952380949	1	1
0.7586889266967773	3	-0.2517857142857143	0.30773809523809526	-0.25178571428571428	0.30773809523809526	0	2	90	7.3478807948841188e-16	6.4047619047619051	1	9.0	5.4047619047619051	0.0	-5.5952380952380949	1	1
0.7753298282623291	3	-0.27976190476190477	0.72738095238095202	-0.27976190476190477	0.72738095238095235	0	2	90	7.3478807948841188e-16	6.4047619047619051	1	9.0	5.4047619047619051	0.0	-5.5952380952380949	1	1
0.7919018268585205	3	-0.30773809523809526	1.1190476190476186	-0.30773809523809526	1.1190476190476191	0	2	90	7.3478807948841188e-16	6.4047619047619051	1	9.0	5.4047619047619051	0.0	-5.5952380952380949	1	1
0.8085458278656006	3	-0.30773809523809526	1.5386904761904763	-0.30773809523809526	1.5386904761904763	0	2	90	7.3478807948841188e-16	6.4047619047619051	1	9.0	5.4047619047619051	0.0	-5.5952380952380949	1	1
0.8251140117645264	3	-0.27976190476190477	1.7345238095238091	-0.27976190476190477	1.7345238095238096	0	2	90	7.3478807948841188e-16	6.4047619047619051	1	9.0	5.4047619047619051	0.0	-5.5952380952380949	1	1
0.8417530059814453	3	-0.27976190476190477	2.0982142857142856	-0.27976190476190477	2.0982142857142856	0	2	90	7.3478807948841188e-16	6.4047619047619051	1	9.0	5.4047619047619051	0.0	-5.5952380952380949	1	1
0.8582630157470703	3	-0.2517857142857143	2.2940476190476193	-0.25178571428571428	2.2940476190476189	0	2	90	7.3478807948841188e-16	6.4047619047619051	1	9.0	5.4047619047619051	0.0	-5.5952380952380949	1	1
0.8748629093170166	3	-0.27976190476190477	2.6297619047619047	-0.27976190476190477	2.6297619047619047	0	2	90	7.3478807948841188e-16	6.4047619047619051	1	9.0	5.4047619047619051	0.0	-5.5952380952380949	1	1
0.8917608261108398	3	-0.27976190476190477	2.7696428571428573	-0.27976190476190477	2.7696428571428573	0	2	90	7.3478807948841188e-16	6.4047619047619051	1	9.0	5.4047619047619051	0.0	-5.5952380952380949	1	1
0.908411979675293	3	-0.30773809523809526	3.0773809523809526	-0.30773809523809526	3.0773809523809526	0	2	90	7.3478807948841188e-16	6.4047619047619051	1	9.0	5.4047619047619051	0.0	-5.5952380952380949	1	1
0.9249429702758789	3	-0.30773809523809526	3.3291666666666657	-0.30773809523809526	3.3291666666666666	0	2	90	7.3478807948841188e-16	6.4047619047619051	1	9.0	5.4047619047619051	0.0	-5.5952380952380949	1	1
0.9415578842163086	3	-0.30773809523809526	3.5529761904761905	-0.30773809523809526	3.5529761904761905	0	2	90	7.3478807948841188e-16	6.4047619047619051	1	9.0	5.4047619047619051	0.0	-5.5952380952380949	1	1
0.9578900337219238	3	-0.30773809523809526	3.6648809523809529	-0.30773809523809526	3.6648809523809525	0	2	90	7.3478807948841188e-16	6.4047619047619051	1	9.0	5.4047619047619051	0.0	-5.5952380952380949	1	1
0.9747569561004639	3	-0.30773809523809526	3.8327380952380956	-0.30773809523809526	3.8327380952380952	0	2	90	7.3478807948841188e-16	6.4047619047619051	1	9.0	5.4047619047619051	0.0	-5.5952380952380949	1	1
0.9912948608398438	3	-0.30773809523809526	3.9166666666666661	-0.30773809523809526	3.9166666666666665	0	2	90	7.3478807948841188e-16	6.4047619047619051	1	9.0	5.4047619047619051	0.0	-5.5952380952380949	1	1
1.007936954498291	3	-0.30773809523809526	4.0845238095238088	-0.30773809523809526	4.0845238095238097	0	2	90	7.3478807948841188e-16	6.4047619047619051	1	9.0	5.4047619047619051	0.0	-5.5952380952380949	1	1
1.0245440006256104	3	-0.30773809523809526	4.2244047619047613	-0.30773809523809526	4.2244047619047622	0	2	90	7.3478807948841188e-16	6.4047619047619051	1	9.0	5.4047619047619051	0.0	-5.5952380952380949	1	1
1.0411298274993896	3	-0.27976190476190477	4.3642857142857139	-0.27976190476190477	4.3642857142857139	0	2	90	7.3478807948841188e-16	6.4047619047619051	1	9.0	5.4047619047619051	0.0	-5.5952380952380949	1	1
1.0572638511657715	3	-0.2517857142857143	4.4202380952380942	-0.25178571428571428	4.4202380952380951	0	2	90	7.3478807948841188e-16	6.4047619047619051	1	9.0	5.4047619047619051	0.0	-5.5952380952380949	1	1
1.073822021484375	3	-0.2517857142857143	4.5321428571428584	-0.25178571428571428	4.5321428571428575	0	2	90	7.3478807948841188e-16	6.4047619047619051	1	9.0	5.4047619047619051	0.0	-5.5952380952380949	1	1
1.0903809070587158	3	-0.2517857142857143	4.5880952380952387	-0.25178571428571428	4.5880952380952378	0	2	90	7.3478807948841188e-16	6.4047619047619051	1	9.0	5.4047619047619051	0.0	-5.5952380952380949	1	1
1.1069738864898682	3	-0.22380952380952382	4.6720238095238091	-0.22380952380952382	4.6720238095238091	0	2	90	7.3478807948841188e-16	6.4047619047619051	1	9.0	5.4047619047619051	0.0	-5.5952380952380949	1	1
1.1236989498138428	3	-0.22380952380952382	4.7559523809523814	-0.22380952380952382	4.7559523809523814	0	2	90	7.3478807948841188e-16	6.4047619047619051	1	9.0	5.4047619047619051	0.0	-5.5952380952380949	1	1
1.140244960784912	3	-0.22380952380952382	4.7839285714285715	-0.22380952380952382	4.7839285714285715	0	2	90	7.3478807948841188e-16	6.4047619047619051	1	9.0	5.4047619047619051	0.0	-5.5952380952380949	1	1
1.1569139957427979	3	-0.19583333333333333	4.8678571428571438	-0.19583333333333333	4.8678571428571429	0	2	90	7.3478807948841188e-16	6.4047619047619051	1	9.0	5.4047619047619051	0.0	-5.5952380952380949	1	1
1.173557996749878	3	-0.19583333333333333	4.9517857142857142	-0.19583333333333333	4.9517857142857142	0	2	90	7.3478807948841188e-16	6.4047619047619051	1	9.0	5.4047619047619051	0.0	-5.5952380952380949	1	1
1.1900370121002197	3	-0.16785714285714284	4.9797619047619044	-0.16785714285714284	4.9797619047619044	0	2	90	7.3478807948841188e-16	6.4047619047619051	1	9.0	5.4047619047619051	0.0	-5.5952380952380949	1	1
1.2068979740142822	3	-0.16785714285714284	5.0357142857142847	-0.16785714285714284	5.0357142857142856	0	2	90	7.3478807948841188e-16	6.4047619047619051	1	9.0	5.4047619047619051	0.0	-5.5952380952380949	1	1
1.2235949039459229	3	-0.13988095238095238	5.1196428571428569	-0.13988095238095238	5.1196428571428569	0	2	90	7.3478807948841188e-16	6.4047619047619051	1	9.0	5.4047619047619051	0.0	-5.5952380952380949	1	1
1.2402269840240479	3	-0.13988095238095238	5.1755952380952372	-0.13988095238095238	5.1755952380952381	0	2	90	7.3478807948841188e-16	6.4047619047619051	1	9.0	5.4047619047619051	0.0	-5.5952380952380949	1	1
1.2567658424377441	3	-0.13988095238095238	5.2035714285714292	-0.13988095238095238	5.2035714285714283	0	2	90	7.3478807948841188e-16	6.4047619047619051	1	9.0	5.4047619047619051	0.0	-5.5952380952380949	1	1
1.2733550071716309	3	-0.13988095238095238	5.2595238095238095	-0.13988095238095238	5.2595238095238095	0	2	90	7.3478807948841188e-16	6.4047619047619051	1	9.0	5.4047619047619051	0.0	-5.5952380952380949	1	1
1.2899448871612549	3	-0.11190476190476191	5.2874999999999996	-0.11190476190476191	5.2874999999999996	0	2	90	7.3478807948841188e-16	6.4047619047619051	1	9.0	5.4047619047619051	0.0	-5.5952380952380949	1	1
1.306520938873291	3	-0.11190476190476191	5.3434523809523817	-0.11190476190476191	5.3434523809523808	0	2	90	7.3478807948841188e-16	6.4047619047619051	1	9.0	5.4047619047619051	0.0	-5.5952380952380949	1	1
1.3231430053710938	3	-0.08392857142857142	5.4273809523809522	-0.083928571428571422	5.4273809523809522	0	2	90	7.3478807948841188e-16	6.4047619047619051	1	9.0	5.4047619047619051	0.0	-5.5952380952380949	1	1
1.3397419452667236	3	-0.08392857142857142	5.4553571428571423	-0.083928571428571422	5.4553571428571432	0	2	90	7.3478807948841188e-16	6.4047619047619051	1	9.0	5.4047619047619051	0.0	-5.5952380952380949	1	1
1.3562839031219482	3	-0.055952380952380955	5.5113095238095227	-0.055952380952380955	5.5113095238095235	0	2	90	7.3478807948841188e-16	6.4047619047619051	1	9.0	5.4047619047619051	0.0	-5.5952380952380949	1	1
1.3726329803466797	3	-0.055952380952380955	5.5672619047619047	-0.055952380952380955	5.5672619047619047	0	2	90	7.3478807948841188e-16	6.4047619047619051	1	9.0	5.4047619047619051	0.0	-5.5952380952380949	1	1
1.3892359733581543	3	-0.055952380952380955	5.5952380952380949	-0.055952380952380955	5.5952380952380949	0	2	90	7.3478807948841188e-16	6.4047619047619051	1	9.0	5.4047619047619051	0.0	-5.5952380952380949	1	1
1.405829906463623	3	-0.055952380952380955	5.6511904761904752	-0.055952380952380955	5.6511904761904761	0	2	90	7.3478807948841188e-16	6.4047619047619051	1	9.0	5.4047619047619051	0.0	-5.5952380952380949	1	1
1.4224510192871094	3	-0.055952380952380955	5.7071428571428573	-0.055952380952380955	5.7071428571428573	0	2	90	7.3478807948841188e-16	6.4047619047619051	1	9.0	5.4047619047619051	0.0	-5.5952380952380949	1	1
1.4390268325805664	3	-0.055952380952380955	5.7351190476190474	-0.055952380952380955	5.7351190476190474	0	2	90	7.3478807948841188e-16	6.4047619047619051	1	9.0	5.4047619047619051	0.0	-5.5952380952380949	1	1
1.4555878639221191	3	-0.055952380952380955	5.7630952380952394	-0.055952380952380955	5.7630952380952385	0	2	90	7.3478807948841188e-16	6.4047619047619051	1	9.0	5.4047619047619051	0.0	-5.5952380952380949	1	1
1.4721529483795166	3	-0.055952380952380955	5.7910714285714278	-0.055952380952380955	5.7910714285714286	0	2	90	7.3478807948841188e-16	6.4047619047619051	1	9.0	5.4047619047619051	0.0	-5.5952380952380949	1	1
1.4887750148773193	3	-0.055952380952380955	5.8470238095238098	-0.055952380952380955	5.8470238095238098	0	2	90	7.3478807948841188e-16	6.4047619047619051	1	9.0	5.4047619047619051	0.0	-5.5952380952380949	1	1
1.5054450035095215	3	-0.055952380952380955	5.875	-0.055952380952380955	5.875	0	2	90	7.3478807948841188e-16	6.4047619047619051	1	9.0	5.4047619047619051	0.0	-5.5952380952380949	1	1
1.5220978260040283	3	-0.055952380952380955	5.9029761904761902	-0.055952380952380955	5.9029761904761902	0	2	90	7.3478807948841188e-16	6.4047619047619051	1	9.0	5.4047619047619051	0.0	-5.5952380952380949	1	1
1.5389058589935303	3	-0.055952380952380955	5.9029761904761902	-0.055952380952380955	5.9029761904761902	0	2	90	7.3478807948841188e-16	6.4047619047619051	1	9.0	5.4047619047619051	0.0	-5.5952380952380949	1	1
1.555516004562378	3	-0.055952380952380955	5.9589285714285722	-0.055952380952380955	5.9589285714285714	0	2	90	7.3478807948841188e-16	6.4047619047619051	1	9.0	5.4047619047619051	0.0	-5.5952380952380949	1	1
1.5721569061279297	3	-0.055952380952380955	5.9869047619047606	-0.055952380952380955	5.9869047619047615	0	2	90	7.3478807948841188e-16	6.4047619047619051	1	9.0	5.4047619047619051	0.0	-5.5952380952380949	1	1
1.5886919498443604	3	-0.055952380952380955	6.0148809523809526	-0.055952380952380955	6.0148809523809526	0	2	90	7.3478807948841188e-16	6.4047619047619051	1	9.0	5.4047619047619051	0.0	-5.5952380952380949	1	1
1.605299949645996	3	-0.027976190476190477	6.0708333333333329	-0.027976190476190477	6.0708333333333337	0	2	90	7.3478807948841188e-16	6.4047619047619051	1	9.0	5.4047619047619051	0.0	-5.5952380952380949	1	1
1.6220118999481201	3	-0.027976190476190477	6.0988095238095248	-0.027976190476190477	6.0988095238095239	0	2	90	7.3478807948841188e-16	6.4047619047619051	1	9.0	5.4047619047619051	0.0	-5.5952380952380949	1	1
1.6384899616241455	3	0.0	6.0988095238095248	0.0	6.0988095238095239	0	2	90	7.3478807948841188e-16	6.4047619047619051	1	9.0	5.4047619047619051	0.0	-5.5952380952380949	1	1
1.6550970077514648	3	0.0	6.0988095238095248	0.0	6.0988095238095239	0	2	90	7.3478807948841188e-16	6.4047619047619051	1	9.0	5.4047619047619051	0.0	-5.5952380952380949	1	1
1.6716868877410889	3	0.0	6.1267857142857132	0.0	6.1267857142857141	0	2	90	7.3478807948841188e-16	6.4047619047619051	1	9.0	5.4047619047619051	0.0	-5.5952380952380949	1	1
1.6882729530334473	3	0.0	6.1267857142857132	0.0	6.1267857142857141	0	2	90	7.3478807948841188e-16	6.4047619047619051	1	9.0	5.4047619047619051	0.0	-5.5952380952380949	1	1
1.7045979499816895	3	0.0	6.1267857142857132	0.0	6.1267857142857141	0	2	90	7.3478807948841188e-16	6.4047619047619051	1	9.0	5.4047619047619051	0.0	-5.5952380952380949	1	1
1.7212498188018799	3	0.0	6.1267857142857132	0.0	6.1267857142857141	0	2	90	7.3478807948841188e-16	6.4047619047619051	1	9.0	5.4047619047619051	0.0	-5.5952380952380949	1	1
1.7378528118133545	3	0.0	6.1267857142857132	0.0	6.1267857142857141	0	2	90	7.3478807948841188e-16	6.4047619047619051	1	9.0	5.4047619047619051	0.0	-5.5952380952380949	1	1
1.7543869018554688	3	0.0	6.1267857142857132	0.0	6.1267857142857141	0	2	90	7.3478807948841188e-16	6.4047619047619051	1	9.0	5.4047619047619051	0.0	-5.5952380952380949	1	1
1.7709898948669434	3	0.0	6.1267857142857132	0.0	6.1267857142857141	0	2	90	7.3478807948841188e-16	6.4047619047619051	1	9.0	5.4047619047619051	0.0	-5.5952380952380949	1	1
1.7875490188598633	3	0.027976190476190477	6.0988095238095248	0.027976190476190477	6.0988095238095239	0	2	90	7.3478807948841188e-16	6.4047619047619051	1	9.0	5.4047619047619051	0.0	-5.5952380952380949	1	1
1.8041558265686035	3	0.08392857142857142	6.1267857142857132	0.083928571428571422	6.1267857142857141	0	2	90	7.3478807948841188e-16	6.4047619047619051	1	9.0	5.4047619047619051	0.0	-5.5952380952380949	1	1
1.820739984512329	3	0.16785714285714284	6.1267857142857132	0.16785714285714284	6.1267857142857141	0	2	90	7.3478807948841188e-16	6.4047619047619051	1	9.0	5.4047619047619051	0.0	-5.5952380952380949	1	1
1.8374528884887695	3	0.22380952380952382	6.1267857142857132	0.22380952380952382	6.1267857142857141	0	2	90	7.3478807948841188e-16	6.4047619047619051	1	9.0	5.4047619047619051	0.0	-5.5952380952380949	1	1
1.8541100025177002	3	0.3357142857142857	6.1547619047619051	0.33571428571428569	6.1547619047619051	0	2	90	7.3478807948841188e-16	6.4047619047619051	1	9.0	5.4047619047619051	0.0	-5.5952380952380949	1	1
1.870755910873413	3	0.39166666666666666	6.1547619047619051	0.39166666666666666	6.1547619047619051	0	2	90	7.3478807948841188e-16	6.4047619047619051	1	9.0	5.4047619047619051	0.0	-5.5952380952380949	1	1
1.8873848915100098	3	0.47559523809523807	6.1547619047619051	0.47559523809523807	6.1547619047619051	0	2	90	7.3478807948841188e-16	6.4047619047619051	1	9.0	5.4047619047619051	0.0	-5.5952380952380949	1	1
1.904033899307251	3	0.531547619047619	6.1827380952380953	0.53154761904761905	6.1827380952380953	0	2	90	7.3478807948841188e-16	6.4047619047619051	1	9.0	5.4047619047619051	0.0	-5.5952380952380949	1	1
1.9206018447875977	3	0.5595238095238095	6.1827380952380953	0.55952380952380953	6.1827380952380953	0	2	90	7.3478807948841188e-16	6.4047619047619051	1	9.0	5.4047619047619051	0.0	-5.5952380952380949	1	1
1.9372749328613281	3	0.5875	6.1827380952380953	0.58750000000000002	6.1827380952380953	0	2	90	7.3478807948841188e-16	6.4047619047619051	1	9.0	5.4047619047619051	0.0	-5.5952380952380949	1	1
1.9536759853363037	3	0.6154761904761905	6.1827380952380953	0.61547619047619051	6.1827380952380953	0	2	90	7.3478807948841188e-16	6.4047619047619051	1	9.0	5.4047619047619051	0.0	-5.5952380952380949	1	1
1.9703998565673828	3	0.643452380952381	6.2107142857142854	0.643452380952381	6.2107142857142854	0	2	90	7.3478807948841188e-16	6.4047619047619051	1	9.0	5.4047619047619051	0.0	-5.5952380952380949	1	1
1.9869489669799805	3	0.6994047619047619	6.2107142857142854	0.69940476190476186	6.2107142857142854	0	2	90	7.3478807948841188e-16	6.4047619047619051	1	9.0	5.4047619047619051	0.0	-5.5952380952380949	1	1
2.003530979156494	3	0.7833333333333333	6.2107142857142854	0.78333333333333333	6.2107142857142854	0	2	90	7.3478807948841188e-16	6.4047619047619051	1	9.0	5.4047619047619051	0.0	-5.5952380952380949	1	1
2.0198588371276855	3	0.8113095238095238	6.2107142857142854	0.81130952380952381	6.2107142857142854	0	2	90	7.3478807948841188e-16	6.4047619047619051	1	9.0	5.4047619047619051	0.0	-5.5952380952380949	1	1
2.036545991897583	3	0.8672619047619048	6.2107142857142854	0.86726190476190479	6.2107142857142854	0	2	90	7.3478807948841188e-16	6.4047619047619051	1	9.0	5.4047619047619051	0.0	-5.5952380952380949	1	1
2.0530619621276855	3	0.8952380952380953	6.2386904761904773	0.89523809523809528	6.2386904761904765	0	2	90	7.3478807948841188e-16	6.4047619047619051	1	9.0	5.4047619047619051	0.0	-5.5952380952380949	1	1
2.0696518421173096	3	0.8952380952380953	6.2386904761904773	0.89523809523809528	6.2386904761904765	0	2	90	7.3478807948841188e-16	6.4047619047619051	1	9.0	5.4047619047619051	0.0	-5.5952380952380949	1	1
2.086221933364868	3	0.9232142857142858	6.2386904761904773	0.92321428571428577	6.2386904761904765	0	2	90	7.3478807948841188e-16	6.4047619047619051	1	9.0	5.4047619047619051	0.0	-5.5952380952380949	1	1
2.102874994277954	3	0.9232142857142858	6.2386904761904773	0.92321428571428577	6.2386904761904765	0	2	90	7.3478807948841188e-16	6.4047619047619051	1	9.0	5.4047619047619051	0.0	-5.5952380952380949	1	1
2.119415044784546	3	0.9232142857142858	6.2386904761904773	0.92321428571428577	6.2386904761904765	0	2	90	7.3478807948841188e-16	6.4047619047619051	1	9.0	5.4047619047619051	0.0	-5.5952380952380949	1	1
2.136096954345703	3	0.8952380952380953	6.2386904761904773	0.89523809523809528	6.2386904761904765	0	2	90	7.3478807948841188e-16	6.4047619047619051	1	9.0	5.4047619047619051	0.0	-5.5952380952380949	1	1
2.1526548862457275	3	0.8952380952380953	6.2386904761904773	0.89523809523809528	6.2386904761904765	0	2	90	7.3478807948841188e-16	6.4047619047619051	1	9.0	5.4047619047619051	0.0	-5.5952380952380949	1	1
2.1693010330200195	3	0.8952380952380953	6.2386904761904773	0.89523809523809528	6.2386904761904765	0	2	90	7.3478807948841188e-16	6.4047619047619051	1	9.0	5.4047619047619051	0.0	-5.5952380952380949	1	1
2.1860129833221436	3	0.8392857142857143	6.2386904761904773	0.8392857142857143	6.2386904761904765	0	2	90	7.3478807948841188e-16	6.4047619047619051	1	9.0	5.4047619047619051	0.0	-5.5952380952380949	1	1
2.2026708126068115	3	0.8113095238095238	6.2666666666666657	0.81130952380952381	6.2666666666666666	0	2	90	7.3478807948841188e-16	6.4047619047619051	1	9.0	5.4047619047619051	0.0	-5.5952380952380949	1	1
2.2192699909210205	3	0.7273809523809524	6.2666666666666657	0.72738095238095235	6.2666666666666666	0	2	90	7.3478807948841188e-16	6.4047619047619051	1	9.0	5.4047619047619051	0.0	-5.5952380952380949	1	1
2.235966920852661	3	0.643452380952381	6.2946428571428577	0.643452380952381	6.2946428571428568	0	2	90	7.3478807948841188e-16	6.4047619047619051	1	9.0	5.4047619047619051	0.0	-5.5952380952380949	1	1
2.252465009689331	3	0.531547619047619	6.2946428571428577	0.53154761904761905	6.2946428571428568	0	2	90	7.3478807948841188e-16	6.4047619047619051	1	9.0	5.4047619047619051	0.0	-5.5952380952380949	1	1
2.2690629959106445	3	0.5035714285714286	6.2946428571428577	0.50357142857142856	6.2946428571428568	0	2	90	7.3478807948841188e-16	6.4047619047619051	1	9.0	5.4047619047619051	0.0	-5.5952380952380949	1	1
2.2856619358062744	3	0.41964285714285715	6.2946428571428577	0.41964285714285715	6.2946428571428568	0	2	90	7.3478807948841188e-16	6.4047619047619051	1	9.0	5.4047619047619051	0.0	-5.5952380952380949	1	1
2.302306890487671	3	0.39166666666666666	6.2946428571428577	0.39166666666666666	6.2946428571428568	0	2	90	7.3478807948841188e-16	6.4047619047619051	1	9.0	5.4047619047619051	0.0	-5.5952380952380949	1	1
2.31880784034729	3	0.3357142857142857	6.2946428571428577	0.33571428571428569	6.2946428571428568	0	2	90	7.3478807948841188e-16	6.4047619047619051	1	9.0	5.4047619047619051	0.0	-5.5952380952380949	1	1
2.335507869720459	3	0.27976190476190477	6.2946428571428577	0.27976190476190477	6.2946428571428568	0	2	90	7.3478807948841188e-16	6.4047619047619051	1	9.0	5.4047619047619051	0.0	-5.5952380952380949	1	1
2.3517849445343018	3	0.2517857142857143	6.2946428571428577	0.25178571428571428	6.2946428571428568	0	2	90	7.3478807948841188e-16	6.4047619047619051	1	9.0	5.4047619047619051	0.0	-5.5952380952380949	1	1
2.3683998584747314	3	0.19583333333333333	6.2946428571428577	0.19583333333333333	6.2946428571428568	0	2	90	7.3478807948841188e-16	6.4047619047619051	1	9.0	5.4047619047619051	0.0	-5.5952380952380949	1	1
2.3849599361419678	3	0.19583333333333333	6.2946428571428577	0.19583333333333333	6.2946428571428568	0	2	90	7.3478807948841188e-16	6.4047619047619051	1	9.0	5.4047619047619051	0.0	-5.5952380952380949	1	1
2.4015419483184814	3	0.19583333333333333	6.2946428571428577	0.19583333333333333	6.2946428571428568	0	2	90	7.3478807948841188e-16	6.4047619047619051	1	9.0	5.4047619047619051	0.0	-5.5952380952380949	1	1
2.418133020401001	3	0.16785714285714284	6.2946428571428577	0.16785714285714284	6.2946428571428568	0	2	90	7.3478807948841188e-16	6.4047619047619051	1	9.0	5.4047619047619051	0.0	-5.5952380952380949	1	1
2.4348490238189697	3	0.16785714285714284	6.2946428571428577	0.16785714285714284	6.2946428571428568	0	2	90	7.3478807948841188e-16	6.4047619047619051	1	9.0	5.4047619047619051	0.0	-5.5952380952380949	1	1
2.4513139724731445	3	0.16785714285714284	6.2946428571428577	0.16785714285714284	6.2946428571428568	0	2	90	7.3478807948841188e-16	6.4047619047619051	1	9.0	5.4047619047619051	0.0	-5.5952380952380949	1	1
2.467928886413574	3	0.19583333333333333	6.2946428571428577	0.19583333333333333	6.2946428571428568	0	2	90	7.3478807948841188e-16	6.4047619047619051	1	9.0	5.4047619047619051	0.0	-5.5952380952380949	1	1
2.484522819519043	3	0.19583333333333333	6.2946428571428577	0.19583333333333333	6.2946428571428568	0	2	90	7.3478807948841188e-16	6.4047619047619051	1	9.0	5.4047619047619051	0.0	-5.5952380952380949	1	1
2.5014050006866455	3	0.19583333333333333	6.2946428571428577	0.19583333333333333	6.2946428571428568	0	2	90	7.3478807948841188e-16	6.4047619047619051	1	9.0	5.4047619047619051	0.0	-5.5952380952380949	1	1
2.5178699493408203	3	0.19583333333333333	6.2946428571428577	0.19583333333333333	6.2946428571428568	0	2	90	7.3478807948841188e-16	6.4047619047619051	1	9.0	5.4047619047619051	0.0	-5.5952380952380949	1	1
2.534587860107422	3	0.19583333333333333	6.2946428571428577	0.19583333333333333	6.2946428571428568	0	2	90	7.3478807948841188e-16	6.4047619047619051	1	9.0	5.4047619047619051	0.0	-5.5952380952380949	1	1
2.5512149333953857	3	0.19583333333333333	6.2946428571428577	0.19583333333333333	6.2946428571428568	0	2	90	7.3478807948841188e-16	6.4047619047619051	1	9.0	5.4047619047619051	0.0	-5.5952380952380949	1	1
2.5678069591522217	3	0.19583333333333333	6.2946428571428577	0.19583333333333333	6.2946428571428568	0	2	90	7.3478807948841188e-16	6.4047619047619051	1	9.0	5.4047619047619051	0.0	-5.5952380952380949	1	1
2.584373950958252	3	0.19583333333333333	6.2946428571428577	0.19583333333333333	6.2946428571428568	0	2	90	7.3478807948841188e-16	6.4047619047619051	1	9.0	5.4047619047619051	0.0	-5.5952380952380949	1	1
2.600961923599243	3	0.19583333333333333	6.2946428571428577	0.19583333333333333	6.2946428571428568	0	2	90	7.3478807948841188e-16	6.4047619047619051	1	9.0	5.4047619047619051	0.0	-5.5952380952380949	1	1
2.617607831954956	3	0.19583333333333333	6.2946428571428577	0.19583333333333333	6.2946428571428568	0	2	90	7.3478807948841188e-16	6.4047619047619051	1	9.0	5.4047619047619051	0.0	-5.5952380952380949	1	1
2.6341888904571533	3	0.19583333333333333	6.2946428571428577	0.19583333333333333	6.2946428571428568	0	2	90	7.3478807948841188e-16	6.4047619047619051	1	9.0	5.4047619047619051	0.0	-5.5952380952380949	1	1
2.6507630348205566	3	0.19583333333333333	6.2946428571428577	0.19583333333333333	6.2946428571428568	0	2	90	7.3478807948841188e-16	6.4047619047619051	1	9.0	5.4047619047619051	0.0	-5.5952380952380949	1	1
2.66707181930542	3	0.19583333333333333	6.2946428571428577	0.19583333333333333	6.2946428571428568	0	2	90	7.3478807948841188e-16	6.4047619047619051	1	9.0	5.4047619047619051	0.0	-5.5952380952380949	1	1
2.6836459636688232	3	0.19583333333333333	6.2946428571428577	0.19583333333333333	6.2946428571428568	0	2	90	7.3478807948841188e-16	6.4047619047619051	1	9.0	5.4047619047619051	0.0	-5.5952380952380949	1	1
2.700295925140381	3	0.19583333333333333	6.2946428571428577	0.19583333333333333	6.2946428571428568	0	2	90	7.3478807948841188e-16	6.4047619047619051	1	9.0	5.4047619047619051	0.0	-5.5952380952380949	1	1
2.716856002807617	3	0.19583333333333333	6.2946428571428577	0.19583333333333333	6.2946428571428568	0	2	90	7.3478807948841188e-16	6.4047619047619051	1	9.0	5.4047619047619051	0.0	-5.5952380952380949	1	1
2.7334189414978027	3	0.19583333333333333	6.2946428571428577	0.19583333333333333	6.2946428571428568	0	2	90	7.3478807948841188e-16	6.4047619047619051	1	9.0	5.4047619047619051	0.0	-5.5952380952380949	1	1
2.750077962875366	3	0.19583333333333333	6.2946428571428577	0.19583333333333333	6.2946428571428568	0	2	90	7.3478807948841188e-16	6.4047619047619051	1	9.0	5.4047619047619051	0.0	-5.5952380952380949	1	1
2.766662836074829	3	0.19583333333333333	6.2946428571428577	0.19583333333333333	6.2946428571428568	0	2	90	7.3478807948841188e-16	6.4047619047619051	1	9.0	5.4047619047619051	0.0	-5.5952380952380949	1	1
2.7831928730010986	3	0.19583333333333333	6.2946428571428577	0.19583333333333333	6.2946428571428568	0	2	90	7.3478807948841188e-16	6.4047619047619051	1	9.0	5.4047619047619051	0.0	-5.5952380952380949	1	1
2.7997899055480957	3	0.19583333333333333	6.2946428571428577	0.19583333333333333	6.2946428571428568	0	2	90	7.3478807948841188e-16	6.4047619047619051	1	9.0	5.4047619047619051	0.0	-5.5952380952380949	1	1
2.8163869380950928	3	0.19583333333333333	6.2946428571428577	0.19583333333333333	6.2946428571428568	0	2	90	7.3478807948841188e-16	6.4047619047619051	1	9.0	5.4047619047619051	0.0	-5.5952380952380949	1	1
2.833284854888916	3	0.19583333333333333	6.2946428571428577	0.19583333333333333	6.2946428571428568	0	2	90	7.3478807948841188e-16	6.4047619047619051	1	9.0	5.4047619047619051	0.0	-5.5952380952380949	1	1
2.849958896636963	3	0.19583333333333333	6.2946428571428577	0.19583333333333333	6.2946428571428568	0	2	90	7.3478807948841188e-16	6.4047619047619051	1	9.0	5.4047619047619051	0.0	-5.5952380952380949	1	1
2.8663909435272217	3	0.19583333333333333	6.2946428571428577	0.19583333333333333	6.2946428571428568	0	2	90	7.3478807948841188e-16	6.4047619047619051	1	9.0	5.4047619047619051	0.0	-5.5952380952380949	1	1
2.8830180168151855	3	0.19583333333333333	6.2946428571428577	0.19583333333333333	6.2946428571428568	0	2	90	7.3478807948841188e-16	6.4047619047619051	1	9.0	5.4047619047619051	0.0	-5.5952380952380949	1	1
2.899657964706421	3	0.19583333333333333	6.2946428571428577	0.19583333333333333	6.2946428571428568	0	2	90	7.3478807948841188e-16	6.4047619047619051	1	9.0	5.4047619047619051	0.0	-5.5952380952380949	1	1
2.9162049293518066	3	0.19583333333333333	6.2946428571428577	0.19583333333333333	6.2946428571428568	0	3	90	7.3478807948841188e-16	6.4047619047619051	1	9.0	5.4047619047619051	0.0	-5.5952380952380949	1	1
2.932813882827759	3	0.19583333333333333	6.2946428571428577	0.19583333333333333	6.2946428571428568	0	4	90	7.3478807948841188e-16	6.4047619047619051	1	9.0	5.4047619047619051	0.0	-5.5952380952380949	1	1
2.9494669437408447	3	0.19583333333333333	6.2946428571428577	0.19583333333333333	6.2946428571428568	0	4	90	7.3478807948841188e-16	6.4047619047619051	1	9.0	5.4047619047619051	0.0	-5.5952380952380949	1	1
2.965958833694458	3	0.19583333333333333	6.2946428571428577	0.19583333333333333	6.2946428571428568	0	4	90	7.3478807948841188e-16	6.4047619047619051	1	9.0	5.4047619047619051	0.0	-5.5952380952380949	1	1
2.9823079109191895	3	0.19583333333333333	6.2946428571428577	0.19583333333333333	6.2946428571428568	0	4	90	7.3478807948841188e-16	6.4047619047619051	1	9.0	5.4047619047619051	0.0	-5.5952380952380949	1	1
2.9989309310913086	3	0.19583333333333333	6.2946428571428577	0.19583333333333333	6.2946428571428568	0	4	90	7.3478807948841188e-16	6.4047619047619051	1	9.0	5.4047619047619051	0.0	-5.5952380952380949	1	1
3.015476942062378	3	0.19583333333333333	6.2946428571428577	0.19583333333333333	6.2946428571428568	0	4	90	7.3478807948841188e-16	6.4047619047619051	1	9.0	5.4047619047619051	0.0	-5.5952380952380949	1	1
3.0321288108825684	3	0.19583333333333333	6.2946428571428577	0.19583333333333333	6.2946428571428568	0	4	90	7.3478807948841188e-16	6.4047619047619051	1	9.0	5.4047619047619051	0.0	-5.5952380952380949	1	1
3.0488128662109375	3	0.19583333333333333	6.2946428571428577	0.19583333333333333	6.2946428571428568	0	4	90	7.3478807948841188e-16	6.4047619047619051	1	9.0	5.4047619047619051	0.0	-5.5952380952380949	1	1
3.0653209686279297	3	0.19583333333333333	6.2946428571428577	0.19583333333333333	6.2946428571428568	0	4	90	7.3478807948841188e-16	6.4047619047619051	1	9.0	5.4047619047619051	0.0	-5.5952380952380949	1	1
3.0818920135498047	3	0.19583333333333333	6.2946428571428577	0.19583333333333333	6.2946428571428568	0	4	90	7.3478807948841188e-16	6.4047619047619051	1	9.0	5.4047619047619051	0.0	-5.5952380952380949	1	1
3.0985519886016846	3	0.19583333333333333	6.2946428571428577	0.19583333333333333	6.2946428571428568	0	4	90	7.3478807948841188e-16	6.4047619047619051	1	9.0	5.4047619047619051	0.0	-5.5952380952380949	1	1
3.1150898933410645	3	0.25178571428571428	6.2946428571428577	0.25178571428571428	6.2946428571428568	0	4	90	7.3478807948841188e-16	6.4047619047619051	1	9.0	5.4047619047619051	0.0	-5.5952380952380949	1	1
3.1316869258880615	3	0.30773809523809526	6.2946428571428577	0.30773809523809526	6.2946428571428568	0	4	90	7.3478807948841188e-16	6.4047619047619051	1	9.0	5.4047619047619051	0.0	-5.5952380952380949	1	1
3.1483638286590576	3	0.53154761904761905	6.2946428571428577	0.53154761904761905	6.350595238095238	0	4	90	7.3478807948841188e-16	6.4047619047619051	1	9.0	5.4047619047619051	0.0	-5.5952380952380949	1	1
3.1649258136749268	3	0.86726190476190479	6.2946428571428577	0.86726190476190479	6.378571428571429	0	4	90	7.3478807948841188e-16	6.4047619047619051	1	9.0	5.4047619047619051	0.0	-5.5952380952380949	1	1
3.1815009117126465	3	1.0630952380952381	6.2946428571428577	1.0630952380952381	6.4065476190476192	0	4	90	7.3478807948841188e-16	6.4047619047619051	1	9.0	5.4047619047619051	0.0	-5.5952380952380949	1	1
3.1980528831481934	3	1.650595238095238	6.2946428571428577	1.650595238095238	6.4904761904761905	0	4	90	7.3478807948841188e-16	6.4047619047619051	1	9.0	5.4047619047619051	0.0	-5.5952380952380949	1	1
3.214615821838379	3	2.0142857142857142	6.2946428571428577	2.0142857142857142	6.5464285714285717	0	4	90	7.3478807948841188e-16	6.4047619047619051	1	9.0	5.4047619047619051	0.0	-5.5952380952380949	1	1
3.2312328815460205	3	2.7976190476190474	6.2946428571428577	2.7976190476190474	6.6303571428571431	0	4	90	7.3478807948841188e-16	6.4047619047619051	1	9.0	5.4047619047619051	0.0	-5.5952380952380949	1	1
3.2479288578033447	3	3.6648809523809525	6.2946428571428577	3.6648809523809525	6.6863095238095234	0	4	90	7.3478807948841188e-16	6.4047619047619051	1	9.0	5.4047619047619051	0.0	-5.5952380952380949	1	1
3.264448881149292	3	4.6720238095238091	6.2946428571428577	4.6720238095238091	6.7702380952380956	0	4	90	7.3478807948841188e-16	6.4047619047619051	1	9.0	5.4047619047619051	0.0	-5.5952380952380949	1	1
3.2810380458831787	3	5.2035714285714283	6.2946428571428577	5.2035714285714283	6.7982142857142858	0	4	90	7.3478807948841188e-16	6.4047619047619051	1	9.0	5.4047619047619051	0.0	-5.5952380952380949	1	1
3.2976789474487305	3	6.2386904761904765	6.2946428571428577	6.2386904761904765	6.8261904761904759	0	4	90	7.3478807948841188e-16	6.4047619047619051	1	9.0	5.4047619047619051	0.0	-5.5952380952380949	1	1
3.314211845397949	3	6.6863095238095234	6.2946428571428577	6.6863095238095234	6.8261904761904759	0	4	90	7.3478807948841188e-16	6.4047619047619051	1	9.0	5.4047619047619051	0.0	-5.5952380952380949	1	1
3.3307669162750244	3	7.4696428571428575	6.2946428571428577	7.4696428571428575	6.8261904761904759	0	4	90	7.3478807948841188e-16	6.4047619047619051	1	9.0	5.4047619047619051	0.0	-5.5952380952380949	1	1
3.3475019931793213	3	8.057142857142857	6.7702380952380956	8.0571428571428569	6.7702380952380956	0	4	90	7.3478807948841188e-16	6.4047619047619051	1	9.0	5.4047619047619051	0.0	-5.5952380952380949	1	1
3.364071846008301	3	8.420833333333333	6.6863095238095234	8.4208333333333325	6.6863095238095234	0	4	90	7.3478807948841188e-16	6.4047619047619051	1	9.0	5.4047619047619051	0.0	-5.5952380952380949	1	1
3.380607843399048	3	8.532738095238095	6.6303571428571431	8.5327380952380949	6.6303571428571431	0	4	90	7.3478807948841188e-16	6.4047619047619051	1	9.0	5.4047619047619051	0.0	-5.5952380952380949	1	1
3.397199869155884	3	8.644642857142857	6.5184523809523807	8.6446428571428573	6.5184523809523807	0	4	90	7.3478807948841188e-16	6.4047619047619051	1	9.0	5.4047619047619051	0.0	-5.5952380952380949	1	1
3.4137799739837646	3	8.644642857142857	6.4345238095238102	8.6446428571428573	6.4345238095238093	0	5	90	7.3478807948841188e-16	6.4047619047619051	1	9.0	5.4047619047619051	0.0	-5.5952380952380949	1	1
3.4304189682006836	3	8.616666666666667	6.2386904761904773	8.6166666666666671	6.2386904761904765	0	5	90	7.3478807948841188e-16	6.4047619047619051	1	9.0	5.4047619047619051	0.0	-5.5952380952380949	1	1
3.4469668865203857	3	8.448809523809524	5.9589285714285722	8.4488095238095244	5.9589285714285714	0	5	90	7.3478807948841188e-16	6.4047619047619051	1	9.0	5.4047619047619051	0.0	-5.5952380952380949	1	1
3.4635908603668213	3	8.308928571428572	5.8190476190476197	8.3089285714285719	5.8190476190476188	0	5	90	7.3478807948841188e-16	6.4047619047619051	1	9.0	5.4047619047619051	0.0	-5.5952380952380949	1	1
3.4804348945617676	3	7.861309523809524	5.4273809523809522	7.8613095238095241	5.4273809523809522	0	5	90	7.3478807948841188e-16	6.4047619047619051	1	9.0	5.4047619047619051	0.0	-5.5952380952380949	1	1
3.497046947479248	3	7.329761904761905	4.9797619047619044	7.3297619047619049	4.9797619047619044	0	5	90	7.3478807948841188e-16	6.4047619047619051	1	9.0	5.4047619047619051	0.0	-5.5952380952380949	1	1
3.5136120319366455	3	7.05	4.7279761904761912	7.0499999999999998	4.7279761904761903	0	5	90	7.3478807948841188e-16	6.4047619047619051	1	9.0	5.4047619047619051	0.0	-5.5952380952380949	1	1
3.530207872390747	3	6.434523809523809	4.2244047619047613	6.4345238095238093	4.2244047619047622	0	5	90	7.3478807948841188e-16	6.4047619047619051	1	9.0	5.4047619047619051	0.0	-5.5952380952380949	1	1
3.5467870235443115	3	5.84702380952381	3.6369047619047628	5.8470238095238098	3.6369047619047619	0	5	90	7.3478807948841188e-16	6.4047619047619051	1	9.0	5.4047619047619051	0.0	-5.5952380952380949	1	1
3.563417911529541	3	5.5113095238095235	3.3571428571428577	5.5113095238095235	3.3571428571428572	0	5	90	7.3478807948841188e-16	6.4047619047619051	1	9.0	5.4047619047619051	0.0	-5.5952380952380949	1	1
3.5800249576568604	3	4.895833333333333	2.7696428571428573	4.895833333333333	2.7696428571428573	0	5	90	7.3478807948841188e-16	6.4047619047619051	1	9.0	5.4047619047619051	0.0	-5.5952380952380949	1	1
3.596566915512085	3	4.2803571428571425	2.1821428571428569	4.2803571428571425	2.1821428571428569	0	5	90	7.3478807948841188e-16	6.4047619047619051	1	9.0	5.4047619047619051	0.0	-5.5952380952380949	1	1
3.613175868988037	3	3.9726190476190477	1.8744047619047617	3.9726190476190477	1.8744047619047619	0	5	90	7.3478807948841188e-16	6.4047619047619051	1	9.0	5.4047619047619051	0.0	-5.5952380952380949	1	1
3.6298298835754395	3	3.413095238095238	1.2589285714285712	3.413095238095238	1.2589285714285714	0	5	90	7.3478807948841188e-16	6.4047619047619051	1	9.0	5.4047619047619051	0.0	-5.5952380952380949	1	1
3.6461219787597656	3	2.8535714285714286	0.64345238095238066	2.8535714285714286	0.643452380952381	0	5	90	7.3478807948841188e-16	6.4047619047619051	1	9.0	5.4047619047619051	0.0	-5.5952380952380949	1	1
3.662789821624756	3	2.601785714285714	0.33571428571428541	2.6017857142857141	0.33571428571428569	0	5	90	7.3478807948841188e-16	6.4047619047619051	1	9.0	5.4047619047619051	0.0	-5.5952380952380949	1	1
3.679313898086548	3	2.0982142857142856	-0.25178571428571406	2.0982142857142856	-0.25178571428571428	0	5	90	7.3478807948841188e-16	6.4047619047619051	1	9.0	5.4047619047619051	0.0	-5.5952380952380949	1	1
3.695920944213867	3	1.874404761904762	-0.55952380952380931	1.8744047619047619	-0.55952380952380953	0	5	90	7.3478807948841188e-16	6.4047619047619051	1	9.0	5.4047619047619051	0.0	-5.5952380952380949	1	1
3.7124760150909424	3	1.4267857142857143	-1.1190476190476186	1.4267857142857143	-1.1190476190476191	0	5	90	7.3478807948841188e-16	6.4047619047619051	1	9.0	5.4047619047619051	0.0	-5.5952380952380949	1	1
3.7290749549865723	3	1.063095238095238	-1.6505952380952378	1.0630952380952381	-1.650595238095238	0	5	90	7.3478807948841188e-16	6.4047619047619051	1	9.0	5.4047619047619051	0.0	-5.5952380952380949	1	1
3.745659828186035	3	0.7273809523809524	-2.1541666666666668	0.72738095238095235	-2.1541666666666668	0	5	90	7.3478807948841188e-16	6.4047619047619051	1	9.0	5.4047619047619051	0.0	-5.5952380952380949	1	1
3.762331962585449	3	0.5875	-2.4059523809523808	0.58750000000000002	-2.4059523809523808	0	5	90	7.3478807948841188e-16	6.4047619047619051	1	9.0	5.4047619047619051	0.0	-5.5952380952380949	1	1
3.778831958770752	3	0.3357142857142857	-2.8815476190476192	0.33571428571428569	-2.8815476190476192	0	5	90	7.3478807948841188e-16	6.4047619047619051	1	9.0	5.4047619047619051	0.0	-5.5952380952380949	1	1
3.7957208156585693	3	0.22380952380952382	-3.0773809523809526	0.22380952380952382	-3.0773809523809526	0	5	90	7.3478807948841188e-16	6.4047619047619051	1	9.0	5.4047619047619051	0.0	-5.5952380952380949	1	1
3.812302827835083	3	0.0	-3.4970238095238093	0.0	-3.4970238095238093	0	5	90	7.3478807948841188e-16	6.4047619047619051	1	9.0	5.4047619047619051	0.0	-5.5952380952380949	1	1
3.8289120197296143	3	-0.19583333333333333	-3.8607142857142858	-0.19583333333333333	-3.8607142857142858	0	5	90	7.3478807948841188e-16	6.4047619047619051	1	9.0	5.4047619047619051	0.0	-5.5952380952380949	1	1
3.8454978466033936	3	-0.3357142857142857	-4.1964285714285712	-0.33571428571428569	-4.1964285714285712	0	5	90	7.3478807948841188e-16	6.4047619047619051	1	9.0	5.4047619047619051	0.0	-5.5952380952380949	1	1
3.862172842025757	3	-0.41964285714285715	-4.3363095238095237	-0.41964285714285715	-4.3363095238095237	0	5	90	7.3478807948841188e-16	6.4047619047619051	1	9.0	5.4047619047619051	0.0	-5.5952380952380949	1	1
3.8786609172821045	3	-0.531547619047619	-4.5880952380952378	-0.53154761904761905	-4.5880952380952378	0	5	90	7.3478807948841188e-16	6.4047619047619051	1	9.0	5.4047619047619051	0.0	-5.5952380952380949	1	1
3.8953068256378174	3	-0.5595238095238095	-4.7279761904761903	-0.55952380952380953	-4.7279761904761903	0	5	90	7.3478807948841188e-16	6.4047619047619051	1	9.0	5.4047619047619051	0.0	-5.5952380952380949	1	1
3.9118900299072266	3	-0.6714285714285714	-4.9517857142857142	-0.67142857142857137	-4.9517857142857142	0	5	90	7.3478807948841188e-16	6.4047619047619051	1	9.0	5.4047619047619051	0.0	-5.5952380952380949	1	1
3.928475856781006	3	-0.7553571428571428	-5.1755952380952381	-0.75535714285714284	-5.1755952380952381	0	5	90	7.3478807948841188e-16	6.4047619047619051	1	9.0	5.4047619047619051	0.0	-5.5952380952380949	1	1
3.9450650215148926	3	-0.8113095238095238	-5.371428571428571	-0.81130952380952381	-5.371428571428571	0	5	90	7.3478807948841188e-16	6.4047619047619051	1	9.0	5.4047619047619051	0.0	-5.5952380952380949	1	1
3.961495876312256	3	-0.8672619047619048	-5.4553571428571432	-0.86726190476190479	-5.4553571428571432	0	5	90	7.3478807948841188e-16	6.4047619047619051	1	9.0	5.4047619047619051	0.0	-5.5952380952380949	1	1
3.978015899658203	3	-0.9232142857142858	-5.5952380952380949	-0.92321428571428577	-5.5952380952380949	0	5	90	7.3478807948841188e-16	6.4047619047619051	1	9.0	5.4047619047619051	0.0	-5.5952380952380949	1	1
3.9945549964904785	3	-0.9511904761904761	-5.6511904761904761	-0.95119047619047614	-5.6511904761904761	0	5	90	7.3478807948841188e-16	6.4047619047619051	1	9.0	5.4047619047619051	0.0	-5.5952380952380949	1	1
4.011119842529297	3	-0.9791666666666666	-5.7071428571428573	-0.97916666666666663	-5.7071428571428573	0	5	90	7.3478807948841188e-16	6.4047619047619051	1	9.0	5.4047619047619051	0.0	-5.5952380952380949	1	1
4.02781081199646	3	-0.9791666666666666	-5.7910714285714286	-0.97916666666666663	-5.7910714285714286	0	5	90	7.3478807948841188e-16	6.4047619047619051	1	9.0	5.4047619047619051	0.0	-5.5952380952380949	1	1
4.044355869293213	3	-1.0071428571428571	-5.875	-1.0071428571428571	-5.875	0	5	90	7.3478807948841188e-16	6.4047619047619051	1	9.0	5.4047619047619051	0.0	-5.5952380952380949	1	1
4.060998916625977	3	-1.0071428571428571	-5.9029761904761902	-1.0071428571428571	-5.9029761904761902	0	5	90	7.3478807948841188e-16	6.4047619047619051	1	9.0	5.4047619047619051	0.0	-5.5952380952380949	1	1
4.0775580406188965	3	-0.9791666666666666	-5.9309523809523812	-0.97916666666666663	-5.9309523809523812	0	5	90	7.3478807948841188e-16	6.4047619047619051	1	9.0	5.4047619047619051	0.0	-5.5952380952380949	1	1
4.093973875045776	3	-0.9791666666666666	-5.9589285714285714	-0.97916666666666663	-5.9589285714285714	0	5	90	7.3478807948841188e-16	6.4047619047619051	1	9.0	5.4047619047619051	0.0	-5.5952380952380949	1	1
4.110491037368774	3	-0.9511904761904761	-5.9589285714285714	-0.95119047619047614	-5.9589285714285714	0	5	90	7.3478807948841188e-16	6.4047619047619051	1	9.0	5.4047619047619051	0.0	-5.5952380952380949	1	1
4.127382040023804	3	-0.9511904761904761	-5.9589285714285714	-0.95119047619047614	-5.9589285714285714	0	5	90	7.3478807948841188e-16	6.4047619047619051	1	9.0	5.4047619047619051	0.0	-5.5952380952380949	1	1
4.144002914428711	3	-0.9511904761904761	-5.9589285714285714	-0.95119047619047614	-5.9589285714285714	0	5	90	7.3478807948841188e-16	6.4047619047619051	1	9.0	5.4047619047619051	0.0	-5.5952380952380949	1	1
4.160784959793091	3	-0.9232142857142858	-5.9309523809523812	-0.92321428571428577	-5.9309523809523812	0	5	90	7.3478807948841188e-16	6.4047619047619051	1	9.0	5.4047619047619051	0.0	-5.5952380952380949	1	1
4.177204847335815	3	-0.8113095238095238	-5.9029761904761902	-0.81130952380952381	-5.9029761904761902	0	5	90	7.3478807948841188e-16	6.4047619047619051	1	9.0	5.4047619047619051	0.0	-5.5952380952380949	1	1
4.193760871887207	3	-0.7273809523809524	-5.875	-0.72738095238095235	-5.875	0	5	90	7.3478807948841188e-16	6.4047619047619051	1	9.0	5.4047619047619051	0.0	-5.5952380952380949	1	1
4.2103190422058105	3	-0.643452380952381	-5.7910714285714286	-0.643452380952381	-5.7910714285714286	0	5	90	7.3478807948841188e-16	6.4047619047619051	1	9.0	5.4047619047619051	0.0	-5.5952380952380949	1	1
4.226982831954956	3	-0.531547619047619	-5.7071428571428573	-0.53154761904761905	-5.7071428571428573	0	5	90	7.3478807948841188e-16	6.4047619047619051	1	9.0	5.4047619047619051	0.0	-5.5952380952380949	1	1
