time	trial	cursorx	cursory	hand_x	hand_Y	rotation	step	targetangle	targetposx	targetposy	garagelocation	garageposx	garageposy	homex	homey	group	trial_type
2.1457672119140625e-06	4	0.027976190476190477	-5.147619047619048	0.027976190476190477	-5.147619047619048	0	5	105	-3.1058285412302502	5.9958718202307253	1	5.8941714587697493	4.9958718202307253	0.0	-5.5952380952380949	1	-1
0.029523134231567383	4	-0.11190476190476191	-5.4833333333333334	-0.11190476190476191	-5.4833333333333334	0	1	105	-3.1058285412302502	5.9958718202307253	1	5.8941714587697493	4.9958718202307253	0.0	-5.5952380952380949	1	-1
0.04611611366271973	4	-0.13988095238095238	-5.5672619047619047	-0.13988095238095238	-5.5672619047619047	0	1	105	-3.1058285412302502	5.9958718202307253	1	5.8941714587697493	4.9958718202307253	0.0	-5.5952380952380949	1	-1
0.06270909309387207	4	-0.16785714285714284	-5.7071428571428573	-0.16785714285714284	-5.7071428571428573	0	1	105	-3.1058285412302502	5.9958718202307253	1	5.8941714587697493	4.9958718202307253	0.0	-5.5952380952380949	1	-1
0.0792989730834961	4	-0.19583333333333333	-5.7630952380952385	-0.19583333333333333	-5.7630952380952385	0	1	105	-3.1058285412302502	5.9958718202307253	1	5.8941714587697493	4.9958718202307253	0.0	-5.5952380952380949	1	-1
0.09602594375610352	4	-0.22380952380952382	-5.9029761904761902	-0.22380952380952382	-5.9029761904761902	0	1	105	-3.1058285412302502	5.9958718202307253	1	5.8941714587697493	4.9958718202307253	0.0	-5.5952380952380949	1	-1
0.11277008056640625	4	-0.2517857142857143	-6.0148809523809526	-0.25178571428571428	-6.0148809523809526	0	1	105	-3.1058285412302502	5.9958718202307253	1	5.8941714587697493	4.9958718202307253	0.0	-5.5952380952380949	1	-1
0.12935996055603027	4	-0.2517857142857143	-6.0708333333333337	-0.25178571428571428	-6.0708333333333337	0	1	105	-3.1058285412302502	5.9958718202307253	1	5.8941714587697493	4.9958718202307253	0.0	-5.5952380952380949	1	-1
0.14598298072814941	4	-0.2517857142857143	-6.0988095238095239	-0.25178571428571428	-6.0988095238095239	0	1	105	-3.1058285412302502	5.9958718202307253	1	5.8941714587697493	4.9958718202307253	0.0	-5.5952380952380949	1	-1
0.1625220775604248	4	-0.2517857142857143	-6.1547619047619051	-0.25178571428571428	-6.1547619047619051	0	1	105	-3.1058285412302502	5.9958718202307253	1	5.8941714587697493	4.9958718202307253	0.0	-5.5952380952380949	1	-1
0.1791369915008545	4	-0.2517857142857143	-6.1827380952380953	-0.25178571428571428	-6.1827380952380953	0	1	105	-3.1058285412302502	5.9958718202307253	1	5.8941714587697493	4.9958718202307253	0.0	-5.5952380952380949	1	-1
0.19576191902160645	4	-0.2517857142857143	-6.2107142857142854	-0.25178571428571428	-6.2107142857142854	0	1	105	-3.1058285412302502	5.9958718202307253	1	5.8941714587697493	4.9958718202307253	0.0	-5.5952380952380949	1	-1
0.21232008934020996	4	-0.2517857142857143	-6.2386904761904765	-0.25178571428571428	-6.2386904761904765	0	1	105	-3.1058285412302502	5.9958718202307253	1	5.8941714587697493	4.9958718202307253	0.0	-5.5952380952380949	1	-1
0.22886300086975098	4	-0.2517857142857143	-6.2386904761904765	-0.25178571428571428	-6.2386904761904765	0	1	105	-3.1058285412302502	5.9958718202307253	1	5.8941714587697493	4.9958718202307253	0.0	-5.5952380952380949	1	-1
0.24553513526916504	4	-0.2517857142857143	-6.2386904761904765	-0.25178571428571428	-6.2386904761904765	0	1	105	-3.1058285412302502	5.9958718202307253	1	5.8941714587697493	4.9958718202307253	0.0	-5.5952380952380949	1	-1
0.2620971202850342	4	-0.2517857142857143	-6.2386904761904765	-0.25178571428571428	-6.2386904761904765	0	1	105	-3.1058285412302502	5.9958718202307253	1	5.8941714587697493	4.9958718202307253	0.0	-5.5952380952380949	1	-1
0.2784240245819092	4	-0.2517857142857143	-6.2386904761904765	-0.25178571428571428	-6.2386904761904765	0	1	105	-3.1058285412302502	5.9958718202307253	1	5.8941714587697493	4.9958718202307253	0.0	-5.5952380952380949	1	-1
0.2949979305267334	4	-0.2517857142857143	-6.2386904761904765	-0.25178571428571428	-6.2386904761904765	0	1	105	-3.1058285412302502	5.9958718202307253	1	5.8941714587697493	4.9958718202307253	0.0	-5.5952380952380949	1	-1
0.31165003776550293	4	-0.2517857142857143	-6.2386904761904765	-0.25178571428571428	-6.2386904761904765	0	1	105	-3.1058285412302502	5.9958718202307253	1	5.8941714587697493	4.9958718202307253	0.0	-5.5952380952380949	1	-1
0.3282129764556885	4	-0.2517857142857143	-6.2386904761904765	-0.25178571428571428	-6.2386904761904765	0	1	105	-3.1058285412302502	5.9958718202307253	1	5.8941714587697493	4.9958718202307253	0.0	-5.5952380952380949	1	-1
0.3448750972747803	4	-0.2517857142857143	-6.2386904761904765	-0.25178571428571428	-6.2386904761904765	0	1	105	-3.1058285412302502	5.9958718202307253	1	5.8941714587697493	4.9958718202307253	0.0	-5.5952380952380949	1	-1
0.36141395568847656	4	-0.2517857142857143	-6.2386904761904765	-0.25178571428571428	-6.2386904761904765	0	1	105	-3.1058285412302502	5.9958718202307253	1	5.8941714587697493	4.9958718202307253	0.0	-5.5952380952380949	1	-1
0.37796902656555176	4	-0.2517857142857143	-6.2386904761904765	-0.25178571428571428	-6.2386904761904765	0	1	105	-3.1058285412302502	5.9958718202307253	1	5.8941714587697493	4.9958718202307253	0.0	-5.5952380952380949	1	-1
0.3945779800415039	4	-0.27976190476190477	-6.2386904761904765	-0.27976190476190477	-6.2386904761904765	0	1	105	-3.1058285412302502	5.9958718202307253	1	5.8941714587697493	4.9958718202307253	0.0	-5.5952380952380949	1	-1
0.4112100601196289	4	-0.27976190476190477	-6.2107142857142854	-0.27976190476190477	-6.2107142857142854	0	1	105	-3.1058285412302502	5.9958718202307253	1	5.8941714587697493	4.9958718202307253	0.0	-5.5952380952380949	1	-1
0.4277839660644531	4	-0.30773809523809526	-6.1827380952380953	-0.30773809523809526	-6.1827380952380953	0	1	105	-3.1058285412302502	5.9958718202307253	1	5.8941714587697493	4.9958718202307253	0.0	-5.5952380952380949	1	-1
0.44463610649108887	4	-0.3357142857142857	-6.1267857142857141	-0.33571428571428569	-6.1267857142857141	0	1	105	-3.1058285412302502	5.9958718202307253	1	5.8941714587697493	4.9958718202307253	0.0	-5.5952380952380949	1	-1
0.46126604080200195	4	-0.39166666666666666	-6.0428571428571427	-0.39166666666666666	-6.0428571428571427	0	1	105	-3.1058285412302502	5.9958718202307253	1	5.8941714587697493	4.9958718202307253	0.0	-5.5952380952380949	1	-1
0.4778780937194824	4	-0.44761904761904764	-5.9869047619047615	-0.44761904761904764	-5.9869047619047615	0	1	105	-3.1058285412302502	5.9958718202307253	1	5.8941714587697493	4.9958718202307253	0.0	-5.5952380952380949	1	-1
0.494387149810791	4	-0.5595238095238095	-5.7910714285714286	-0.55952380952380953	-5.7910714285714286	0	1	105	-3.1058285412302502	5.9958718202307253	1	5.8941714587697493	4.9958718202307253	0.0	-5.5952380952380949	1	-1
0.5110640525817871	4	-0.6154761904761905	-5.7071428571428573	-0.61547619047619051	-5.7071428571428573	0	1	105	-3.1058285412302502	5.9958718202307253	1	5.8941714587697493	4.9958718202307253	0.0	-5.5952380952380949	1	-1
0.5276260375976562	4	-0.7273809523809524	-5.4553571428571432	-0.72738095238095235	-5.4553571428571432	0	1	105	-3.1058285412302502	5.9958718202307253	1	5.8941714587697493	4.9958718202307253	0.0	-5.5952380952380949	1	-1
0.5442349910736084	4	-0.8672619047619048	-5.2035714285714283	-0.86726190476190479	-5.2035714285714283	0	1	105	-3.1058285412302502	5.9958718202307253	1	5.8941714587697493	4.9958718202307253	0.0	-5.5952380952380949	1	-1
0.560819149017334	4	-1.0071428571428571	-4.8678571428571429	-1.0071428571428571	-4.8678571428571429	0	1	105	-3.1058285412302502	5.9958718202307253	1	5.8941714587697493	4.9958718202307253	0.0	-5.5952380952380949	1	-1
0.5774240493774414	4	-1.0910714285714285	-4.7000000000000002	-1.0910714285714285	-4.7000000000000002	0	1	105	-3.1058285412302502	5.9958718202307253	1	5.8941714587697493	4.9958718202307253	0.0	-5.5952380952380949	1	-1
0.5939769744873047	4	-1.2589285714285714	-4.3363095238095237	-1.2589285714285714	-4.3363095238095237	0	1	105	-3.1058285412302502	5.9958718202307253	1	5.8941714587697493	4.9958718202307253	0.0	-5.5952380952380949	1	-1
0.6103699207305908	4	-1.3428571428571427	-4.1404761904761909	-1.3428571428571427	-4.1404761904761909	0	1	105	-3.1058285412302502	5.9958718202307253	1	5.8941714587697493	4.9958718202307253	0.0	-5.5952380952380949	1	-1
0.6269071102142334	4	-1.5666666666666667	-3.7208333333333332	-1.5666666666666667	-3.7208333333333332	0	1	105	-3.1058285412302502	5.9958718202307253	1	5.8941714587697493	4.9958718202307253	0.0	-5.5952380952380949	1	-1
0.6434719562530518	4	-1.7625	-3.301190476190476	-1.7625	-3.301190476190476	0	1	105	-3.1058285412302502	5.9958718202307253	1	5.8941714587697493	4.9958718202307253	0.0	-5.5952380952380949	1	-1
0.6601121425628662	4	-1.9863095238095239	-2.825595238095238	-1.9863095238095239	-2.825595238095238	0	2	105	-3.1058285412302502	5.9958718202307253	1	5.8941714587697493	4.9958718202307253	0.0	-5.5952380952380949	1	-1
0.6767210960388184	4	-2.0982142857142856	-2.573809523809524	-2.0982142857142856	-2.573809523809524	0	2	105	-3.1058285412302502	5.9958718202307253	1	5.8941714587697493	4.9958718202307253	0.0	-5.5952380952380949	1	-1
0.6932950019836426	4	-2.3220238095238095	-2.0702380952380954	-2.3220238095238095	-2.0702380952380954	0	2	105	-3.1058285412302502	5.9958718202307253	1	5.8941714587697493	4.9958718202307253	0.0	-5.5952380952380949	1	-1
0.7099471092224121	4	-2.4339285714285714	-1.7904761904761903	-2.4339285714285714	-1.7904761904761906	0	2	105	-3.1058285412302502	5.9958718202307253	1	5.8941714587697493	4.9958718202307253	0.0	-5.5952380952380949	1	-1
0.7265009880065918	4	-2.6297619047619047	-1.2589285714285712	-2.6297619047619047	-1.2589285714285714	0	2	105	-3.1058285412302502	5.9958718202307253	1	5.8941714587697493	4.9958718202307253	0.0	-5.5952380952380949	1	-1
0.7430820465087891	4	-2.7696428571428573	-0.67142857142857171	-2.7696428571428573	-0.67142857142857137	0	2	105	-3.1058285412302502	5.9958718202307253	1	5.8941714587697493	4.9958718202307253	0.0	-5.5952380952380949	1	-1
0.7599599361419678	4	-2.7976190476190474	-0.36369047619047645	-2.7976190476190474	-0.36369047619047618	0	2	105	-3.1058285412302502	5.9958718202307253	1	5.8941714587697493	4.9958718202307253	0.0	-5.5952380952380949	1	-1
0.776515007019043	4	-2.9095238095238094	0.2238095238095239	-2.9095238095238094	0.22380952380952382	0	2	105	-3.1058285412302502	5.9958718202307253	1	5.8941714587697493	4.9958718202307253	0.0	-5.5952380952380949	1	-1
0.7931370735168457	4	-2.9934523809523808	0.78333333333333321	-2.9934523809523808	0.78333333333333333	0	2	105	-3.1058285412302502	5.9958718202307253	1	5.8941714587697493	4.9958718202307253	0.0	-5.5952380952380949	1	-1
0.8097779750823975	4	-3.049404761904762	1.0630952380952383	-3.049404761904762	1.0630952380952381	0	2	105	-3.1058285412302502	5.9958718202307253	1	5.8941714587697493	4.9958718202307253	0.0	-5.5952380952380949	1	-1
0.8263051509857178	4	-3.1333333333333333	1.5946428571428575	-3.1333333333333333	1.5946428571428573	0	2	105	-3.1058285412302502	5.9958718202307253	1	5.8941714587697493	4.9958718202307253	0.0	-5.5952380952380949	1	-1
0.8428819179534912	4	-3.2172619047619047	2.0982142857142856	-3.2172619047619047	2.0982142857142856	0	2	105	-3.1058285412302502	5.9958718202307253	1	5.8941714587697493	4.9958718202307253	0.0	-5.5952380952380949	1	-1
0.8594660758972168	4	-3.2452380952380953	2.3499999999999996	-3.2452380952380953	2.3500000000000001	0	2	105	-3.1058285412302502	5.9958718202307253	1	5.8941714587697493	4.9958718202307253	0.0	-5.5952380952380949	1	-1
0.8761270046234131	4	-3.301190476190476	2.8535714285714278	-3.301190476190476	2.8535714285714286	0	2	105	-3.1058285412302502	5.9958718202307253	1	5.8941714587697493	4.9958718202307253	0.0	-5.5952380952380949	1	-1
0.8926529884338379	4	-3.3291666666666666	3.3011904761904756	-3.3291666666666666	3.301190476190476	0	2	105	-3.1058285412302502	5.9958718202307253	1	5.8941714587697493	4.9958718202307253	0.0	-5.5952380952380949	1	-1
0.909351110458374	4	-3.357142857142857	3.5250000000000004	-3.3571428571428572	3.5249999999999999	0	2	105	-3.1058285412302502	5.9958718202307253	1	5.8941714587697493	4.9958718202307253	0.0	-5.5952380952380949	1	-1
0.9256479740142822	4	-3.385119047619048	3.9446428571428562	-3.3851190476190478	3.9446428571428571	0	2	105	-3.1058285412302502	5.9958718202307253	1	5.8941714587697493	4.9958718202307253	0.0	-5.5952380952380949	1	-1
0.9422149658203125	4	-3.413095238095238	4.3363095238095237	-3.413095238095238	4.3363095238095237	0	2	105	-3.1058285412302502	5.9958718202307253	1	5.8941714587697493	4.9958718202307253	0.0	-5.5952380952380949	1	-1
0.95878005027771	4	-3.413095238095238	4.5041666666666664	-3.413095238095238	4.5041666666666664	0	2	105	-3.1058285412302502	5.9958718202307253	1	5.8941714587697493	4.9958718202307253	0.0	-5.5952380952380949	1	-1
0.9753429889678955	4	-3.4410714285714286	4.8398809523809518	-3.4410714285714286	4.8398809523809527	0	2	105	-3.1058285412302502	5.9958718202307253	1	5.8941714587697493	4.9958718202307253	0.0	-5.5952380952380949	1	-1
0.9919569492340088	4	-3.4410714285714286	4.9797619047619044	-3.4410714285714286	4.9797619047619044	0	2	105	-3.1058285412302502	5.9958718202307253	1	5.8941714587697493	4.9958718202307253	0.0	-5.5952380952380949	1	-1
1.0085930824279785	4	-3.469047619047619	5.2315476190476193	-3.4690476190476192	5.2315476190476193	0	2	105	-3.1058285412302502	5.9958718202307253	1	5.8941714587697493	4.9958718202307253	0.0	-5.5952380952380949	1	-1
1.0252330303192139	4	-3.4970238095238093	5.399404761904762	-3.4970238095238093	5.399404761904762	0	2	105	-3.1058285412302502	5.9958718202307253	1	5.8941714587697493	4.9958718202307253	0.0	-5.5952380952380949	1	-1
1.0417249202728271	4	-3.4970238095238093	5.5392857142857146	-3.4970238095238093	5.5392857142857146	0	2	105	-3.1058285412302502	5.9958718202307253	1	5.8941714587697493	4.9958718202307253	0.0	-5.5952380952380949	1	-1
1.058354139328003	4	-3.525	5.5952380952380949	-3.5249999999999999	5.5952380952380949	0	2	105	-3.1058285412302502	5.9958718202307253	1	5.8941714587697493	4.9958718202307253	0.0	-5.5952380952380949	1	-1
1.0749599933624268	4	-3.525	5.6511904761904752	-3.5249999999999999	5.6511904761904761	0	2	105	-3.1058285412302502	5.9958718202307253	1	5.8941714587697493	4.9958718202307253	0.0	-5.5952380952380949	1	-1
1.0918481349945068	4	-3.525	5.6791666666666671	-3.5249999999999999	5.6791666666666663	0	2	105	-3.1058285412302502	5.9958718202307253	1	5.8941714587697493	4.9958718202307253	0.0	-5.5952380952380949	1	-1
1.1084129810333252	4	-3.525	5.6791666666666671	-3.5249999999999999	5.6791666666666663	0	2	105	-3.1058285412302502	5.9958718202307253	1	5.8941714587697493	4.9958718202307253	0.0	-5.5952380952380949	1	-1
1.125093936920166	4	-3.525	5.7071428571428573	-3.5249999999999999	5.7071428571428573	0	2	105	-3.1058285412302502	5.9958718202307253	1	5.8941714587697493	4.9958718202307253	0.0	-5.5952380952380949	1	-1
1.1415050029754639	4	-3.525	5.7071428571428573	-3.5249999999999999	5.7071428571428573	0	2	105	-3.1058285412302502	5.9958718202307253	1	5.8941714587697493	4.9958718202307253	0.0	-5.5952380952380949	1	-1
1.158102035522461	4	-3.525	5.7071428571428573	-3.5249999999999999	5.7071428571428573	0	2	105	-3.1058285412302502	5.9958718202307253	1	5.8941714587697493	4.9958718202307253	0.0	-5.5952380952380949	1	-1
1.1747851371765137	4	-3.525	5.6791666666666671	-3.5249999999999999	5.6791666666666663	0	2	105	-3.1058285412302502	5.9958718202307253	1	5.8941714587697493	4.9958718202307253	0.0	-5.5952380952380949	1	-1
1.1914050579071045	4	-3.525	5.6791666666666671	-3.5249999999999999	5.6791666666666663	0	2	105	-3.1058285412302502	5.9958718202307253	1	5.8941714587697493	4.9958718202307253	0.0	-5.5952380952380949	1	-1
1.2080039978027344	4	-3.525	5.6791666666666671	-3.5249999999999999	5.6791666666666663	0	2	105	-3.1058285412302502	5.9958718202307253	1	5.8941714587697493	4.9958718202307253	0.0	-5.5952380952380949	1	-1
1.2246029376983643	4	-3.525	5.6791666666666671	-3.5249999999999999	5.6791666666666663	0	2	105	-3.1058285412302502	5.9958718202307253	1	5.8941714587697493	4.9958718202307253	0.0	-5.5952380952380949	1	-1
1.24117112159729	4	-3.525	5.6791666666666671	-3.5249999999999999	5.6791666666666663	0	2	105	-3.1058285412302502	5.9958718202307253	1	5.8941714587697493	4.9958718202307253	0.0	-5.5952380952380949	1	-1
1.2574899196624756	4	-3.525	5.6791666666666671	-3.5249999999999999	5.6791666666666663	0	2	105	-3.1058285412302502	5.9958718202307253	1	5.8941714587697493	4.9958718202307253	0.0	-5.5952380952380949	1	-1
1.2741050720214844	4	-3.525	5.6791666666666671	-3.5249999999999999	5.6791666666666663	0	2	105	-3.1058285412302502	5.9958718202307253	1	5.8941714587697493	4.9958718202307253	0.0	-5.5952380952380949	1	-1
1.290635108947754	4	-3.525	5.6791666666666671	-3.5249999999999999	5.6791666666666663	0	2	105	-3.1058285412302502	5.9958718202307253	1	5.8941714587697493	4.9958718202307253	0.0	-5.5952380952380949	1	-1
1.3072149753570557	4	-3.525	5.6791666666666671	-3.5249999999999999	5.6791666666666663	0	2	105	-3.1058285412302502	5.9958718202307253	1	5.8941714587697493	4.9958718202307253	0.0	-5.5952380952380949	1	-1
1.3238980770111084	4	-3.525	5.6791666666666671	-3.5249999999999999	5.6791666666666663	0	2	105	-3.1058285412302502	5.9958718202307253	1	5.8941714587697493	4.9958718202307253	0.0	-5.5952380952380949	1	-1
1.3405189514160156	4	-3.525	5.6791666666666671	-3.5249999999999999	5.6791666666666663	0	2	105	-3.1058285412302502	5.9958718202307253	1	5.8941714587697493	4.9958718202307253	0.0	-5.5952380952380949	1	-1
1.3571140766143799	4	-3.525	5.6791666666666671	-3.5249999999999999	5.6791666666666663	0	2	105	-3.1058285412302502	5.9958718202307253	1	5.8941714587697493	4.9958718202307253	0.0	-5.5952380952380949	1	-1
1.3736510276794434	4	-3.525	5.6791666666666671	-3.5249999999999999	5.6791666666666663	0	2	105	-3.1058285412302502	5.9958718202307253	1	5.8941714587697493	4.9958718202307253	0.0	-5.5952380952380949	1	-1
1.3902459144592285	4	-3.525	5.6791666666666671	-3.5249999999999999	5.6791666666666663	0	2	105	-3.1058285412302502	5.9958718202307253	1	5.8941714587697493	4.9958718202307253	0.0	-5.5952380952380949	1	-1
1.4071249961853027	4	-3.525	5.6791666666666671	-3.5249999999999999	5.6791666666666663	0	2	105	-3.1058285412302502	5.9958718202307253	1	5.8941714587697493	4.9958718202307253	0.0	-5.5952380952380949	1	-1
1.4237470626831055	4	-3.525	5.6791666666666671	-3.5249999999999999	5.6791666666666663	0	2	105	-3.1058285412302502	5.9958718202307253	1	5.8941714587697493	4.9958718202307253	0.0	-5.5952380952380949	1	-1
1.4403200149536133	4	-3.525	5.6791666666666671	-3.5249999999999999	5.6791666666666663	0	2	105	-3.1058285412302502	5.9958718202307253	1	5.8941714587697493	4.9958718202307253	0.0	-5.5952380952380949	1	-1
1.456895112991333	4	-3.525	5.6791666666666671	-3.5249999999999999	5.6791666666666663	0	2	105	-3.1058285412302502	5.9958718202307253	1	5.8941714587697493	4.9958718202307253	0.0	-5.5952380952380949	1	-1
1.4735069274902344	4	-3.525	5.7071428571428573	-3.5249999999999999	5.7071428571428573	0	2	105	-3.1058285412302502	5.9958718202307253	1	5.8941714587697493	4.9958718202307253	0.0	-5.5952380952380949	1	-1
1.4899389743804932	4	-3.525	5.7071428571428573	-3.5249999999999999	5.7071428571428573	0	2	105	-3.1058285412302502	5.9958718202307253	1	5.8941714587697493	4.9958718202307253	0.0	-5.5952380952380949	1	-1
1.5066540241241455	4	-3.525	5.7071428571428573	-3.5249999999999999	5.7071428571428573	0	2	105	-3.1058285412302502	5.9958718202307253	1	5.8941714587697493	4.9958718202307253	0.0	-5.5952380952380949	1	-1
1.5232560634613037	4	-3.525	5.7071428571428573	-3.5249999999999999	5.7071428571428573	0	2	105	-3.1058285412302502	5.9958718202307253	1	5.8941714587697493	4.9958718202307253	0.0	-5.5952380952380949	1	-1
1.5399329662322998	4	-3.525	5.7071428571428573	-3.5249999999999999	5.7071428571428573	0	2	105	-3.1058285412302502	5.9958718202307253	1	5.8941714587697493	4.9958718202307253	0.0	-5.5952380952380949	1	-1
1.5564260482788086	4	-3.525	5.7071428571428573	-3.5249999999999999	5.7071428571428573	0	2	105	-3.1058285412302502	5.9958718202307253	1	5.8941714587697493	4.9958718202307253	0.0	-5.5952380952380949	1	-1
1.5727550983428955	4	-3.525	5.7071428571428573	-3.5249999999999999	5.7071428571428573	0	2	105	-3.1058285412302502	5.9958718202307253	1	5.8941714587697493	4.9958718202307253	0.0	-5.5952380952380949	1	-1
1.5893890857696533	4	-3.5529761904761905	5.7071428571428573	-3.5529761904761905	5.7071428571428573	0	2	105	-3.1058285412302502	5.9958718202307253	1	5.8941714587697493	4.9958718202307253	0.0	-5.5952380952380949	1	-1
1.605983018875122	4	-3.5529761904761905	5.7071428571428573	-3.5529761904761905	5.7071428571428573	0	2	105	-3.1058285412302502	5.9958718202307253	1	5.8941714587697493	4.9958718202307253	0.0	-5.5952380952380949	1	-1
1.6226861476898193	4	-3.5529761904761905	5.7071428571428573	-3.5529761904761905	5.7071428571428573	0	2	105	-3.1058285412302502	5.9958718202307253	1	5.8941714587697493	4.9958718202307253	0.0	-5.5952380952380949	1	-1
1.6391310691833496	4	-3.5529761904761905	5.7071428571428573	-3.5529761904761905	5.7071428571428573	0	2	105	-3.1058285412302502	5.9958718202307253	1	5.8941714587697493	4.9958718202307253	0.0	-5.5952380952380949	1	-1
1.6556921005249023	4	-3.5529761904761905	5.7071428571428573	-3.5529761904761905	5.7071428571428573	0	2	105	-3.1058285412302502	5.9958718202307253	1	5.8941714587697493	4.9958718202307253	0.0	-5.5952380952380949	1	-1
1.6723980903625488	4	-3.5529761904761905	5.7071428571428573	-3.5529761904761905	5.7071428571428573	0	2	105	-3.1058285412302502	5.9958718202307253	1	5.8941714587697493	4.9958718202307253	0.0	-5.5952380952380949	1	-1
1.688952922821045	4	-3.5529761904761905	5.7071428571428573	-3.5529761904761905	5.7071428571428573	0	2	105	-3.1058285412302502	5.9958718202307253	1	5.8941714587697493	4.9958718202307253	0.0	-5.5952380952380949	1	-1
1.7055270671844482	4	-3.5529761904761905	5.7071428571428573	-3.5529761904761905	5.7071428571428573	0	2	105	-3.1058285412302502	5.9958718202307253	1	5.8941714587697493	4.9958718202307253	0.0	-5.5952380952380949	1	-1
1.7221050262451172	4	-3.5529761904761905	5.7071428571428573	-3.5529761904761905	5.7071428571428573	0	2	105	-3.1058285412302502	5.9958718202307253	1	5.8941714587697493	4.9958718202307253	0.0	-5.5952380952380949	1	-1
1.7390410900115967	4	-3.5529761904761905	5.7071428571428573	-3.5529761904761905	5.7071428571428573	0	2	105	-3.1058285412302502	5.9958718202307253	1	5.8941714587697493	4.9958718202307253	0.0	-5.5952380952380949	1	-1
1.7555890083312988	4	-3.5529761904761905	5.7071428571428573	-3.5529761904761905	5.7071428571428573	0	2	105	-3.1058285412302502	5.9958718202307253	1	5.8941714587697493	4.9958718202307253	0.0	-5.5952380952380949	1	-1
1.772179126739502	4	-3.5529761904761905	5.7071428571428573	-3.5529761904761905	5.7071428571428573	0	2	105	-3.1058285412302502	5.9958718202307253	1	5.8941714587697493	4.9958718202307253	0.0	-5.5952380952380949	1	-1
1.788794994354248	4	-3.5529761904761905	5.7071428571428573	-3.5529761904761905	5.7071428571428573	0	2	105	-3.1058285412302502	5.9958718202307253	1	5.8941714587697493	4.9958718202307253	0.0	-5.5952380952380949	1	-1
1.8053929805755615	4	-3.5529761904761905	5.7071428571428573	-3.5529761904761905	5.7071428571428573	0	2	105	-3.1058285412302502	5.9958718202307253	1	5.8941714587697493	4.9958718202307253	0.0	-5.5952380952380949	1	-1
1.8218810558319092	4	-3.525	5.7071428571428573	-3.5249999999999999	5.7071428571428573	0	2	105	-3.1058285412302502	5.9958718202307253	1	5.8941714587697493	4.9958718202307253	0.0	-5.5952380952380949	1	-1
1.8385860919952393	4	-3.525	5.7071428571428573	-3.5249999999999999	5.7071428571428573	0	2	105	-3.1058285412302502	5.9958718202307253	1	5.8941714587697493	4.9958718202307253	0.0	-5.5952380952380949	1	-1
1.8551199436187744	4	-3.525	5.7071428571428573	-3.5249999999999999	5.7071428571428573	0	2	105	-3.1058285412302502	5.9958718202307253	1	5.8941714587697493	4.9958718202307253	0.0	-5.5952380952380949	1	-1
1.8718140125274658	4	-3.525	5.6791666666666671	-3.5249999999999999	5.6791666666666663	0	2	105	-3.1058285412302502	5.9958718202307253	1	5.8941714587697493	4.9958718202307253	0.0	-5.5952380952380949	1	-1
1.8883650302886963	4	-3.5249999999999999	5.6791666666666671	-3.5249999999999999	5.6791666666666663	0	2	105	-3.1058285412302502	5.9958718202307253	1	5.8941714587697493	4.9958718202307253	0.0	-5.5952380952380949	1	-1
1.9046730995178223	4	-3.5249999999999999	5.6791666666666671	-3.5249999999999999	5.6791666666666663	0	2	105	-3.1058285412302502	5.9958718202307253	1	5.8941714587697493	4.9958718202307253	0.0	-5.5952380952380949	1	-1
1.9212360382080078	4	-3.5249999999999999	5.6791666666666671	-3.5249999999999999	5.6791666666666663	0	3	105	-3.1058285412302502	5.9958718202307253	1	5.8941714587697493	4.9958718202307253	0.0	-5.5952380952380949	1	-1
1.9379160404205322	4	-3.5249999999999999	5.6791666666666671	-3.5249999999999999	5.6791666666666663	0	4	105	-3.1058285412302502	5.9958718202307253	1	5.8941714587697493	4.9958718202307253	0.0	-5.5952380952380949	1	-1
1.9543941020965576	4	-3.5249999999999999	5.6791666666666671	-3.5249999999999999	5.6791666666666663	0	4	105	-3.1058285412302502	5.9958718202307253	1	5.8941714587697493	4.9958718202307253	0.0	-5.5952380952380949	1	-1
1.9710190296173096	4	-3.5249999999999999	5.6791666666666671	-3.5249999999999999	5.6791666666666663	0	4	105	-3.1058285412302502	5.9958718202307253	1	5.8941714587697493	4.9958718202307253	0.0	-5.5952380952380949	1	-1
1.9875919818878174	4	-3.5249999999999999	5.6791666666666671	-3.5249999999999999	5.6791666666666663	0	4	105	-3.1058285412302502	5.9958718202307253	1	5.8941714587697493	4.9958718202307253	0.0	-5.5952380952380949	1	-1
2.0042319297790527	4	-3.5249999999999999	5.6791666666666671	-3.5249999999999999	5.6791666666666663	0	4	105	-3.1058285412302502	5.9958718202307253	1	5.8941714587697493	4.9958718202307253	0.0	-5.5952380952380949	1	-1
2.020827054977417	4	-3.5249999999999999	5.6791666666666671	-3.5249999999999999	5.6791666666666663	0	4	105	-3.1058285412302502	5.9958718202307253	1	5.8941714587697493	4.9958718202307253	0.0	-5.5952380952380949	1	-1
2.0374860763549805	4	-3.5249999999999999	5.6791666666666671	-3.5249999999999999	5.6791666666666663	0	4	105	-3.1058285412302502	5.9958718202307253	1	5.8941714587697493	4.9958718202307253	0.0	-5.5952380952380949	1	-1
2.0541751384735107	4	-3.5249999999999999	5.6791666666666671	-3.5249999999999999	5.6791666666666663	0	4	105	-3.1058285412302502	5.9958718202307253	1	5.8941714587697493	4.9958718202307253	0.0	-5.5952380952380949	1	-1
2.070918083190918	4	-3.5249999999999999	5.6791666666666671	-3.5249999999999999	5.6791666666666663	0	4	105	-3.1058285412302502	5.9958718202307253	1	5.8941714587697493	4.9958718202307253	0.0	-5.5952380952380949	1	-1
2.087446928024292	4	-3.5249999999999999	5.6791666666666671	-3.5249999999999999	5.6791666666666663	0	4	105	-3.1058285412302502	5.9958718202307253	1	5.8941714587697493	4.9958718202307253	0.0	-5.5952380952380949	1	-1
2.1040420532226562	4	-3.5249999999999999	5.6791666666666671	-3.5249999999999999	5.6791666666666663	0	4	105	-3.1058285412302502	5.9958718202307253	1	5.8941714587697493	4.9958718202307253	0.0	-5.5952380952380949	1	-1
2.1206510066986084	4	-3.5249999999999999	5.6791666666666671	-3.5249999999999999	5.6791666666666663	0	4	105	-3.1058285412302502	5.9958718202307253	1	5.8941714587697493	4.9958718202307253	0.0	-5.5952380952380949	1	-1
2.137300968170166	4	-3.5249999999999999	5.6791666666666671	-3.5249999999999999	5.6791666666666663	0	4	105	-3.1058285412302502	5.9958718202307253	1	5.8941714587697493	4.9958718202307253	0.0	-5.5952380952380949	1	-1
2.1537139415740967	4	-3.5249999999999999	5.6791666666666671	-3.5249999999999999	5.6791666666666663	0	4	105	-3.1058285412302502	5.9958718202307253	1	5.8941714587697493	4.9958718202307253	0.0	-5.5952380952380949	1	-1
2.1704230308532715	4	-3.5249999999999999	5.6791666666666671	-3.5249999999999999	5.6791666666666663	0	4	105	-3.1058285412302502	5.9958718202307253	1	5.8941714587697493	4.9958718202307253	0.0	-5.5952380952380949	1	-1
2.187014102935791	4	-3.4970238095238093	5.6791666666666671	-3.4970238095238093	5.6791666666666663	0	4	105	-3.1058285412302502	5.9958718202307253	1	5.8941714587697493	4.9958718202307253	0.0	-5.5952380952380949	1	-1
2.2036750316619873	4	-3.4690476190476192	5.6791666666666671	-3.4690476190476192	5.6791666666666663	0	4	105	-3.1058285412302502	5.9958718202307253	1	5.8941714587697493	4.9958718202307253	0.0	-5.5952380952380949	1	-1
2.2199339866638184	4	-3.301190476190476	5.6791666666666671	-3.301190476190476	5.6791666666666663	0	4	105	-3.1058285412302502	5.9958718202307253	1	5.8941714587697493	4.9958718202307253	0.0	-5.5952380952380949	1	-1
2.2366130352020264	4	-3.0773809523809526	5.6791666666666671	-3.0773809523809526	5.6791666666666663	0	4	105	-3.1058285412302502	5.9958718202307253	1	5.8941714587697493	4.9958718202307253	0.0	-5.5952380952380949	1	-1
2.2531211376190186	4	-2.7976190476190474	5.6791666666666671	-2.7976190476190474	5.6791666666666663	0	4	105	-3.1058285412302502	5.9958718202307253	1	5.8941714587697493	4.9958718202307253	0.0	-5.5952380952380949	1	-1
2.2697579860687256	4	-2.6297619047619047	5.6791666666666671	-2.6297619047619047	5.6791666666666663	0	4	105	-3.1058285412302502	5.9958718202307253	1	5.8941714587697493	4.9958718202307253	0.0	-5.5952380952380949	1	-1
2.2863080501556396	4	-2.2940476190476189	5.6791666666666671	-2.2940476190476189	5.6791666666666663	0	4	105	-3.1058285412302502	5.9958718202307253	1	5.8941714587697493	4.9958718202307253	0.0	-5.5952380952380949	1	-1
2.30285906791687	4	-2.1261904761904762	5.6791666666666671	-2.1261904761904762	5.6791666666666663	0	4	105	-3.1058285412302502	5.9958718202307253	1	5.8941714587697493	4.9958718202307253	0.0	-5.5952380952380949	1	-1
2.319446086883545	4	-1.7345238095238096	5.6791666666666671	-1.7345238095238096	5.7071428571428573	0	4	105	-3.1058285412302502	5.9958718202307253	1	5.8941714587697493	4.9958718202307253	0.0	-5.5952380952380949	1	-1
2.336143970489502	4	-1.3148809523809524	5.6791666666666671	-1.3148809523809524	5.7071428571428573	0	4	105	-3.1058285412302502	5.9958718202307253	1	5.8941714587697493	4.9958718202307253	0.0	-5.5952380952380949	1	-1
2.3526999950408936	4	-0.86726190476190479	5.6791666666666671	-0.86726190476190479	5.7071428571428573	0	4	105	-3.1058285412302502	5.9958718202307253	1	5.8941714587697493	4.9958718202307253	0.0	-5.5952380952380949	1	-1
2.369279146194458	4	-0.61547619047619051	5.6791666666666671	-0.61547619047619051	5.6791666666666663	0	4	105	-3.1058285412302502	5.9958718202307253	1	5.8941714587697493	4.9958718202307253	0.0	-5.5952380952380949	1	-1
2.3861429691314697	4	-0.083928571428571463	5.6791666666666671	-0.083928571428571422	5.6791666666666663	0	4	105	-3.1058285412302502	5.9958718202307253	1	5.8941714587697493	4.9958718202307253	0.0	-5.5952380952380949	1	-1
2.4027669429779053	4	0.1958333333333333	5.6791666666666671	0.19583333333333333	5.6791666666666663	0	4	105	-3.1058285412302502	5.9958718202307253	1	5.8941714587697493	4.9958718202307253	0.0	-5.5952380952380949	1	-1
2.419326066970825	4	0.8392857142857143	5.6791666666666671	0.8392857142857143	5.6791666666666663	0	4	105	-3.1058285412302502	5.9958718202307253	1	5.8941714587697493	4.9958718202307253	0.0	-5.5952380952380949	1	-1
2.435953140258789	4	1.5107142857142857	5.6791666666666671	1.5107142857142857	5.6791666666666663	0	4	105	-3.1058285412302502	5.9958718202307253	1	5.8941714587697493	4.9958718202307253	0.0	-5.5952380952380949	1	-1
2.452570915222168	4	2.3220238095238095	5.6791666666666671	2.3220238095238095	5.7071428571428573	0	4	105	-3.1058285412302502	5.9958718202307253	1	5.8941714587697493	4.9958718202307253	0.0	-5.5952380952380949	1	-1
2.4691970348358154	4	2.7696428571428573	5.6791666666666671	2.7696428571428573	5.7071428571428573	0	4	105	-3.1058285412302502	5.9958718202307253	1	5.8941714587697493	4.9958718202307253	0.0	-5.5952380952380949	1	-1
2.4855971336364746	4	3.7488095238095238	5.6791666666666671	3.7488095238095238	5.7630952380952385	0	4	105	-3.1058285412302502	5.9958718202307253	1	5.8941714587697493	4.9958718202307253	0.0	-5.5952380952380949	1	-1
2.5022521018981934	4	4.2803571428571425	5.6791666666666671	4.2803571428571425	5.7910714285714286	0	4	105	-3.1058285412302502	5.9958718202307253	1	5.8941714587697493	4.9958718202307253	0.0	-5.5952380952380949	1	-1
2.518887996673584	4	5.4273809523809522	5.6791666666666671	5.4273809523809522	5.875	0	4	105	-3.1058285412302502	5.9958718202307253	1	5.8941714587697493	4.9958718202307253	0.0	-5.5952380952380949	1	-1
2.5354859828948975	4	6.602380952380952	5.6791666666666671	6.602380952380952	5.9309523809523812	0	4	105	-3.1058285412302502	5.9958718202307253	1	5.8941714587697493	4.9958718202307253	0.0	-5.5952380952380949	1	-1
2.551861047744751	4	7.6375	5.9869047619047606	7.6375000000000002	5.9869047619047615	0	4	105	-3.1058285412302502	5.9958718202307253	1	5.8941714587697493	4.9958718202307253	0.0	-5.5952380952380949	1	-1
2.5683910846710205	4	8.085119047619047	6.0148809523809526	8.0851190476190471	6.0148809523809526	0	4	105	-3.1058285412302502	5.9958718202307253	1	5.8941714587697493	4.9958718202307253	0.0	-5.5952380952380949	1	-1
2.585031032562256	4	8.84047619047619	6.0148809523809526	8.8404761904761902	6.0148809523809526	0	4	105	-3.1058285412302502	5.9958718202307253	1	5.8941714587697493	4.9958718202307253	0.0	-5.5952380952380949	1	-1
2.6016619205474854	4	9.204166666666667	6.0148809523809526	9.2041666666666675	6.0148809523809526	0	4	105	-3.1058285412302502	5.9958718202307253	1	5.8941714587697493	4.9958718202307253	0.0	-5.5952380952380949	1	-1
2.6181859970092773	4	9.791666666666666	6.0148809523809526	9.7916666666666661	6.0148809523809526	0	5	105	-3.1058285412302502	5.9958718202307253	1	5.8941714587697493	4.9958718202307253	0.0	-5.5952380952380949	1	-1
2.634740114212036	4	10.267261904761904	6.0148809523809526	10.267261904761904	6.0148809523809526	0	5	105	-3.1058285412302502	5.9958718202307253	1	5.8941714587697493	4.9958718202307253	0.0	-5.5952380952380949	1	-1
2.6513900756835938	4	10.407142857142857	5.9869047619047606	10.407142857142857	5.9869047619047615	0	5	105	-3.1058285412302502	5.9958718202307253	1	5.8941714587697493	4.9958718202307253	0.0	-5.5952380952380949	1	-1
2.6680071353912354	4	10.575	5.9869047619047606	10.574999999999999	5.9869047619047615	0	5	105	-3.1058285412302502	5.9958718202307253	1	5.8941714587697493	4.9958718202307253	0.0	-5.5952380952380949	1	-1
2.68457293510437	4	10.630952380952381	5.9589285714285722	10.630952380952381	5.9589285714285714	0	5	105	-3.1058285412302502	5.9958718202307253	1	5.8941714587697493	4.9958718202307253	0.0	-5.5952380952380949	1	-1
2.7014570236206055	4	10.630952380952381	5.9589285714285722	10.630952380952381	5.9589285714285714	0	5	105	-3.1058285412302502	5.9958718202307253	1	5.8941714587697493	4.9958718202307253	0.0	-5.5952380952380949	1	-1
2.718034029006958	4	10.658928571428572	5.9029761904761902	10.658928571428572	5.9029761904761902	0	5	105	-3.1058285412302502	5.9958718202307253	1	5.8941714587697493	4.9958718202307253	0.0	-5.5952380952380949	1	-1
2.734602928161621	4	10.658928571428572	5.875	10.658928571428572	5.875	0	5	105	-3.1058285412302502	5.9958718202307253	1	5.8941714587697493	4.9958718202307253	0.0	-5.5952380952380949	1	-1
2.751228094100952	4	10.630952380952381	5.7630952380952394	10.630952380952381	5.7630952380952385	0	5	105	-3.1058285412302502	5.9958718202307253	1	5.8941714587697493	4.9958718202307253	0.0	-5.5952380952380949	1	-1
2.767764091491699	4	10.54702380952381	5.6232142857142868	10.547023809523809	5.6232142857142859	0	5	105	-3.1058285412302502	5.9958718202307253	1	5.8941714587697493	4.9958718202307253	0.0	-5.5952380952380949	1	-1
2.7843971252441406	4	10.379166666666666	5.4553571428571423	10.379166666666666	5.4553571428571432	0	5	105	-3.1058285412302502	5.9958718202307253	1	5.8941714587697493	4.9958718202307253	0.0	-5.5952380952380949	1	-1
2.801051139831543	4	10.239285714285714	5.3434523809523817	10.239285714285714	5.3434523809523808	0	5	105	-3.1058285412302502	5.9958718202307253	1	5.8941714587697493	4.9958718202307253	0.0	-5.5952380952380949	1	-1
2.8176050186157227	4	9.931547619047619	5.0916666666666668	9.9315476190476186	5.0916666666666668	0	5	105	-3.1058285412302502	5.9958718202307253	1	5.8941714587697493	4.9958718202307253	0.0	-5.5952380952380949	1	-1
2.8341619968414307	4	9.763690476190476	4.9517857142857142	9.7636904761904759	4.9517857142857142	0	5	105	-3.1058285412302502	5.9958718202307253	1	5.8941714587697493	4.9958718202307253	0.0	-5.5952380952380949	1	-1
2.850831985473633	4	9.37202380952381	4.644047619047619	9.3720238095238102	4.644047619047619	0	5	105	-3.1058285412302502	5.9958718202307253	1	5.8941714587697493	4.9958718202307253	0.0	-5.5952380952380949	1	-1
2.867110013961792	4	8.952380952380953	4.3083333333333336	8.9523809523809526	4.3083333333333336	0	5	105	-3.1058285412302502	5.9958718202307253	1	5.8941714587697493	4.9958718202307253	0.0	-5.5952380952380949	1	-1
2.8837080001831055	4	8.728571428571428	4.1125000000000007	8.7285714285714278	4.1124999999999998	0	5	105	-3.1058285412302502	5.9958718202307253	1	5.8941714587697493	4.9958718202307253	0.0	-5.5952380952380949	1	-1
2.900290012359619	4	8.225	3.7208333333333332	8.2249999999999996	3.7208333333333332	0	5	105	-3.1058285412302502	5.9958718202307253	1	5.8941714587697493	4.9958718202307253	0.0	-5.5952380952380949	1	-1
2.916872024536133	4	7.66547619047619	3.2732142857142854	7.6654761904761903	3.2732142857142859	0	5	105	-3.1058285412302502	5.9958718202307253	1	5.8941714587697493	4.9958718202307253	0.0	-5.5952380952380949	1	-1
2.9334709644317627	4	7.357738095238095	3.0214285714285722	7.3577380952380951	3.0214285714285714	0	5	105	-3.1058285412302502	5.9958718202307253	1	5.8941714587697493	4.9958718202307253	0.0	-5.5952380952380949	1	-1
2.9501450061798096	4	6.770238095238096	2.4898809523809522	6.7702380952380956	2.4898809523809522	0	5	105	-3.1058285412302502	5.9958718202307253	1	5.8941714587697493	4.9958718202307253	0.0	-5.5952380952380949	1	-1
2.9666340351104736	4	6.210714285714285	1.958333333333333	6.2107142857142854	1.9583333333333333	0	5	105	-3.1058285412302502	5.9958718202307253	1	5.8941714587697493	4.9958718202307253	0.0	-5.5952380952380949	1	-1
2.9832141399383545	4	5.958928571428571	1.6785714285714288	5.9589285714285714	1.6785714285714286	0	5	105	-3.1058285412302502	5.9958718202307253	1	5.8941714587697493	4.9958718202307253	0.0	-5.5952380952380949	1	-1
2.999880075454712	4	5.455357142857143	1.1470238095238097	5.4553571428571432	1.1470238095238094	0	5	105	-3.1058285412302502	5.9958718202307253	1	5.8941714587697493	4.9958718202307253	0.0	-5.5952380952380949	1	-1
3.0164151191711426	4	4.979761904761904	0.61547619047619051	4.9797619047619044	0.61547619047619051	0	5	105	-3.1058285412302502	5.9958718202307253	1	5.8941714587697493	4.9958718202307253	0.0	-5.5952380952380949	1	-1
3.033360004425049	4	4.72797619047619	0.33571428571428541	4.7279761904761903	0.33571428571428569	0	5	105	-3.1058285412302502	5.9958718202307253	1	5.8941714587697493	4.9958718202307253	0.0	-5.5952380952380949	1	-1
3.0499660968780518	4	4.196428571428571	-0.19583333333333375	4.1964285714285712	-0.19583333333333333	0	5	105	-3.1058285412302502	5.9958718202307253	1	5.8941714587697493	4.9958718202307253	0.0	-5.5952380952380949	1	-1
3.0664680004119873	4	3.6648809523809525	-0.78333333333333321	3.6648809523809525	-0.78333333333333333	0	5	105	-3.1058285412302502	5.9958718202307253	1	5.8941714587697493	4.9958718202307253	0.0	-5.5952380952380949	1	-1
3.08309006690979	4	3.413095238095238	-1.0351190476190482	3.413095238095238	-1.0351190476190477	0	5	105	-3.1058285412302502	5.9958718202307253	1	5.8941714587697493	4.9958718202307253	0.0	-5.5952380952380949	1	-1
3.0997109413146973	4	2.9375	-1.5946428571428575	2.9375	-1.5946428571428573	0	5	105	-3.1058285412302502	5.9958718202307253	1	5.8941714587697493	4.9958718202307253	0.0	-5.5952380952380949	1	-1
3.1162829399108887	4	2.517857142857143	-2.0982142857142856	2.5178571428571428	-2.0982142857142856	0	5	105	-3.1058285412302502	5.9958718202307253	1	5.8941714587697493	4.9958718202307253	0.0	-5.5952380952380949	1	-1
3.1328999996185303	4	2.294047619047619	-2.3500000000000001	2.2940476190476189	-2.3500000000000001	0	5	105	-3.1058285412302502	5.9958718202307253	1	5.8941714587697493	4.9958718202307253	0.0	-5.5952380952380949	1	-1
3.1495649814605713	4	1.9303571428571429	-2.7976190476190474	1.9303571428571429	-2.7976190476190474	0	5	105	-3.1058285412302502	5.9958718202307253	1	5.8941714587697493	4.9958718202307253	0.0	-5.5952380952380949	1	-1
3.166063070297241	4	1.5946428571428573	-3.2452380952380953	1.5946428571428573	-3.2452380952380953	0	5	105	-3.1058285412302502	5.9958718202307253	1	5.8941714587697493	4.9958718202307253	0.0	-5.5952380952380949	1	-1
3.1826419830322266	4	1.4547619047619047	-3.4410714285714286	1.4547619047619047	-3.4410714285714286	0	5	105	-3.1058285412302502	5.9958718202307253	1	5.8941714587697493	4.9958718202307253	0.0	-5.5952380952380949	1	-1
3.1990089416503906	4	1.175	-3.8327380952380952	1.175	-3.8327380952380952	0	5	105	-3.1058285412302502	5.9958718202307253	1	5.8941714587697493	4.9958718202307253	0.0	-5.5952380952380949	1	-1
3.215580940246582	4	1.063095238095238	-4.0005952380952383	1.0630952380952381	-4.0005952380952383	0	5	105	-3.1058285412302502	5.9958718202307253	1	5.8941714587697493	4.9958718202307253	0.0	-5.5952380952380949	1	-1
3.2321629524230957	4	0.8113095238095238	-4.3363095238095237	0.81130952380952381	-4.3363095238095237	0	5	105	-3.1058285412302502	5.9958718202307253	1	5.8941714587697493	4.9958718202307253	0.0	-5.5952380952380949	1	-1
3.248852014541626	4	0.6154761904761905	-4.644047619047619	0.61547619047619051	-4.644047619047619	0	5	105	-3.1058285412302502	5.9958718202307253	1	5.8941714587697493	4.9958718202307253	0.0	-5.5952380952380949	1	-1
3.2653939723968506	4	0.47559523809523807	-4.895833333333333	0.47559523809523807	-4.895833333333333	0	5	105	-3.1058285412302502	5.9958718202307253	1	5.8941714587697493	4.9958718202307253	0.0	-5.5952380952380949	1	-1
3.2819719314575195	4	0.39166666666666666	-5.0077380952380954	0.39166666666666666	-5.0077380952380954	0	5	105	-3.1058285412302502	5.9958718202307253	1	5.8941714587697493	4.9958718202307253	0.0	-5.5952380952380949	1	-1
3.2985329627990723	4	0.30773809523809526	-5.1755952380952381	0.30773809523809526	-5.1755952380952381	0	5	105	-3.1058285412302502	5.9958718202307253	1	5.8941714587697493	4.9958718202307253	0.0	-5.5952380952380949	1	-1
