time	trial	cursorx	cursory	hand_x	hand_Y	rotation	step	targetangle	targetposx	targetposy	garagelocation	garageposx	garageposy	homex	homey	group	trial_type
9.5367431640625e-07	4	0.055952380952380955	-5.0916666666666668	0.055952380952380955	-5.0916666666666668	0	5	105	-3.1058285412302502	5.9958718202307253	1	5.8941714587697493	4.9958718202307253	0.0	-5.5952380952380949	1	1
0.029362916946411133	4	0.11190476190476191	-5.2595238095238095	0.11190476190476191	-5.2595238095238095	0	1	105	-3.1058285412302502	5.9958718202307253	1	5.8941714587697493	4.9958718202307253	0.0	-5.5952380952380949	1	1
0.04599499702453613	4	0.13988095238095238	-5.371428571428571	0.13988095238095238	-5.371428571428571	0	1	105	-3.1058285412302502	5.9958718202307253	1	5.8941714587697493	4.9958718202307253	0.0	-5.5952380952380949	1	1
0.06258893013000488	4	0.16785714285714284	-5.4553571428571432	0.16785714285714284	-5.4553571428571432	0	1	105	-3.1058285412302502	5.9958718202307253	1	5.8941714587697493	4.9958718202307253	0.0	-5.5952380952380949	1	1
0.07917284965515137	4	0.19583333333333333	-5.5113095238095235	0.19583333333333333	-5.5113095238095235	0	1	105	-3.1058285412302502	5.9958718202307253	1	5.8941714587697493	4.9958718202307253	0.0	-5.5952380952380949	1	1
0.09575295448303223	4	0.19583333333333333	-5.5392857142857146	0.19583333333333333	-5.5392857142857146	0	1	105	-3.1058285412302502	5.9958718202307253	1	5.8941714587697493	4.9958718202307253	0.0	-5.5952380952380949	1	1
0.11237192153930664	4	0.22380952380952382	-5.5952380952380949	0.22380952380952382	-5.5952380952380949	0	1	105	-3.1058285412302502	5.9958718202307253	1	5.8941714587697493	4.9958718202307253	0.0	-5.5952380952380949	1	1
0.12867379188537598	4	0.22380952380952382	-5.5952380952380949	0.22380952380952382	-5.5952380952380949	0	1	105	-3.1058285412302502	5.9958718202307253	1	5.8941714587697493	4.9958718202307253	0.0	-5.5952380952380949	1	1
0.14522981643676758	4	0.22380952380952382	-5.6232142857142859	0.22380952380952382	-5.6232142857142859	0	1	105	-3.1058285412302502	5.9958718202307253	1	5.8941714587697493	4.9958718202307253	0.0	-5.5952380952380949	1	1
0.16193795204162598	4	0.22380952380952382	-5.6232142857142859	0.22380952380952382	-5.6232142857142859	0	1	105	-3.1058285412302502	5.9958718202307253	1	5.8941714587697493	4.9958718202307253	0.0	-5.5952380952380949	1	1
0.1785109043121338	4	0.22380952380952382	-5.6232142857142859	0.22380952380952382	-5.6232142857142859	0	1	105	-3.1058285412302502	5.9958718202307253	1	5.8941714587697493	4.9958718202307253	0.0	-5.5952380952380949	1	1
0.1950697898864746	4	0.22380952380952382	-5.6232142857142859	0.22380952380952382	-5.6232142857142859	0	1	105	-3.1058285412302502	5.9958718202307253	1	5.8941714587697493	4.9958718202307253	0.0	-5.5952380952380949	1	1
0.2116398811340332	4	0.22380952380952382	-5.6232142857142859	0.22380952380952382	-5.6232142857142859	0	1	105	-3.1058285412302502	5.9958718202307253	1	5.8941714587697493	4.9958718202307253	0.0	-5.5952380952380949	1	1
0.2282249927520752	4	0.22380952380952382	-5.6232142857142859	0.22380952380952382	-5.6232142857142859	0	1	105	-3.1058285412302502	5.9958718202307253	1	5.8941714587697493	4.9958718202307253	0.0	-5.5952380952380949	1	1
0.2448430061340332	4	0.22380952380952382	-5.6232142857142859	0.22380952380952382	-5.6232142857142859	0	1	105	-3.1058285412302502	5.9958718202307253	1	5.8941714587697493	4.9958718202307253	0.0	-5.5952380952380949	1	1
0.2614469528198242	4	0.22380952380952382	-5.6232142857142859	0.22380952380952382	-5.6232142857142859	0	1	105	-3.1058285412302502	5.9958718202307253	1	5.8941714587697493	4.9958718202307253	0.0	-5.5952380952380949	1	1
0.278026819229126	4	0.22380952380952382	-5.6232142857142859	0.22380952380952382	-5.6232142857142859	0	1	105	-3.1058285412302502	5.9958718202307253	1	5.8941714587697493	4.9958718202307253	0.0	-5.5952380952380949	1	1
0.29462194442749023	4	0.22380952380952382	-5.6232142857142859	0.22380952380952382	-5.6232142857142859	0	1	105	-3.1058285412302502	5.9958718202307253	1	5.8941714587697493	4.9958718202307253	0.0	-5.5952380952380949	1	1
0.31125783920288086	4	0.22380952380952382	-5.6232142857142859	0.22380952380952382	-5.6232142857142859	0	1	105	-3.1058285412302502	5.9958718202307253	1	5.8941714587697493	4.9958718202307253	0.0	-5.5952380952380949	1	1
0.32781100273132324	4	0.22380952380952382	-5.5952380952380949	0.22380952380952382	-5.5952380952380949	0	1	105	-3.1058285412302502	5.9958718202307253	1	5.8941714587697493	4.9958718202307253	0.0	-5.5952380952380949	1	1
0.3443930149078369	4	0.22380952380952382	-5.5672619047619047	0.22380952380952382	-5.5672619047619047	0	1	105	-3.1058285412302502	5.9958718202307253	1	5.8941714587697493	4.9958718202307253	0.0	-5.5952380952380949	1	1
0.3610379695892334	4	0.19583333333333333	-5.5113095238095235	0.19583333333333333	-5.5113095238095235	0	1	105	-3.1058285412302502	5.9958718202307253	1	5.8941714587697493	4.9958718202307253	0.0	-5.5952380952380949	1	1
0.37758493423461914	4	0.16785714285714284	-5.371428571428571	0.16785714285714284	-5.371428571428571	0	1	105	-3.1058285412302502	5.9958718202307253	1	5.8941714587697493	4.9958718202307253	0.0	-5.5952380952380949	1	1
0.3941779136657715	4	0.13988095238095238	-5.2595238095238095	0.13988095238095238	-5.2595238095238095	0	1	105	-3.1058285412302502	5.9958718202307253	1	5.8941714587697493	4.9958718202307253	0.0	-5.5952380952380949	1	1
0.41075682640075684	4	0.11190476190476191	-5.0636904761904766	0.11190476190476191	-5.0636904761904766	0	1	105	-3.1058285412302502	5.9958718202307253	1	5.8941714587697493	4.9958718202307253	0.0	-5.5952380952380949	1	1
0.4273707866668701	4	0.08392857142857142	-4.9517857142857142	0.083928571428571422	-4.9517857142857142	0	1	105	-3.1058285412302502	5.9958718202307253	1	5.8941714587697493	4.9958718202307253	0.0	-5.5952380952380949	1	1
0.4440279006958008	4	0.027976190476190477	-4.7279761904761903	0.027976190476190477	-4.7279761904761903	0	1	105	-3.1058285412302502	5.9958718202307253	1	5.8941714587697493	4.9958718202307253	0.0	-5.5952380952380949	1	1
0.46059298515319824	4	0.0	-4.4482142857142861	0.0	-4.4482142857142861	0	1	105	-3.1058285412302502	5.9958718202307253	1	5.8941714587697493	4.9958718202307253	0.0	-5.5952380952380949	1	1
0.4771289825439453	4	-0.027976190476190477	-4.3083333333333336	-0.027976190476190477	-4.3083333333333336	0	1	105	-3.1058285412302502	5.9958718202307253	1	5.8941714587697493	4.9958718202307253	0.0	-5.5952380952380949	1	1
0.4936850070953369	4	-0.08392857142857142	-4.0285714285714285	-0.083928571428571422	-4.0285714285714285	0	1	105	-3.1058285412302502	5.9958718202307253	1	5.8941714587697493	4.9958718202307253	0.0	-5.5952380952380949	1	1
0.5103819370269775	4	-0.13988095238095238	-3.7208333333333332	-0.13988095238095238	-3.7208333333333332	0	1	105	-3.1058285412302502	5.9958718202307253	1	5.8941714587697493	4.9958718202307253	0.0	-5.5952380952380949	1	1
0.526918888092041	4	-0.16785714285714284	-3.5529761904761905	-0.16785714285714284	-3.5529761904761905	0	1	105	-3.1058285412302502	5.9958718202307253	1	5.8941714587697493	4.9958718202307253	0.0	-5.5952380952380949	1	1
0.5435528755187988	4	-0.2517857142857143	-3.2172619047619047	-0.25178571428571428	-3.2172619047619047	0	1	105	-3.1058285412302502	5.9958718202307253	1	5.8941714587697493	4.9958718202307253	0.0	-5.5952380952380949	1	1
0.5601890087127686	4	-0.3357142857142857	-2.8815476190476192	-0.33571428571428569	-2.8815476190476192	0	2	105	-3.1058285412302502	5.9958718202307253	1	5.8941714587697493	4.9958718202307253	0.0	-5.5952380952380949	1	1
0.5767669677734375	4	-0.39166666666666666	-2.7136904761904761	-0.39166666666666666	-2.7136904761904761	0	2	105	-3.1058285412302502	5.9958718202307253	1	5.8941714587697493	4.9958718202307253	0.0	-5.5952380952380949	1	1
0.5933058261871338	4	-0.5035714285714286	-2.3779761904761907	-0.50357142857142856	-2.3779761904761907	0	2	105	-3.1058285412302502	5.9958718202307253	1	5.8941714587697493	4.9958718202307253	0.0	-5.5952380952380949	1	1
0.6099019050598145	4	-0.5595238095238095	-2.2101190476190475	-0.55952380952380953	-2.2101190476190475	0	2	105	-3.1058285412302502	5.9958718202307253	1	5.8941714587697493	4.9958718202307253	0.0	-5.5952380952380949	1	1
0.6267688274383545	4	-0.6714285714285714	-1.9023809523809523	-0.67142857142857137	-1.9023809523809523	0	2	105	-3.1058285412302502	5.9958718202307253	1	5.8941714587697493	4.9958718202307253	0.0	-5.5952380952380949	1	1
0.6433889865875244	4	-0.7553571428571428	-1.5386904761904763	-0.75535714285714284	-1.5386904761904763	0	2	105	-3.1058285412302502	5.9958718202307253	1	5.8941714587697493	4.9958718202307253	0.0	-5.5952380952380949	1	1
0.6600518226623535	4	-0.8672619047619048	-1.2029761904761909	-0.86726190476190479	-1.2029761904761904	0	2	105	-3.1058285412302502	5.9958718202307253	1	5.8941714587697493	4.9958718202307253	0.0	-5.5952380952380949	1	1
0.6765098571777344	4	-0.9232142857142858	-1.0351190476190482	-0.92321428571428577	-1.0351190476190477	0	2	105	-3.1058285412302502	5.9958718202307253	1	5.8941714587697493	4.9958718202307253	0.0	-5.5952380952380949	1	1
0.6931428909301758	4	-1.0071428571428571	-0.69940476190476186	-1.0071428571428571	-0.69940476190476186	0	2	105	-3.1058285412302502	5.9958718202307253	1	5.8941714587697493	4.9958718202307253	0.0	-5.5952380952380949	1	1
0.7097787857055664	4	-1.119047619047619	-0.36369047619047645	-1.1190476190476191	-0.36369047619047618	0	2	105	-3.1058285412302502	5.9958718202307253	1	5.8941714587697493	4.9958718202307253	0.0	-5.5952380952380949	1	1
0.7263569831848145	4	-1.175	-0.19583333333333375	-1.175	-0.19583333333333333	0	2	105	-3.1058285412302502	5.9958718202307253	1	5.8941714587697493	4.9958718202307253	0.0	-5.5952380952380949	1	1
0.7429349422454834	4	-1.286904761904762	0.11190476190476151	-1.286904761904762	0.11190476190476191	0	2	105	-3.1058285412302502	5.9958718202307253	1	5.8941714587697493	4.9958718202307253	0.0	-5.5952380952380949	1	1
0.7595968246459961	4	-1.4267857142857143	0.41964285714285676	-1.4267857142857143	0.41964285714285715	0	2	105	-3.1058285412302502	5.9958718202307253	1	5.8941714587697493	4.9958718202307253	0.0	-5.5952380952380949	1	1
0.7760558128356934	4	-1.4827380952380953	0.58750000000000036	-1.4827380952380953	0.58750000000000002	0	2	105	-3.1058285412302502	5.9958718202307253	1	5.8941714587697493	4.9958718202307253	0.0	-5.5952380952380949	1	1
0.7926650047302246	4	-1.5946428571428573	0.86726190476190457	-1.5946428571428573	0.86726190476190479	0	2	105	-3.1058285412302502	5.9958718202307253	1	5.8941714587697493	4.9958718202307253	0.0	-5.5952380952380949	1	1
0.8092968463897705	4	-1.650595238095238	1.0351190476190482	-1.650595238095238	1.0351190476190477	0	2	105	-3.1058285412302502	5.9958718202307253	1	5.8941714587697493	4.9958718202307253	0.0	-5.5952380952380949	1	1
0.8258709907531738	4	-1.7904761904761906	1.3148809523809524	-1.7904761904761906	1.3148809523809524	0	2	105	-3.1058285412302502	5.9958718202307253	1	5.8941714587697493	4.9958718202307253	0.0	-5.5952380952380949	1	1
0.8424649238586426	4	-1.874404761904762	1.5946428571428575	-1.8744047619047619	1.5946428571428573	0	2	105	-3.1058285412302502	5.9958718202307253	1	5.8941714587697493	4.9958718202307253	0.0	-5.5952380952380949	1	1
0.8590710163116455	4	-1.9303571428571429	1.7345238095238091	-1.9303571428571429	1.7345238095238096	0	2	105	-3.1058285412302502	5.9958718202307253	1	5.8941714587697493	4.9958718202307253	0.0	-5.5952380952380949	1	1
0.8757338523864746	4	-2.0142857142857142	1.9863095238095241	-2.0142857142857142	1.9863095238095239	0	2	105	-3.1058285412302502	5.9958718202307253	1	5.8941714587697493	4.9958718202307253	0.0	-5.5952380952380949	1	1
0.8921878337860107	4	-2.0982142857142856	2.2660714285714292	-2.0982142857142856	2.2660714285714287	0	2	105	-3.1058285412302502	5.9958718202307253	1	5.8941714587697493	4.9958718202307253	0.0	-5.5952380952380949	1	1
0.9089179039001465	4	-2.154166666666667	2.3779761904761907	-2.1541666666666668	2.3779761904761907	0	2	105	-3.1058285412302502	5.9958718202307253	1	5.8941714587697493	4.9958718202307253	0.0	-5.5952380952380949	1	1
0.9254369735717773	4	-2.238095238095238	2.6297619047619047	-2.2380952380952381	2.6297619047619047	0	2	105	-3.1058285412302502	5.9958718202307253	1	5.8941714587697493	4.9958718202307253	0.0	-5.5952380952380949	1	1
0.9417688846588135	4	-2.3220238095238095	2.8535714285714278	-2.3220238095238095	2.8535714285714286	0	2	105	-3.1058285412302502	5.9958718202307253	1	5.8941714587697493	4.9958718202307253	0.0	-5.5952380952380949	1	1
0.9583818912506104	4	-2.35	2.9654761904761902	-2.3500000000000001	2.9654761904761906	0	2	105	-3.1058285412302502	5.9958718202307253	1	5.8941714587697493	4.9958718202307253	0.0	-5.5952380952380949	1	1
0.9750468730926514	4	-2.4339285714285714	3.1892857142857149	-2.4339285714285714	3.1892857142857145	0	2	105	-3.1058285412302502	5.9958718202307253	1	5.8941714587697493	4.9958718202307253	0.0	-5.5952380952380949	1	1
0.9915728569030762	4	-2.489880952380952	3.3851190476190478	-2.4898809523809522	3.3851190476190478	0	2	105	-3.1058285412302502	5.9958718202307253	1	5.8941714587697493	4.9958718202307253	0.0	-5.5952380952380949	1	1
1.0081539154052734	4	-2.517857142857143	3.4970238095238102	-2.5178571428571428	3.4970238095238093	0	2	105	-3.1058285412302502	5.9958718202307253	1	5.8941714587697493	4.9958718202307253	0.0	-5.5952380952380949	1	1
1.0247437953948975	4	-2.573809523809524	3.6648809523809529	-2.573809523809524	3.6648809523809525	0	2	105	-3.1058285412302502	5.9958718202307253	1	5.8941714587697493	4.9958718202307253	0.0	-5.5952380952380949	1	1
1.0413739681243896	4	-2.601785714285714	3.7488095238095234	-2.6017857142857141	3.7488095238095238	0	2	105	-3.1058285412302502	5.9958718202307253	1	5.8941714587697493	4.9958718202307253	0.0	-5.5952380952380949	1	1
1.0579369068145752	4	-2.6577380952380953	3.9166666666666661	-2.6577380952380953	3.9166666666666665	0	2	105	-3.1058285412302502	5.9958718202307253	1	5.8941714587697493	4.9958718202307253	0.0	-5.5952380952380949	1	1
1.074558973312378	4	-2.713690476190476	4.0845238095238088	-2.7136904761904761	4.0845238095238097	0	2	105	-3.1058285412302502	5.9958718202307253	1	5.8941714587697493	4.9958718202307253	0.0	-5.5952380952380949	1	1
1.0911238193511963	4	-2.7696428571428573	4.2523809523809533	-2.7696428571428573	4.2523809523809524	0	2	105	-3.1058285412302502	5.9958718202307253	1	5.8941714587697493	4.9958718202307253	0.0	-5.5952380952380949	1	1
1.1078059673309326	4	-2.7696428571428573	4.3363095238095237	-2.7696428571428573	4.3363095238095237	0	2	105	-3.1058285412302502	5.9958718202307253	1	5.8941714587697493	4.9958718202307253	0.0	-5.5952380952380949	1	1
1.1243228912353516	4	-2.825595238095238	4.5041666666666664	-2.825595238095238	4.5041666666666664	0	2	105	-3.1058285412302502	5.9958718202307253	1	5.8941714587697493	4.9958718202307253	0.0	-5.5952380952380949	1	1
1.140894889831543	4	-2.8535714285714286	4.5880952380952387	-2.8535714285714286	4.5880952380952378	0	2	105	-3.1058285412302502	5.9958718202307253	1	5.8941714587697493	4.9958718202307253	0.0	-5.5952380952380949	1	1
1.1574509143829346	4	-2.8815476190476192	4.7279761904761912	-2.8815476190476192	4.7279761904761903	0	2	105	-3.1058285412302502	5.9958718202307253	1	5.8941714587697493	4.9958718202307253	0.0	-5.5952380952380949	1	1
1.1741769313812256	4	-2.9095238095238094	4.8678571428571438	-2.9095238095238094	4.8678571428571429	0	2	105	-3.1058285412302502	5.9958718202307253	1	5.8941714587697493	4.9958718202307253	0.0	-5.5952380952380949	1	1
1.190701961517334	4	-2.9375	4.9517857142857142	-2.9375	4.9517857142857142	0	2	105	-3.1058285412302502	5.9958718202307253	1	5.8941714587697493	4.9958718202307253	0.0	-5.5952380952380949	1	1
1.2073040008544922	4	-2.9375	5.0077380952380963	-2.9375	5.0077380952380954	0	2	105	-3.1058285412302502	5.9958718202307253	1	5.8941714587697493	4.9958718202307253	0.0	-5.5952380952380949	1	1
1.2238738536834717	4	-2.9654761904761906	5.0916666666666668	-2.9654761904761906	5.0916666666666668	0	2	105	-3.1058285412302502	5.9958718202307253	1	5.8941714587697493	4.9958718202307253	0.0	-5.5952380952380949	1	1
1.2405309677124023	4	-2.9654761904761906	5.1196428571428569	-2.9654761904761906	5.1196428571428569	0	2	105	-3.1058285412302502	5.9958718202307253	1	5.8941714587697493	4.9958718202307253	0.0	-5.5952380952380949	1	1
1.2570598125457764	4	-2.9934523809523808	5.1755952380952372	-2.9934523809523808	5.1755952380952381	0	2	105	-3.1058285412302502	5.9958718202307253	1	5.8941714587697493	4.9958718202307253	0.0	-5.5952380952380949	1	1
1.2739999294281006	4	-3.0214285714285714	5.2595238095238095	-3.0214285714285714	5.2595238095238095	0	2	105	-3.1058285412302502	5.9958718202307253	1	5.8941714587697493	4.9958718202307253	0.0	-5.5952380952380949	1	1
1.2905550003051758	4	-3.049404761904762	5.3434523809523817	-3.049404761904762	5.3434523809523808	0	2	105	-3.1058285412302502	5.9958718202307253	1	5.8941714587697493	4.9958718202307253	0.0	-5.5952380952380949	1	1
1.3071718215942383	4	-3.049404761904762	5.3714285714285701	-3.049404761904762	5.371428571428571	0	2	105	-3.1058285412302502	5.9958718202307253	1	5.8941714587697493	4.9958718202307253	0.0	-5.5952380952380949	1	1
1.3237338066101074	4	-3.0773809523809526	5.4273809523809522	-3.0773809523809526	5.4273809523809522	0	2	105	-3.1058285412302502	5.9958718202307253	1	5.8941714587697493	4.9958718202307253	0.0	-5.5952380952380949	1	1
1.3403189182281494	4	-3.0773809523809526	5.4553571428571423	-3.0773809523809526	5.4553571428571432	0	2	105	-3.1058285412302502	5.9958718202307253	1	5.8941714587697493	4.9958718202307253	0.0	-5.5952380952380949	1	1
1.356902837753296	4	-3.0773809523809526	5.5113095238095227	-3.0773809523809526	5.5113095238095235	0	2	105	-3.1058285412302502	5.9958718202307253	1	5.8941714587697493	4.9958718202307253	0.0	-5.5952380952380949	1	1
1.3735809326171875	4	-3.1053571428571427	5.5672619047619047	-3.1053571428571427	5.5672619047619047	0	2	105	-3.1058285412302502	5.9958718202307253	1	5.8941714587697493	4.9958718202307253	0.0	-5.5952380952380949	1	1
1.3901379108428955	4	-3.1053571428571427	5.6232142857142868	-3.1053571428571427	5.6232142857142859	0	2	105	-3.1058285412302502	5.9958718202307253	1	5.8941714587697493	4.9958718202307253	0.0	-5.5952380952380949	1	1
1.406709909439087	4	-3.1053571428571427	5.6511904761904752	-3.1053571428571427	5.6511904761904761	0	2	105	-3.1058285412302502	5.9958718202307253	1	5.8941714587697493	4.9958718202307253	0.0	-5.5952380952380949	1	1
1.4232938289642334	4	-3.1053571428571427	5.6791666666666671	-3.1053571428571427	5.6791666666666663	0	2	105	-3.1058285412302502	5.9958718202307253	1	5.8941714587697493	4.9958718202307253	0.0	-5.5952380952380949	1	1
1.4396278858184814	4	-3.1053571428571427	5.7071428571428573	-3.1053571428571427	5.7071428571428573	0	2	105	-3.1058285412302502	5.9958718202307253	1	5.8941714587697493	4.9958718202307253	0.0	-5.5952380952380949	1	1
1.456192970275879	4	-3.1053571428571427	5.7351190476190474	-3.1053571428571427	5.7351190476190474	0	2	105	-3.1058285412302502	5.9958718202307253	1	5.8941714587697493	4.9958718202307253	0.0	-5.5952380952380949	1	1
1.47291898727417	4	-3.1053571428571427	5.7630952380952394	-3.1053571428571427	5.7630952380952385	0	2	105	-3.1058285412302502	5.9958718202307253	1	5.8941714587697493	4.9958718202307253	0.0	-5.5952380952380949	1	1
1.4893670082092285	4	-3.1053571428571427	5.7910714285714278	-3.1053571428571427	5.7910714285714286	0	2	105	-3.1058285412302502	5.9958718202307253	1	5.8941714587697493	4.9958718202307253	0.0	-5.5952380952380949	1	1
1.5060207843780518	4	-3.1333333333333333	5.8190476190476197	-3.1333333333333333	5.8190476190476188	0	2	105	-3.1058285412302502	5.9958718202307253	1	5.8941714587697493	4.9958718202307253	0.0	-5.5952380952380949	1	1
1.5225589275360107	4	-3.1333333333333333	5.8190476190476197	-3.1333333333333333	5.8190476190476188	0	2	105	-3.1058285412302502	5.9958718202307253	1	5.8941714587697493	4.9958718202307253	0.0	-5.5952380952380949	1	1
1.5391418933868408	4	-3.1333333333333333	5.8190476190476197	-3.1333333333333333	5.8190476190476188	0	2	105	-3.1058285412302502	5.9958718202307253	1	5.8941714587697493	4.9958718202307253	0.0	-5.5952380952380949	1	1
1.5557467937469482	4	-3.1053571428571427	5.8190476190476197	-3.1053571428571427	5.8190476190476188	0	2	105	-3.1058285412302502	5.9958718202307253	1	5.8941714587697493	4.9958718202307253	0.0	-5.5952380952380949	1	1
1.5724279880523682	4	-3.1053571428571427	5.8190476190476197	-3.1053571428571427	5.8190476190476188	0	2	105	-3.1058285412302502	5.9958718202307253	1	5.8941714587697493	4.9958718202307253	0.0	-5.5952380952380949	1	1
1.5892407894134521	4	-3.1053571428571427	5.8190476190476197	-3.1053571428571427	5.8190476190476188	0	2	105	-3.1058285412302502	5.9958718202307253	1	5.8941714587697493	4.9958718202307253	0.0	-5.5952380952380949	1	1
1.6057989597320557	4	-3.1053571428571427	5.8190476190476197	-3.1053571428571427	5.8190476190476188	0	2	105	-3.1058285412302502	5.9958718202307253	1	5.8941714587697493	4.9958718202307253	0.0	-5.5952380952380949	1	1
1.6223948001861572	4	-3.1053571428571427	5.8190476190476197	-3.1053571428571427	5.8190476190476188	0	2	105	-3.1058285412302502	5.9958718202307253	1	5.8941714587697493	4.9958718202307253	0.0	-5.5952380952380949	1	1
1.6390409469604492	4	-3.1053571428571427	5.8190476190476197	-3.1053571428571427	5.8190476190476188	0	2	105	-3.1058285412302502	5.9958718202307253	1	5.8941714587697493	4.9958718202307253	0.0	-5.5952380952380949	1	1
1.6556129455566406	4	-3.1053571428571427	5.8190476190476197	-3.1053571428571427	5.8190476190476188	0	2	105	-3.1058285412302502	5.9958718202307253	1	5.8941714587697493	4.9958718202307253	0.0	-5.5952380952380949	1	1
1.6721549034118652	4	-3.1053571428571427	5.8190476190476197	-3.1053571428571427	5.8190476190476188	0	2	105	-3.1058285412302502	5.9958718202307253	1	5.8941714587697493	4.9958718202307253	0.0	-5.5952380952380949	1	1
1.6888418197631836	4	-3.1053571428571427	5.8190476190476197	-3.1053571428571427	5.8190476190476188	0	2	105	-3.1058285412302502	5.9958718202307253	1	5.8941714587697493	4.9958718202307253	0.0	-5.5952380952380949	1	1
1.7054238319396973	4	-3.1053571428571427	5.8190476190476197	-3.1053571428571427	5.8190476190476188	0	2	105	-3.1058285412302502	5.9958718202307253	1	5.8941714587697493	4.9958718202307253	0.0	-5.5952380952380949	1	1
1.7219698429107666	4	-3.1053571428571427	5.8190476190476197	-3.1053571428571427	5.8190476190476188	0	2	105	-3.1058285412302502	5.9958718202307253	1	5.8941714587697493	4.9958718202307253	0.0	-5.5952380952380949	1	1
1.7385749816894531	4	-3.1053571428571427	5.8190476190476197	-3.1053571428571427	5.8190476190476188	0	2	105	-3.1058285412302502	5.9958718202307253	1	5.8941714587697493	4.9958718202307253	0.0	-5.5952380952380949	1	1
1.754863977432251	4	-3.049404761904762	5.8190476190476197	-3.049404761904762	5.8190476190476188	0	2	105	-3.1058285412302502	5.9958718202307253	1	5.8941714587697493	4.9958718202307253	0.0	-5.5952380952380949	1	1
1.771514892578125	4	-2.9934523809523808	5.8190476190476197	-2.9934523809523808	5.8190476190476188	0	2	105	-3.1058285412302502	5.9958718202307253	1	5.8941714587697493	4.9958718202307253	0.0	-5.5952380952380949	1	1
1.7881159782409668	4	-2.9654761904761906	5.8190476190476197	-2.9654761904761906	5.8190476190476188	0	2	105	-3.1058285412302502	5.9958718202307253	1	5.8941714587697493	4.9958718202307253	0.0	-5.5952380952380949	1	1
1.8046598434448242	4	-2.9375	5.8190476190476197	-2.9375	5.8190476190476188	0	2	105	-3.1058285412302502	5.9958718202307253	1	5.8941714587697493	4.9958718202307253	0.0	-5.5952380952380949	1	1
1.8212289810180664	4	-2.9095238095238094	5.8190476190476197	-2.9095238095238094	5.8190476190476188	0	2	105	-3.1058285412302502	5.9958718202307253	1	5.8941714587697493	4.9958718202307253	0.0	-5.5952380952380949	1	1
1.8378818035125732	4	-2.8815476190476192	5.8190476190476197	-2.8815476190476192	5.8190476190476188	0	2	105	-3.1058285412302502	5.9958718202307253	1	5.8941714587697493	4.9958718202307253	0.0	-5.5952380952380949	1	1
1.8544399738311768	4	-2.825595238095238	5.8190476190476197	-2.825595238095238	5.8190476190476188	0	2	105	-3.1058285412302502	5.9958718202307253	1	5.8941714587697493	4.9958718202307253	0.0	-5.5952380952380949	1	1
1.8710248470306396	4	-2.7416666666666667	5.8470238095238098	-2.7416666666666667	5.8470238095238098	0	2	105	-3.1058285412302502	5.9958718202307253	1	5.8941714587697493	4.9958718202307253	0.0	-5.5952380952380949	1	1
1.8877058029174805	4	-2.713690476190476	5.8470238095238098	-2.7136904761904761	5.8470238095238098	0	2	105	-3.1058285412302502	5.9958718202307253	1	5.8941714587697493	4.9958718202307253	0.0	-5.5952380952380949	1	1
1.9042580127716064	4	-2.6297619047619047	5.8470238095238098	-2.6297619047619047	5.8470238095238098	0	2	105	-3.1058285412302502	5.9958718202307253	1	5.8941714587697493	4.9958718202307253	0.0	-5.5952380952380949	1	1
1.9211039543151855	4	-2.601785714285714	5.8470238095238098	-2.6017857142857141	5.8470238095238098	0	2	105	-3.1058285412302502	5.9958718202307253	1	5.8941714587697493	4.9958718202307253	0.0	-5.5952380952380949	1	1
1.9376418590545654	4	-2.5458333333333334	5.8470238095238098	-2.5458333333333334	5.8470238095238098	0	2	105	-3.1058285412302502	5.9958718202307253	1	5.8941714587697493	4.9958718202307253	0.0	-5.5952380952380949	1	1
1.9542858600616455	4	-2.461904761904762	5.8470238095238098	-2.461904761904762	5.8470238095238098	0	2	105	-3.1058285412302502	5.9958718202307253	1	5.8941714587697493	4.9958718202307253	0.0	-5.5952380952380949	1	1
1.9709339141845703	4	-2.4339285714285714	5.8470238095238098	-2.4339285714285714	5.8470238095238098	0	2	105	-3.1058285412302502	5.9958718202307253	1	5.8941714587697493	4.9958718202307253	0.0	-5.5952380952380949	1	1
1.987548828125	4	-2.3220238095238095	5.8470238095238098	-2.3220238095238095	5.8470238095238098	0	2	105	-3.1058285412302502	5.9958718202307253	1	5.8941714587697493	4.9958718202307253	0.0	-5.5952380952380949	1	1
2.0039567947387695	4	-2.2101190476190475	5.8470238095238098	-2.2101190476190475	5.8470238095238098	0	2	105	-3.1058285412302502	5.9958718202307253	1	5.8941714587697493	4.9958718202307253	0.0	-5.5952380952380949	1	1
2.0206639766693115	4	-2.154166666666667	5.8470238095238098	-2.1541666666666668	5.8470238095238098	0	2	105	-3.1058285412302502	5.9958718202307253	1	5.8941714587697493	4.9958718202307253	0.0	-5.5952380952380949	1	1
2.037303924560547	4	-2.0142857142857142	5.8470238095238098	-2.0142857142857142	5.8470238095238098	0	2	105	-3.1058285412302502	5.9958718202307253	1	5.8941714587697493	4.9958718202307253	0.0	-5.5952380952380949	1	1
2.053867816925049	4	-1.9023809523809523	5.875	-1.9023809523809523	5.875	0	2	105	-3.1058285412302502	5.9958718202307253	1	5.8941714587697493	4.9958718202307253	0.0	-5.5952380952380949	1	1
2.0701448917388916	4	-1.874404761904762	5.875	-1.8744047619047619	5.875	0	2	105	-3.1058285412302502	5.9958718202307253	1	5.8941714587697493	4.9958718202307253	0.0	-5.5952380952380949	1	1
2.0868899822235107	4	-1.7904761904761906	5.875	-1.7904761904761906	5.875	0	2	105	-3.1058285412302502	5.9958718202307253	1	5.8941714587697493	4.9958718202307253	0.0	-5.5952380952380949	1	1
2.1033949851989746	4	-1.7625	5.875	-1.7625	5.875	0	2	105	-3.1058285412302502	5.9958718202307253	1	5.8941714587697493	4.9958718202307253	0.0	-5.5952380952380949	1	1
2.119952917098999	4	-1.7625	5.875	-1.7625	5.875	0	2	105	-3.1058285412302502	5.9958718202307253	1	5.8941714587697493	4.9958718202307253	0.0	-5.5952380952380949	1	1
2.1365509033203125	4	-1.7625	5.875	-1.7625	5.875	0	2	105	-3.1058285412302502	5.9958718202307253	1	5.8941714587697493	4.9958718202307253	0.0	-5.5952380952380949	1	1
2.1531498432159424	4	-1.7625	5.875	-1.7625	5.875	0	2	105	-3.1058285412302502	5.9958718202307253	1	5.8941714587697493	4.9958718202307253	0.0	-5.5952380952380949	1	1
2.169757843017578	4	-1.7625	5.875	-1.7625	5.875	0	2	105	-3.1058285412302502	5.9958718202307253	1	5.8941714587697493	4.9958718202307253	0.0	-5.5952380952380949	1	1
2.1864349842071533	4	-1.7625	5.875	-1.7625	5.875	0	2	105	-3.1058285412302502	5.9958718202307253	1	5.8941714587697493	4.9958718202307253	0.0	-5.5952380952380949	1	1
2.2029309272766113	4	-1.7625	5.875	-1.7625	5.875	0	2	105	-3.1058285412302502	5.9958718202307253	1	5.8941714587697493	4.9958718202307253	0.0	-5.5952380952380949	1	1
2.219521999359131	4	-1.7625	5.875	-1.7625	5.875	0	2	105	-3.1058285412302502	5.9958718202307253	1	5.8941714587697493	4.9958718202307253	0.0	-5.5952380952380949	1	1
2.2361669540405273	4	-1.7625	5.875	-1.7625	5.875	0	2	105	-3.1058285412302502	5.9958718202307253	1	5.8941714587697493	4.9958718202307253	0.0	-5.5952380952380949	1	1
2.2526888847351074	4	-1.7625	5.875	-1.7625	5.875	0	2	105	-3.1058285412302502	5.9958718202307253	1	5.8941714587697493	4.9958718202307253	0.0	-5.5952380952380949	1	1
2.269282817840576	4	-1.7904761904761906	5.875	-1.7904761904761906	5.875	0	2	105	-3.1058285412302502	5.9958718202307253	1	5.8941714587697493	4.9958718202307253	0.0	-5.5952380952380949	1	1
2.2860498428344727	4	-1.7904761904761906	5.9029761904761902	-1.7904761904761906	5.9029761904761902	0	2	105	-3.1058285412302502	5.9958718202307253	1	5.8941714587697493	4.9958718202307253	0.0	-5.5952380952380949	1	1
2.3025379180908203	4	-1.7904761904761906	5.9029761904761902	-1.7904761904761906	5.9029761904761902	0	2	105	-3.1058285412302502	5.9958718202307253	1	5.8941714587697493	4.9958718202307253	0.0	-5.5952380952380949	1	1
2.3191208839416504	4	-1.7904761904761906	5.9029761904761902	-1.7904761904761906	5.9029761904761902	0	2	105	-3.1058285412302502	5.9958718202307253	1	5.8941714587697493	4.9958718202307253	0.0	-5.5952380952380949	1	1
2.335676908493042	4	-1.7904761904761906	5.9029761904761902	-1.7904761904761906	5.9029761904761902	0	2	105	-3.1058285412302502	5.9958718202307253	1	5.8941714587697493	4.9958718202307253	0.0	-5.5952380952380949	1	1
2.3522307872772217	4	-1.7904761904761906	5.9029761904761902	-1.7904761904761906	5.9029761904761902	0	2	105	-3.1058285412302502	5.9958718202307253	1	5.8941714587697493	4.9958718202307253	0.0	-5.5952380952380949	1	1
2.3688879013061523	4	-1.7904761904761906	5.9029761904761902	-1.7904761904761906	5.9029761904761902	0	2	105	-3.1058285412302502	5.9958718202307253	1	5.8941714587697493	4.9958718202307253	0.0	-5.5952380952380949	1	1
2.3854589462280273	4	-1.7904761904761906	5.9029761904761902	-1.7904761904761906	5.9029761904761902	0	2	105	-3.1058285412302502	5.9958718202307253	1	5.8941714587697493	4.9958718202307253	0.0	-5.5952380952380949	1	1
2.4023590087890625	4	-1.7904761904761906	5.9029761904761902	-1.7904761904761906	5.9029761904761902	0	2	105	-3.1058285412302502	5.9958718202307253	1	5.8941714587697493	4.9958718202307253	0.0	-5.5952380952380949	1	1
2.418959856033325	4	-1.7904761904761906	5.9029761904761902	-1.7904761904761906	5.9029761904761902	0	2	105	-3.1058285412302502	5.9958718202307253	1	5.8941714587697493	4.9958718202307253	0.0	-5.5952380952380949	1	1
2.4355738162994385	4	-1.7904761904761906	5.9029761904761902	-1.7904761904761906	5.9029761904761902	0	2	105	-3.1058285412302502	5.9958718202307253	1	5.8941714587697493	4.9958718202307253	0.0	-5.5952380952380949	1	1
2.451981782913208	4	-1.7904761904761906	5.9029761904761902	-1.7904761904761906	5.9029761904761902	0	2	105	-3.1058285412302502	5.9958718202307253	1	5.8941714587697493	4.9958718202307253	0.0	-5.5952380952380949	1	1
2.468709945678711	4	-1.7904761904761906	5.9029761904761902	-1.7904761904761906	5.9029761904761902	0	2	105	-3.1058285412302502	5.9958718202307253	1	5.8941714587697493	4.9958718202307253	0.0	-5.5952380952380949	1	1
2.485265016555786	4	-1.818452380952381	5.9029761904761902	-1.8184523809523809	5.9029761904761902	0	2	105	-3.1058285412302502	5.9958718202307253	1	5.8941714587697493	4.9958718202307253	0.0	-5.5952380952380949	1	1
2.501863956451416	4	-1.9023809523809523	5.9309523809523803	-1.9023809523809523	5.9309523809523812	0	2	105	-3.1058285412302502	5.9958718202307253	1	5.8941714587697493	4.9958718202307253	0.0	-5.5952380952380949	1	1
2.5184969902038574	4	-1.9583333333333333	5.9309523809523803	-1.9583333333333333	5.9309523809523812	0	2	105	-3.1058285412302502	5.9958718202307253	1	5.8941714587697493	4.9958718202307253	0.0	-5.5952380952380949	1	1
2.5350828170776367	4	-2.042261904761905	5.9589285714285722	-2.0422619047619048	5.9589285714285714	0	2	105	-3.1058285412302502	5.9958718202307253	1	5.8941714587697493	4.9958718202307253	0.0	-5.5952380952380949	1	1
2.5516409873962402	4	-2.0982142857142856	5.9589285714285722	-2.0982142857142856	5.9589285714285714	0	2	105	-3.1058285412302502	5.9958718202307253	1	5.8941714587697493	4.9958718202307253	0.0	-5.5952380952380949	1	1
2.568283796310425	4	-2.154166666666667	5.9589285714285722	-2.1541666666666668	5.9589285714285714	0	2	105	-3.1058285412302502	5.9958718202307253	1	5.8941714587697493	4.9958718202307253	0.0	-5.5952380952380949	1	1
2.584843873977661	4	-2.2101190476190475	5.9589285714285722	-2.2101190476190475	5.9589285714285714	0	2	105	-3.1058285412302502	5.9958718202307253	1	5.8941714587697493	4.9958718202307253	0.0	-5.5952380952380949	1	1
2.601491928100586	4	-2.238095238095238	5.9589285714285722	-2.2380952380952381	5.9589285714285714	0	2	105	-3.1058285412302502	5.9958718202307253	1	5.8941714587697493	4.9958718202307253	0.0	-5.5952380952380949	1	1
2.6180408000946045	4	-2.2660714285714287	5.9589285714285722	-2.2660714285714287	5.9589285714285714	0	2	105	-3.1058285412302502	5.9958718202307253	1	5.8941714587697493	4.9958718202307253	0.0	-5.5952380952380949	1	1
2.63470196723938	4	-2.3220238095238095	5.9589285714285722	-2.3220238095238095	5.9589285714285714	0	2	105	-3.1058285412302502	5.9958718202307253	1	5.8941714587697493	4.9958718202307253	0.0	-5.5952380952380949	1	1
2.651181936264038	4	-2.35	5.9589285714285722	-2.3500000000000001	5.9589285714285714	0	2	105	-3.1058285412302502	5.9958718202307253	1	5.8941714587697493	4.9958718202307253	0.0	-5.5952380952380949	1	1
2.6678099632263184	4	-2.405952380952381	5.9869047619047606	-2.4059523809523808	5.9869047619047615	0	2	105	-3.1058285412302502	5.9958718202307253	1	5.8941714587697493	4.9958718202307253	0.0	-5.5952380952380949	1	1
2.6843879222869873	4	-2.461904761904762	5.9869047619047606	-2.461904761904762	5.9869047619047615	0	2	105	-3.1058285412302502	5.9958718202307253	1	5.8941714587697493	4.9958718202307253	0.0	-5.5952380952380949	1	1
2.7010498046875	4	-2.517857142857143	5.9869047619047606	-2.5178571428571428	5.9869047619047615	0	2	105	-3.1058285412302502	5.9958718202307253	1	5.8941714587697493	4.9958718202307253	0.0	-5.5952380952380949	1	1
2.7173500061035156	4	-2.601785714285714	5.9869047619047606	-2.6017857142857141	5.9869047619047615	0	2	105	-3.1058285412302502	5.9958718202307253	1	5.8941714587697493	4.9958718202307253	0.0	-5.5952380952380949	1	1
2.733928918838501	4	-2.6577380952380953	5.9869047619047606	-2.6577380952380953	5.9869047619047615	0	2	105	-3.1058285412302502	5.9958718202307253	1	5.8941714587697493	4.9958718202307253	0.0	-5.5952380952380949	1	1
2.750532865524292	4	-2.6857142857142855	5.9589285714285722	-2.6857142857142855	5.9589285714285714	0	2	105	-3.1058285412302502	5.9958718202307253	1	5.8941714587697493	4.9958718202307253	0.0	-5.5952380952380949	1	1
2.7672038078308105	4	-2.7696428571428573	5.9589285714285722	-2.7696428571428573	5.9589285714285714	0	2	105	-3.1058285412302502	5.9958718202307253	1	5.8941714587697493	4.9958718202307253	0.0	-5.5952380952380949	1	1
2.783752918243408	4	-2.8815476190476192	5.9589285714285722	-2.8815476190476192	5.9589285714285714	0	2	105	-3.1058285412302502	5.9958718202307253	1	5.8941714587697493	4.9958718202307253	0.0	-5.5952380952380949	1	1
2.8003828525543213	4	-2.9095238095238094	5.9589285714285722	-2.9095238095238094	5.9589285714285714	0	2	105	-3.1058285412302502	5.9958718202307253	1	5.8941714587697493	4.9958718202307253	0.0	-5.5952380952380949	1	1
2.8169147968292236	4	-3.0214285714285714	5.9589285714285722	-3.0214285714285714	5.9589285714285714	0	2	105	-3.1058285412302502	5.9958718202307253	1	5.8941714587697493	4.9958718202307253	0.0	-5.5952380952380949	1	1
2.833554983139038	4	-3.0773809523809526	5.9309523809523803	-3.0773809523809526	5.9309523809523812	0	2	105	-3.1058285412302502	5.9958718202307253	1	5.8941714587697493	4.9958718202307253	0.0	-5.5952380952380949	1	1
2.85011887550354	4	-3.1053571428571427	5.9309523809523803	-3.1053571428571427	5.9309523809523812	0	2	105	-3.1058285412302502	5.9958718202307253	1	5.8941714587697493	4.9958718202307253	0.0	-5.5952380952380949	1	1
2.8667027950286865	4	-3.1053571428571427	5.9309523809523803	-3.1053571428571427	5.9309523809523812	0	2	105	-3.1058285412302502	5.9958718202307253	1	5.8941714587697493	4.9958718202307253	0.0	-5.5952380952380949	1	1
2.883551836013794	4	-3.1053571428571427	5.9309523809523803	-3.1053571428571427	5.9309523809523812	0	2	105	-3.1058285412302502	5.9958718202307253	1	5.8941714587697493	4.9958718202307253	0.0	-5.5952380952380949	1	1
2.9002339839935303	4	-3.1053571428571427	5.9309523809523803	-3.1053571428571427	5.9309523809523812	0	2	105	-3.1058285412302502	5.9958718202307253	1	5.8941714587697493	4.9958718202307253	0.0	-5.5952380952380949	1	1
2.9167239665985107	4	-3.1053571428571427	5.9309523809523803	-3.1053571428571427	5.9309523809523812	0	2	105	-3.1058285412302502	5.9958718202307253	1	5.8941714587697493	4.9958718202307253	0.0	-5.5952380952380949	1	1
2.93334698677063	4	-3.1053571428571427	5.9309523809523803	-3.1053571428571427	5.9309523809523812	0	2	105	-3.1058285412302502	5.9958718202307253	1	5.8941714587697493	4.9958718202307253	0.0	-5.5952380952380949	1	1
2.949927806854248	4	-3.1053571428571427	5.9309523809523803	-3.1053571428571427	5.9309523809523812	0	2	105	-3.1058285412302502	5.9958718202307253	1	5.8941714587697493	4.9958718202307253	0.0	-5.5952380952380949	1	1
2.9665558338165283	4	-3.1053571428571427	5.9309523809523803	-3.1053571428571427	5.9309523809523812	0	2	105	-3.1058285412302502	5.9958718202307253	1	5.8941714587697493	4.9958718202307253	0.0	-5.5952380952380949	1	1
2.9831418991088867	4	-3.1053571428571427	5.9309523809523803	-3.1053571428571427	5.9309523809523812	0	2	105	-3.1058285412302502	5.9958718202307253	1	5.8941714587697493	4.9958718202307253	0.0	-5.5952380952380949	1	1
2.9997808933258057	4	-3.1053571428571427	5.9309523809523803	-3.1053571428571427	5.9309523809523812	0	2	105	-3.1058285412302502	5.9958718202307253	1	5.8941714587697493	4.9958718202307253	0.0	-5.5952380952380949	1	1
3.0162289142608643	4	-3.1053571428571427	5.9309523809523803	-3.1053571428571427	5.9309523809523812	0	2	105	-3.1058285412302502	5.9958718202307253	1	5.8941714587697493	4.9958718202307253	0.0	-5.5952380952380949	1	1
3.0329408645629883	4	-3.1053571428571427	5.9309523809523803	-3.1053571428571427	5.9309523809523812	0	2	105	-3.1058285412302502	5.9958718202307253	1	5.8941714587697493	4.9958718202307253	0.0	-5.5952380952380949	1	1
3.049222946166992	4	-3.1053571428571427	5.9309523809523803	-3.1053571428571427	5.9309523809523812	0	2	105	-3.1058285412302502	5.9958718202307253	1	5.8941714587697493	4.9958718202307253	0.0	-5.5952380952380949	1	1
3.0658109188079834	4	-3.1053571428571427	5.9309523809523803	-3.1053571428571427	5.9309523809523812	0	2	105	-3.1058285412302502	5.9958718202307253	1	5.8941714587697493	4.9958718202307253	0.0	-5.5952380952380949	1	1
3.0824198722839355	4	-3.1053571428571427	5.9309523809523803	-3.1053571428571427	5.9309523809523812	0	2	105	-3.1058285412302502	5.9958718202307253	1	5.8941714587697493	4.9958718202307253	0.0	-5.5952380952380949	1	1
3.0991899967193604	4	-3.1053571428571427	5.9309523809523803	-3.1053571428571427	5.9309523809523812	0	2	105	-3.1058285412302502	5.9958718202307253	1	5.8941714587697493	4.9958718202307253	0.0	-5.5952380952380949	1	1
3.1156129837036133	4	-3.1053571428571427	5.9309523809523803	-3.1053571428571427	5.9309523809523812	0	2	105	-3.1058285412302502	5.9958718202307253	1	5.8941714587697493	4.9958718202307253	0.0	-5.5952380952380949	1	1
3.1321959495544434	4	-3.1053571428571427	5.9309523809523803	-3.1053571428571427	5.9309523809523812	0	2	105	-3.1058285412302502	5.9958718202307253	1	5.8941714587697493	4.9958718202307253	0.0	-5.5952380952380949	1	1
3.1487820148468018	4	-3.1053571428571427	5.9309523809523803	-3.1053571428571427	5.9309523809523812	0	2	105	-3.1058285412302502	5.9958718202307253	1	5.8941714587697493	4.9958718202307253	0.0	-5.5952380952380949	1	1
3.1652448177337646	4	-3.1053571428571427	5.9309523809523803	-3.1053571428571427	5.9309523809523812	0	2	105	-3.1058285412302502	5.9958718202307253	1	5.8941714587697493	4.9958718202307253	0.0	-5.5952380952380949	1	1
3.1817398071289062	4	-3.1053571428571427	5.9309523809523803	-3.1053571428571427	5.9309523809523812	0	2	105	-3.1058285412302502	5.9958718202307253	1	5.8941714587697493	4.9958718202307253	0.0	-5.5952380952380949	1	1
3.1983978748321533	4	-3.1053571428571427	5.9309523809523803	-3.1053571428571427	5.9309523809523812	0	2	105	-3.1058285412302502	5.9958718202307253	1	5.8941714587697493	4.9958718202307253	0.0	-5.5952380952380949	1	1
3.2153048515319824	4	-3.1053571428571427	5.9309523809523803	-3.1053571428571427	5.9309523809523812	0	2	105	-3.1058285412302502	5.9958718202307253	1	5.8941714587697493	4.9958718202307253	0.0	-5.5952380952380949	1	1
3.231874942779541	4	-3.1053571428571427	5.9309523809523803	-3.1053571428571427	5.9309523809523812	0	2	105	-3.1058285412302502	5.9958718202307253	1	5.8941714587697493	4.9958718202307253	0.0	-5.5952380952380949	1	1
3.2484488487243652	4	-3.1053571428571427	5.9309523809523803	-3.1053571428571427	5.9309523809523812	0	2	105	-3.1058285412302502	5.9958718202307253	1	5.8941714587697493	4.9958718202307253	0.0	-5.5952380952380949	1	1
3.264997959136963	4	-3.1053571428571427	5.9309523809523803	-3.1053571428571427	5.9309523809523812	0	2	105	-3.1058285412302502	5.9958718202307253	1	5.8941714587697493	4.9958718202307253	0.0	-5.5952380952380949	1	1
3.2815709114074707	4	-3.1053571428571427	5.9309523809523803	-3.1053571428571427	5.9309523809523812	0	2	105	-3.1058285412302502	5.9958718202307253	1	5.8941714587697493	4.9958718202307253	0.0	-5.5952380952380949	1	1
3.2982017993927	4	-3.1053571428571427	5.9309523809523803	-3.1053571428571427	5.9309523809523812	0	2	105	-3.1058285412302502	5.9958718202307253	1	5.8941714587697493	4.9958718202307253	0.0	-5.5952380952380949	1	1
3.3148438930511475	4	-3.0773809523809526	5.9309523809523803	-3.0773809523809526	5.9309523809523812	0	2	105	-3.1058285412302502	5.9958718202307253	1	5.8941714587697493	4.9958718202307253	0.0	-5.5952380952380949	1	1
3.331451892852783	4	-3.049404761904762	5.9309523809523803	-3.049404761904762	5.9309523809523812	0	2	105	-3.1058285412302502	5.9958718202307253	1	5.8941714587697493	4.9958718202307253	0.0	-5.5952380952380949	1	1
3.347975015640259	4	-3.0214285714285714	5.9309523809523803	-3.0214285714285714	5.9309523809523812	0	2	105	-3.1058285412302502	5.9958718202307253	1	5.8941714587697493	4.9958718202307253	0.0	-5.5952380952380949	1	1
3.364626884460449	4	-2.9654761904761906	5.9589285714285722	-2.9654761904761906	5.9589285714285714	0	2	105	-3.1058285412302502	5.9958718202307253	1	5.8941714587697493	4.9958718202307253	0.0	-5.5952380952380949	1	1
3.3812148571014404	4	-2.8815476190476192	5.9589285714285722	-2.8815476190476192	5.9589285714285714	0	2	105	-3.1058285412302502	5.9958718202307253	1	5.8941714587697493	4.9958718202307253	0.0	-5.5952380952380949	1	1
3.3978137969970703	4	-2.7976190476190474	5.9589285714285722	-2.7976190476190474	5.9589285714285714	0	2	105	-3.1058285412302502	5.9958718202307253	1	5.8941714587697493	4.9958718202307253	0.0	-5.5952380952380949	1	1
3.4144558906555176	4	-2.6857142857142855	5.9869047619047606	-2.6857142857142855	5.9869047619047615	0	2	105	-3.1058285412302502	5.9958718202307253	1	5.8941714587697493	4.9958718202307253	0.0	-5.5952380952380949	1	1
3.4310519695281982	4	-2.6297619047619047	5.9869047619047606	-2.6297619047619047	5.9869047619047615	0	2	105	-3.1058285412302502	5.9958718202307253	1	5.8941714587697493	4.9958718202307253	0.0	-5.5952380952380949	1	1
3.447638988494873	4	-2.489880952380952	5.9869047619047606	-2.4898809523809522	5.9869047619047615	0	2	105	-3.1058285412302502	5.9958718202307253	1	5.8941714587697493	4.9958718202307253	0.0	-5.5952380952380949	1	1
3.4641878604888916	4	-2.405952380952381	6.0148809523809526	-2.4059523809523808	6.0148809523809526	0	2	105	-3.1058285412302502	5.9958718202307253	1	5.8941714587697493	4.9958718202307253	0.0	-5.5952380952380949	1	1
3.4809019565582275	4	-2.2660714285714287	6.0148809523809526	-2.2660714285714287	6.0148809523809526	0	2	105	-3.1058285412302502	5.9958718202307253	1	5.8941714587697493	4.9958718202307253	0.0	-5.5952380952380949	1	1
3.49749493598938	4	-2.0982142857142856	6.0428571428571427	-2.0982142857142856	6.0428571428571427	0	2	105	-3.1058285412302502	5.9958718202307253	1	5.8941714587697493	4.9958718202307253	0.0	-5.5952380952380949	1	1
3.51413893699646	4	-1.9583333333333333	6.0428571428571427	-1.9583333333333333	6.0428571428571427	0	2	105	-3.1058285412302502	5.9958718202307253	1	5.8941714587697493	4.9958718202307253	0.0	-5.5952380952380949	1	1
3.5304198265075684	4	-1.874404761904762	6.0428571428571427	-1.8744047619047619	6.0428571428571427	0	2	105	-3.1058285412302502	5.9958718202307253	1	5.8941714587697493	4.9958718202307253	0.0	-5.5952380952380949	1	1
3.5470049381256104	4	-1.706547619047619	6.0708333333333329	-1.706547619047619	6.0708333333333337	0	2	105	-3.1058285412302502	5.9958718202307253	1	5.8941714587697493	4.9958718202307253	0.0	-5.5952380952380949	1	1
3.563638925552368	4	-1.6226190476190476	6.0708333333333329	-1.6226190476190476	6.0708333333333337	0	2	105	-3.1058285412302502	5.9958718202307253	1	5.8941714587697493	4.9958718202307253	0.0	-5.5952380952380949	1	1
3.5801949501037598	4	-1.4827380952380953	6.0988095238095248	-1.4827380952380953	6.0988095238095239	0	2	105	-3.1058285412302502	5.9958718202307253	1	5.8941714587697493	4.9958718202307253	0.0	-5.5952380952380949	1	1
3.596733808517456	4	-1.3148809523809524	6.0988095238095248	-1.3148809523809524	6.0988095238095239	0	2	105	-3.1058285412302502	5.9958718202307253	1	5.8941714587697493	4.9958718202307253	0.0	-5.5952380952380949	1	1
3.6134347915649414	4	-1.230952380952381	6.1267857142857132	-1.230952380952381	6.1267857142857141	0	2	105	-3.1058285412302502	5.9958718202307253	1	5.8941714587697493	4.9958718202307253	0.0	-5.5952380952380949	1	1
3.6300148963928223	4	-1.063095238095238	6.1267857142857132	-1.0630952380952381	6.1267857142857141	0	2	105	-3.1058285412302502	5.9958718202307253	1	5.8941714587697493	4.9958718202307253	0.0	-5.5952380952380949	1	1
3.6465609073638916	4	-0.8952380952380953	6.1267857142857132	-0.89523809523809528	6.1267857142857141	0	2	105	-3.1058285412302502	5.9958718202307253	1	5.8941714587697493	4.9958718202307253	0.0	-5.5952380952380949	1	1
3.663167953491211	4	-0.8392857142857143	6.1267857142857132	-0.8392857142857143	6.1267857142857141	0	2	105	-3.1058285412302502	5.9958718202307253	1	5.8941714587697493	4.9958718202307253	0.0	-5.5952380952380949	1	1
3.679762840270996	4	-0.6994047619047619	6.1267857142857132	-0.69940476190476186	6.1267857142857141	0	2	105	-3.1058285412302502	5.9958718202307253	1	5.8941714587697493	4.9958718202307253	0.0	-5.5952380952380949	1	1
3.6966519355773926	4	-0.5875	6.1547619047619051	-0.58750000000000002	6.1547619047619051	0	2	105	-3.1058285412302502	5.9958718202307253	1	5.8941714587697493	4.9958718202307253	0.0	-5.5952380952380949	1	1
3.713286876678467	4	-0.531547619047619	6.1547619047619051	-0.53154761904761905	6.1547619047619051	0	2	105	-3.1058285412302502	5.9958718202307253	1	5.8941714587697493	4.9958718202307253	0.0	-5.5952380952380949	1	1
3.729787826538086	4	-0.531547619047619	6.1547619047619051	-0.53154761904761905	6.1547619047619051	0	2	105	-3.1058285412302502	5.9958718202307253	1	5.8941714587697493	4.9958718202307253	0.0	-5.5952380952380949	1	1
3.746365785598755	4	-0.5035714285714286	6.1547619047619051	-0.50357142857142856	6.1547619047619051	0	2	105	-3.1058285412302502	5.9958718202307253	1	5.8941714587697493	4.9958718202307253	0.0	-5.5952380952380949	1	1
3.763025999069214	4	-0.5035714285714286	6.1547619047619051	-0.50357142857142856	6.1547619047619051	0	2	105	-3.1058285412302502	5.9958718202307253	1	5.8941714587697493	4.9958718202307253	0.0	-5.5952380952380949	1	1
3.779653787612915	4	-0.531547619047619	6.1547619047619051	-0.53154761904761905	6.1547619047619051	0	2	105	-3.1058285412302502	5.9958718202307253	1	5.8941714587697493	4.9958718202307253	0.0	-5.5952380952380949	1	1
3.796273946762085	4	-0.531547619047619	6.1547619047619051	-0.53154761904761905	6.1547619047619051	0	2	105	-3.1058285412302502	5.9958718202307253	1	5.8941714587697493	4.9958718202307253	0.0	-5.5952380952380949	1	1
3.812870979309082	4	-0.5595238095238095	6.1547619047619051	-0.55952380952380953	6.1547619047619051	0	2	105	-3.1058285412302502	5.9958718202307253	1	5.8941714587697493	4.9958718202307253	0.0	-5.5952380952380949	1	1
3.8294589519500732	4	-0.6994047619047619	6.1547619047619051	-0.69940476190476186	6.1547619047619051	0	2	105	-3.1058285412302502	5.9958718202307253	1	5.8941714587697493	4.9958718202307253	0.0	-5.5952380952380949	1	1
3.8460028171539307	4	-0.8952380952380953	6.1547619047619051	-0.89523809523809528	6.1547619047619051	0	2	105	-3.1058285412302502	5.9958718202307253	1	5.8941714587697493	4.9958718202307253	0.0	-5.5952380952380949	1	1
3.862278938293457	4	-1.0351190476190477	6.1547619047619051	-1.0351190476190477	6.1547619047619051	0	2	105	-3.1058285412302502	5.9958718202307253	1	5.8941714587697493	4.9958718202307253	0.0	-5.5952380952380949	1	1
3.878868818283081	4	-1.286904761904762	6.1547619047619051	-1.286904761904762	6.1547619047619051	0	2	105	-3.1058285412302502	5.9958718202307253	1	5.8941714587697493	4.9958718202307253	0.0	-5.5952380952380949	1	1
3.8955259323120117	4	-1.5666666666666667	6.1267857142857132	-1.5666666666666667	6.1267857142857141	0	2	105	-3.1058285412302502	5.9958718202307253	1	5.8941714587697493	4.9958718202307253	0.0	-5.5952380952380949	1	1
3.9122087955474854	4	-1.706547619047619	6.1267857142857132	-1.706547619047619	6.1267857142857141	0	2	105	-3.1058285412302502	5.9958718202307253	1	5.8941714587697493	4.9958718202307253	0.0	-5.5952380952380949	1	1
3.9287188053131104	4	-1.9583333333333333	6.0988095238095248	-1.9583333333333333	6.0988095238095239	0	2	105	-3.1058285412302502	5.9958718202307253	1	5.8941714587697493	4.9958718202307253	0.0	-5.5952380952380949	1	1
3.945284843444824	4	-2.0702380952380954	6.0988095238095248	-2.0702380952380954	6.0988095238095239	0	2	105	-3.1058285412302502	5.9958718202307253	1	5.8941714587697493	4.9958718202307253	0.0	-5.5952380952380949	1	1
3.961944818496704	4	-2.294047619047619	6.0708333333333329	-2.2940476190476189	6.0708333333333337	0	2	105	-3.1058285412302502	5.9958718202307253	1	5.8941714587697493	4.9958718202307253	0.0	-5.5952380952380949	1	1
3.9784939289093018	4	-2.461904761904762	6.0428571428571427	-2.461904761904762	6.0428571428571427	0	2	105	-3.1058285412302502	5.9958718202307253	1	5.8941714587697493	4.9958718202307253	0.0	-5.5952380952380949	1	1
3.9950809478759766	4	-2.6297619047619047	6.0428571428571427	-2.6297619047619047	6.0428571428571427	0	2	105	-3.1058285412302502	5.9958718202307253	1	5.8941714587697493	4.9958718202307253	0.0	-5.5952380952380949	1	1
4.011961936950684	4	-2.6857142857142855	6.0428571428571427	-2.6857142857142855	6.0428571428571427	0	2	105	-3.1058285412302502	5.9958718202307253	1	5.8941714587697493	4.9958718202307253	0.0	-5.5952380952380949	1	1
4.0286009311676025	4	-2.7976190476190474	6.0428571428571427	-2.7976190476190474	6.0428571428571427	0	2	105	-3.1058285412302502	5.9958718202307253	1	5.8941714587697493	4.9958718202307253	0.0	-5.5952380952380949	1	1
4.045154809951782	4	-2.8535714285714286	6.0428571428571427	-2.8535714285714286	6.0428571428571427	0	2	105	-3.1058285412302502	5.9958718202307253	1	5.8941714587697493	4.9958718202307253	0.0	-5.5952380952380949	1	1
4.061728000640869	4	-2.9375	6.0428571428571427	-2.9375	6.0428571428571427	0	2	105	-3.1058285412302502	5.9958718202307253	1	5.8941714587697493	4.9958718202307253	0.0	-5.5952380952380949	1	1
4.078305006027222	4	-2.9934523809523808	6.0428571428571427	-2.9934523809523808	6.0428571428571427	0	2	105	-3.1058285412302502	5.9958718202307253	1	5.8941714587697493	4.9958718202307253	0.0	-5.5952380952380949	1	1
4.094921827316284	4	-3.049404761904762	6.0428571428571427	-3.049404761904762	6.0428571428571427	0	2	105	-3.1058285412302502	5.9958718202307253	1	5.8941714587697493	4.9958718202307253	0.0	-5.5952380952380949	1	1
4.111537933349609	4	-3.049404761904762	6.0428571428571427	-3.049404761904762	6.0428571428571427	0	2	105	-3.1058285412302502	5.9958718202307253	1	5.8941714587697493	4.9958718202307253	0.0	-5.5952380952380949	1	1
4.128154993057251	4	-3.0773809523809526	6.0428571428571427	-3.0773809523809526	6.0428571428571427	0	2	105	-3.1058285412302502	5.9958718202307253	1	5.8941714587697493	4.9958718202307253	0.0	-5.5952380952380949	1	1
4.144658803939819	4	-3.0773809523809526	6.0428571428571427	-3.0773809523809526	6.0428571428571427	0	2	105	-3.1058285412302502	5.9958718202307253	1	5.8941714587697493	4.9958718202307253	0.0	-5.5952380952380949	1	1
4.161327838897705	4	-3.0773809523809526	6.0428571428571427	-3.0773809523809526	6.0428571428571427	0	2	105	-3.1058285412302502	5.9958718202307253	1	5.8941714587697493	4.9958718202307253	0.0	-5.5952380952380949	1	1
4.1775758266448975	4	-3.0773809523809526	6.0428571428571427	-3.0773809523809526	6.0428571428571427	0	2	105	-3.1058285412302502	5.9958718202307253	1	5.8941714587697493	4.9958718202307253	0.0	-5.5952380952380949	1	1
4.194185972213745	4	-3.0773809523809526	6.0428571428571427	-3.0773809523809526	6.0428571428571427	0	2	105	-3.1058285412302502	5.9958718202307253	1	5.8941714587697493	4.9958718202307253	0.0	-5.5952380952380949	1	1
4.210805892944336	4	-3.0773809523809526	6.0428571428571427	-3.0773809523809526	6.0428571428571427	0	2	105	-3.1058285412302502	5.9958718202307253	1	5.8941714587697493	4.9958718202307253	0.0	-5.5952380952380949	1	1
4.227463006973267	4	-3.0773809523809526	6.0428571428571427	-3.0773809523809526	6.0428571428571427	0	2	105	-3.1058285412302502	5.9958718202307253	1	5.8941714587697493	4.9958718202307253	0.0	-5.5952380952380949	1	1
4.2440009117126465	4	-3.0773809523809526	6.0428571428571427	-3.0773809523809526	6.0428571428571427	0	2	105	-3.1058285412302502	5.9958718202307253	1	5.8941714587697493	4.9958718202307253	0.0	-5.5952380952380949	1	1
4.260584831237793	4	-3.0773809523809526	6.0428571428571427	-3.0773809523809526	6.0428571428571427	0	2	105	-3.1058285412302502	5.9958718202307253	1	5.8941714587697493	4.9958718202307253	0.0	-5.5952380952380949	1	1
4.277144908905029	4	-3.0773809523809526	6.0428571428571427	-3.0773809523809526	6.0428571428571427	0	2	105	-3.1058285412302502	5.9958718202307253	1	5.8941714587697493	4.9958718202307253	0.0	-5.5952380952380949	1	1
4.293785810470581	4	-3.0773809523809526	6.0428571428571427	-3.0773809523809526	6.0428571428571427	0	2	105	-3.1058285412302502	5.9958718202307253	1	5.8941714587697493	4.9958718202307253	0.0	-5.5952380952380949	1	1
4.310382843017578	4	-3.0773809523809526	6.0428571428571427	-3.0773809523809526	6.0428571428571427	0	2	105	-3.1058285412302502	5.9958718202307253	1	5.8941714587697493	4.9958718202307253	0.0	-5.5952380952380949	1	1
4.327026844024658	4	-3.0773809523809526	6.0428571428571427	-3.0773809523809526	6.0428571428571427	0	2	105	-3.1058285412302502	5.9958718202307253	1	5.8941714587697493	4.9958718202307253	0.0	-5.5952380952380949	1	1
4.343838930130005	4	-3.0773809523809526	6.0428571428571427	-3.0773809523809526	6.0428571428571427	0	2	105	-3.1058285412302502	5.9958718202307253	1	5.8941714587697493	4.9958718202307253	0.0	-5.5952380952380949	1	1
4.360466003417969	4	-3.0773809523809526	6.0428571428571427	-3.0773809523809526	6.0428571428571427	0	2	105	-3.1058285412302502	5.9958718202307253	1	5.8941714587697493	4.9958718202307253	0.0	-5.5952380952380949	1	1
4.37701678276062	4	-3.0773809523809526	6.0428571428571427	-3.0773809523809526	6.0428571428571427	0	2	105	-3.1058285412302502	5.9958718202307253	1	5.8941714587697493	4.9958718202307253	0.0	-5.5952380952380949	1	1
4.393615007400513	4	-3.0773809523809526	6.0428571428571427	-3.0773809523809526	6.0428571428571427	0	2	105	-3.1058285412302502	5.9958718202307253	1	5.8941714587697493	4.9958718202307253	0.0	-5.5952380952380949	1	1
4.410130977630615	4	-3.0773809523809526	6.0428571428571427	-3.0773809523809526	6.0428571428571427	0	2	105	-3.1058285412302502	5.9958718202307253	1	5.8941714587697493	4.9958718202307253	0.0	-5.5952380952380949	1	1
4.426805019378662	4	-3.0773809523809526	6.0428571428571427	-3.0773809523809526	6.0428571428571427	0	2	105	-3.1058285412302502	5.9958718202307253	1	5.8941714587697493	4.9958718202307253	0.0	-5.5952380952380949	1	1
4.44341778755188	4	-3.0773809523809526	6.0428571428571427	-3.0773809523809526	6.0428571428571427	0	2	105	-3.1058285412302502	5.9958718202307253	1	5.8941714587697493	4.9958718202307253	0.0	-5.5952380952380949	1	1
4.459970951080322	4	-3.0773809523809526	6.0428571428571427	-3.0773809523809526	6.0428571428571427	0	2	105	-3.1058285412302502	5.9958718202307253	1	5.8941714587697493	4.9958718202307253	0.0	-5.5952380952380949	1	1
4.476574897766113	4	-3.0773809523809526	6.0428571428571427	-3.0773809523809526	6.0428571428571427	0	2	105	-3.1058285412302502	5.9958718202307253	1	5.8941714587697493	4.9958718202307253	0.0	-5.5952380952380949	1	1
4.493233919143677	4	-3.0773809523809526	6.0428571428571427	-3.0773809523809526	6.0428571428571427	0	2	105	-3.1058285412302502	5.9958718202307253	1	5.8941714587697493	4.9958718202307253	0.0	-5.5952380952380949	1	1
4.509505987167358	4	-3.0773809523809526	6.0428571428571427	-3.0773809523809526	6.0428571428571427	0	2	105	-3.1058285412302502	5.9958718202307253	1	5.8941714587697493	4.9958718202307253	0.0	-5.5952380952380949	1	1
4.526177883148193	4	-3.0773809523809526	6.0428571428571427	-3.0773809523809526	6.0428571428571427	0	2	105	-3.1058285412302502	5.9958718202307253	1	5.8941714587697493	4.9958718202307253	0.0	-5.5952380952380949	1	1
4.542727947235107	4	-3.0773809523809526	6.0428571428571427	-3.0773809523809526	6.0428571428571427	0	2	105	-3.1058285412302502	5.9958718202307253	1	5.8941714587697493	4.9958718202307253	0.0	-5.5952380952380949	1	1
4.559347867965698	4	-3.0773809523809526	6.0428571428571427	-3.0773809523809526	6.0428571428571427	0	2	105	-3.1058285412302502	5.9958718202307253	1	5.8941714587697493	4.9958718202307253	0.0	-5.5952380952380949	1	1
4.575909852981567	4	-3.0773809523809526	6.0428571428571427	-3.0773809523809526	6.0428571428571427	0	2	105	-3.1058285412302502	5.9958718202307253	1	5.8941714587697493	4.9958718202307253	0.0	-5.5952380952380949	1	1
4.592469930648804	4	-3.0773809523809526	6.0428571428571427	-3.0773809523809526	6.0428571428571427	0	2	105	-3.1058285412302502	5.9958718202307253	1	5.8941714587697493	4.9958718202307253	0.0	-5.5952380952380949	1	1
4.60904598236084	4	-3.0773809523809526	6.0428571428571427	-3.0773809523809526	6.0428571428571427	0	2	105	-3.1058285412302502	5.9958718202307253	1	5.8941714587697493	4.9958718202307253	0.0	-5.5952380952380949	1	1
4.625688791275024	4	-3.0773809523809526	6.0428571428571427	-3.0773809523809526	6.0428571428571427	0	2	105	-3.1058285412302502	5.9958718202307253	1	5.8941714587697493	4.9958718202307253	0.0	-5.5952380952380949	1	1
4.64225697517395	4	-3.0773809523809526	6.0428571428571427	-3.0773809523809526	6.0428571428571427	0	2	105	-3.1058285412302502	5.9958718202307253	1	5.8941714587697493	4.9958718202307253	0.0	-5.5952380952380949	1	1
4.659102916717529	4	-3.0773809523809526	6.0428571428571427	-3.0773809523809526	6.0428571428571427	0	2	105	-3.1058285412302502	5.9958718202307253	1	5.8941714587697493	4.9958718202307253	0.0	-5.5952380952380949	1	1
4.6757237911224365	4	-3.0773809523809526	6.0428571428571427	-3.0773809523809526	6.0428571428571427	0	3	105	-3.1058285412302502	5.9958718202307253	1	5.8941714587697493	4.9958718202307253	0.0	-5.5952380952380949	1	1
4.692331790924072	4	-3.0773809523809526	6.0428571428571427	-3.0773809523809526	6.0428571428571427	0	4	105	-3.1058285412302502	5.9958718202307253	1	5.8941714587697493	4.9958718202307253	0.0	-5.5952380952380949	1	1
4.7088940143585205	4	-3.0773809523809526	6.0428571428571427	-3.0773809523809526	6.0428571428571427	0	4	105	-3.1058285412302502	5.9958718202307253	1	5.8941714587697493	4.9958718202307253	0.0	-5.5952380952380949	1	1
4.725541830062866	4	-3.0773809523809526	6.0428571428571427	-3.0773809523809526	6.0428571428571427	0	4	105	-3.1058285412302502	5.9958718202307253	1	5.8941714587697493	4.9958718202307253	0.0	-5.5952380952380949	1	1
4.742093801498413	4	-3.0773809523809526	6.0428571428571427	-3.0773809523809526	6.0428571428571427	0	4	105	-3.1058285412302502	5.9958718202307253	1	5.8941714587697493	4.9958718202307253	0.0	-5.5952380952380949	1	1
4.758718967437744	4	-3.0773809523809526	6.0428571428571427	-3.0773809523809526	6.0428571428571427	0	4	105	-3.1058285412302502	5.9958718202307253	1	5.8941714587697493	4.9958718202307253	0.0	-5.5952380952380949	1	1
4.775307893753052	4	-3.0773809523809526	6.0428571428571427	-3.0773809523809526	6.0428571428571427	0	4	105	-3.1058285412302502	5.9958718202307253	1	5.8941714587697493	4.9958718202307253	0.0	-5.5952380952380949	1	1
4.791857957839966	4	-3.0773809523809526	6.0428571428571427	-3.0773809523809526	6.0428571428571427	0	4	105	-3.1058285412302502	5.9958718202307253	1	5.8941714587697493	4.9958718202307253	0.0	-5.5952380952380949	1	1
4.8084869384765625	4	-3.0773809523809526	6.0428571428571427	-3.0773809523809526	6.0428571428571427	0	4	105	-3.1058285412302502	5.9958718202307253	1	5.8941714587697493	4.9958718202307253	0.0	-5.5952380952380949	1	1
4.824812889099121	4	-3.0773809523809526	6.0428571428571427	-3.0773809523809526	6.0428571428571427	0	4	105	-3.1058285412302502	5.9958718202307253	1	5.8941714587697493	4.9958718202307253	0.0	-5.5952380952380949	1	1
4.8414177894592285	4	-3.0773809523809526	6.0428571428571427	-3.0773809523809526	6.0428571428571427	0	4	105	-3.1058285412302502	5.9958718202307253	1	5.8941714587697493	4.9958718202307253	0.0	-5.5952380952380949	1	1
4.857961893081665	4	-3.0773809523809526	6.0428571428571427	-3.0773809523809526	6.0428571428571427	0	4	105	-3.1058285412302502	5.9958718202307253	1	5.8941714587697493	4.9958718202307253	0.0	-5.5952380952380949	1	1
4.874536991119385	4	-3.0773809523809526	6.0428571428571427	-3.0773809523809526	6.0428571428571427	0	4	105	-3.1058285412302502	5.9958718202307253	1	5.8941714587697493	4.9958718202307253	0.0	-5.5952380952380949	1	1
4.891201972961426	4	-3.0773809523809526	6.0428571428571427	-3.0773809523809526	6.0428571428571427	0	4	105	-3.1058285412302502	5.9958718202307253	1	5.8941714587697493	4.9958718202307253	0.0	-5.5952380952380949	1	1
4.907756805419922	4	-3.0773809523809526	6.0428571428571427	-3.0773809523809526	6.0428571428571427	0	4	105	-3.1058285412302502	5.9958718202307253	1	5.8941714587697493	4.9958718202307253	0.0	-5.5952380952380949	1	1
4.924340009689331	4	-3.0773809523809526	6.0428571428571427	-3.0773809523809526	6.0428571428571427	0	4	105	-3.1058285412302502	5.9958718202307253	1	5.8941714587697493	4.9958718202307253	0.0	-5.5952380952380949	1	1
4.940967798233032	4	-3.0773809523809526	6.0428571428571427	-3.0773809523809526	6.0428571428571427	0	4	105	-3.1058285412302502	5.9958718202307253	1	5.8941714587697493	4.9958718202307253	0.0	-5.5952380952380949	1	1
4.9575419425964355	4	-3.049404761904762	6.0428571428571427	-3.049404761904762	6.0428571428571427	0	4	105	-3.1058285412302502	5.9958718202307253	1	5.8941714587697493	4.9958718202307253	0.0	-5.5952380952380949	1	1
4.974140882492065	4	-3.0214285714285714	6.0428571428571427	-3.0214285714285714	6.0428571428571427	0	4	105	-3.1058285412302502	5.9958718202307253	1	5.8941714587697493	4.9958718202307253	0.0	-5.5952380952380949	1	1
4.990706920623779	4	-2.9375	6.0428571428571427	-2.9375	6.0428571428571427	0	4	105	-3.1058285412302502	5.9958718202307253	1	5.8941714587697493	4.9958718202307253	0.0	-5.5952380952380949	1	1
5.007305860519409	4	-2.825595238095238	6.0428571428571427	-2.825595238095238	6.0428571428571427	0	4	105	-3.1058285412302502	5.9958718202307253	1	5.8941714587697493	4.9958718202307253	0.0	-5.5952380952380949	1	1
5.023928880691528	4	-2.7696428571428573	6.0428571428571427	-2.7696428571428573	6.0428571428571427	0	4	105	-3.1058285412302502	5.9958718202307253	1	5.8941714587697493	4.9958718202307253	0.0	-5.5952380952380949	1	1
5.040557861328125	4	-2.6017857142857141	6.0428571428571427	-2.6017857142857141	6.0428571428571427	0	4	105	-3.1058285412302502	5.9958718202307253	1	5.8941714587697493	4.9958718202307253	0.0	-5.5952380952380949	1	1
5.057089805603027	4	-2.4898809523809522	6.0428571428571427	-2.4898809523809522	6.0428571428571427	0	4	105	-3.1058285412302502	5.9958718202307253	1	5.8941714587697493	4.9958718202307253	0.0	-5.5952380952380949	1	1
5.07365083694458	4	-2.2660714285714287	6.0428571428571427	-2.2660714285714287	6.0428571428571427	0	4	105	-3.1058285412302502	5.9958718202307253	1	5.8941714587697493	4.9958718202307253	0.0	-5.5952380952380949	1	1
5.090340852737427	4	-1.9583333333333333	6.0428571428571427	-1.9583333333333333	6.0428571428571427	0	4	105	-3.1058285412302502	5.9958718202307253	1	5.8941714587697493	4.9958718202307253	0.0	-5.5952380952380949	1	1
5.106892824172974	4	-1.5946428571428573	6.0428571428571427	-1.5946428571428573	6.0428571428571427	0	4	105	-3.1058285412302502	5.9958718202307253	1	5.8941714587697493	4.9958718202307253	0.0	-5.5952380952380949	1	1
5.123485803604126	4	-1.3988095238095237	6.0428571428571427	-1.3988095238095237	6.0428571428571427	0	4	105	-3.1058285412302502	5.9958718202307253	1	5.8941714587697493	4.9958718202307253	0.0	-5.5952380952380949	1	1
5.14035701751709	4	-0.92321428571428577	6.0428571428571427	-0.92321428571428577	6.0708333333333337	0	4	105	-3.1058285412302502	5.9958718202307253	1	5.8941714587697493	4.9958718202307253	0.0	-5.5952380952380949	1	1
5.156987905502319	4	-0.67142857142857137	6.0428571428571427	-0.67142857142857137	6.0708333333333337	0	4	105	-3.1058285412302502	5.9958718202307253	1	5.8941714587697493	4.9958718202307253	0.0	-5.5952380952380949	1	1
5.173539876937866	4	-0.16785714285714282	6.0428571428571427	-0.16785714285714284	6.0988095238095239	0	4	105	-3.1058285412302502	5.9958718202307253	1	5.8941714587697493	4.9958718202307253	0.0	-5.5952380952380949	1	1
5.1901350021362305	4	0.33571428571428574	6.0428571428571427	0.33571428571428569	6.0988095238095239	0	4	105	-3.1058285412302502	5.9958718202307253	1	5.8941714587697493	4.9958718202307253	0.0	-5.5952380952380949	1	1
5.2067248821258545	4	0.8672619047619049	6.0428571428571427	0.86726190476190479	6.0708333333333337	0	4	105	-3.1058285412302502	5.9958718202307253	1	5.8941714587697493	4.9958718202307253	0.0	-5.5952380952380949	1	1
5.223361968994141	4	1.1470238095238097	6.0428571428571427	1.1470238095238094	6.0708333333333337	0	4	105	-3.1058285412302502	5.9958718202307253	1	5.8941714587697493	4.9958718202307253	0.0	-5.5952380952380949	1	1
5.239951848983765	4	1.7625000000000002	6.0428571428571427	1.7625	6.0708333333333337	0	4	105	-3.1058285412302502	5.9958718202307253	1	5.8941714587697493	4.9958718202307253	0.0	-5.5952380952380949	1	1
5.256425857543945	4	2.0982142857142856	6.0428571428571427	2.0982142857142856	6.0428571428571427	0	4	105	-3.1058285412302502	5.9958718202307253	1	5.8941714587697493	4.9958718202307253	0.0	-5.5952380952380949	1	1
5.2730889320373535	4	2.7976190476190474	6.0428571428571427	2.7976190476190474	6.0428571428571427	0	4	105	-3.1058285412302502	5.9958718202307253	1	5.8941714587697493	4.9958718202307253	0.0	-5.5952380952380949	1	1
5.289676904678345	4	3.4690476190476192	6.0428571428571427	3.4690476190476192	6.0148809523809526	0	4	105	-3.1058285412302502	5.9958718202307253	1	5.8941714587697493	4.9958718202307253	0.0	-5.5952380952380949	1	1
5.306001901626587	4	3.7488095238095238	6.0428571428571427	3.7488095238095238	5.9869047619047615	0	4	105	-3.1058285412302502	5.9958718202307253	1	5.8941714587697493	4.9958718202307253	0.0	-5.5952380952380949	1	1
5.322636842727661	4	4.2803571428571425	6.0428571428571427	4.2803571428571425	5.9589285714285714	0	4	105	-3.1058285412302502	5.9958718202307253	1	5.8941714587697493	4.9958718202307253	0.0	-5.5952380952380949	1	1
5.339285850524902	4	4.7	5.875	4.7000000000000002	5.875	0	4	105	-3.1058285412302502	5.9958718202307253	1	5.8941714587697493	4.9958718202307253	0.0	-5.5952380952380949	1	1
5.355851888656616	4	4.895833333333333	5.8190476190476197	4.895833333333333	5.8190476190476188	0	4	105	-3.1058285412302502	5.9958718202307253	1	5.8941714587697493	4.9958718202307253	0.0	-5.5952380952380949	1	1
5.37240195274353	4	5.203571428571428	5.7071428571428573	5.2035714285714283	5.7071428571428573	0	4	105	-3.1058285412302502	5.9958718202307253	1	5.8941714587697493	4.9958718202307253	0.0	-5.5952380952380949	1	1
5.388974905014038	4	5.315476190476191	5.6511904761904752	5.3154761904761907	5.6511904761904761	0	4	105	-3.1058285412302502	5.9958718202307253	1	5.8941714587697493	4.9958718202307253	0.0	-5.5952380952380949	1	1
5.405517816543579	4	5.483333333333333	5.5113095238095227	5.4833333333333334	5.5113095238095235	0	5	105	-3.1058285412302502	5.9958718202307253	1	5.8941714587697493	4.9958718202307253	0.0	-5.5952380952380949	1	1
5.422137975692749	4	5.595238095238095	5.3714285714285701	5.5952380952380949	5.371428571428571	0	5	105	-3.1058285412302502	5.9958718202307253	1	5.8941714587697493	4.9958718202307253	0.0	-5.5952380952380949	1	1
5.438776016235352	4	5.595238095238095	5.1755952380952372	5.5952380952380949	5.1755952380952381	0	5	105	-3.1058285412302502	5.9958718202307253	1	5.8941714587697493	4.9958718202307253	0.0	-5.5952380952380949	1	1
5.455384016036987	4	5.539285714285715	5.0636904761904766	5.5392857142857146	5.0636904761904766	0	5	105	-3.1058285412302502	5.9958718202307253	1	5.8941714587697493	4.9958718202307253	0.0	-5.5952380952380949	1	1
5.471942901611328	4	5.371428571428571	4.8119047619047617	5.371428571428571	4.8119047619047617	0	5	105	-3.1058285412302502	5.9958718202307253	1	5.8941714587697493	4.9958718202307253	0.0	-5.5952380952380949	1	1
5.488595962524414	4	5.231547619047619	4.6720238095238091	5.2315476190476193	4.6720238095238091	0	5	105	-3.1058285412302502	5.9958718202307253	1	5.8941714587697493	4.9958718202307253	0.0	-5.5952380952380949	1	1
5.50513482093811	4	4.923809523809524	4.3642857142857139	4.9238095238095241	4.3642857142857139	0	5	105	-3.1058285412302502	5.9958718202307253	1	5.8941714587697493	4.9958718202307253	0.0	-5.5952380952380949	1	1
5.521698951721191	4	4.560119047619048	4.0285714285714285	4.5601190476190476	4.0285714285714285	0	5	105	-3.1058285412302502	5.9958718202307253	1	5.8941714587697493	4.9958718202307253	0.0	-5.5952380952380949	1	1
5.538450002670288	4	4.168452380952381	3.6928571428571431	4.168452380952381	3.6928571428571431	0	5	105	-3.1058285412302502	5.9958718202307253	1	5.8941714587697493	4.9958718202307253	0.0	-5.5952380952380949	1	1
5.554940938949585	4	3.944642857142857	3.4970238095238102	3.9446428571428571	3.4970238095238093	0	5	105	-3.1058285412302502	5.9958718202307253	1	5.8941714587697493	4.9958718202307253	0.0	-5.5952380952380949	1	1
5.57151985168457	4	3.4970238095238093	3.1333333333333329	3.4970238095238093	3.1333333333333333	0	5	105	-3.1058285412302502	5.9958718202307253	1	5.8941714587697493	4.9958718202307253	0.0	-5.5952380952380949	1	1
5.58811092376709	4	3.273214285714286	2.9375	3.2732142857142859	2.9375	0	5	105	-3.1058285412302502	5.9958718202307253	1	5.8941714587697493	4.9958718202307253	0.0	-5.5952380952380949	1	1
5.604701995849609	4	2.7696428571428573	2.5458333333333343	2.7696428571428573	2.5458333333333334	0	5	105	-3.1058285412302502	5.9958718202307253	1	5.8941714587697493	4.9958718202307253	0.0	-5.5952380952380949	1	1
5.621304988861084	4	2.2660714285714287	2.1261904761904766	2.2660714285714287	2.1261904761904762	0	5	105	-3.1058285412302502	5.9958718202307253	1	5.8941714587697493	4.9958718202307253	0.0	-5.5952380952380949	1	1
5.638214826583862	4	1.7904761904761906	1.7345238095238091	1.7904761904761906	1.7345238095238096	0	5	105	-3.1058285412302502	5.9958718202307253	1	5.8941714587697493	4.9958718202307253	0.0	-5.5952380952380949	1	1
5.654814958572388	4	1.5666666666666667	1.5386904761904763	1.5666666666666667	1.5386904761904763	0	5	105	-3.1058285412302502	5.9958718202307253	1	5.8941714587697493	4.9958718202307253	0.0	-5.5952380952380949	1	1
5.671376943588257	4	1.1470238095238094	1.1470238095238097	1.1470238095238094	1.1470238095238094	0	5	105	-3.1058285412302502	5.9958718202307253	1	5.8941714587697493	4.9958718202307253	0.0	-5.5952380952380949	1	1
5.687995910644531	4	0.9511904761904761	0.95119047619047592	0.95119047619047614	0.95119047619047614	0	5	105	-3.1058285412302502	5.9958718202307253	1	5.8941714587697493	4.9958718202307253	0.0	-5.5952380952380949	1	1
5.704471826553345	4	0.5595238095238095	0.58750000000000036	0.55952380952380953	0.58750000000000002	0	5	105	-3.1058285412302502	5.9958718202307253	1	5.8941714587697493	4.9958718202307253	0.0	-5.5952380952380949	1	1
5.721139907836914	4	0.22380952380952382	0.19583333333333375	0.22380952380952382	0.19583333333333333	0	5	105	-3.1058285412302502	5.9958718202307253	1	5.8941714587697493	4.9958718202307253	0.0	-5.5952380952380949	1	1
5.737680912017822	4	0.055952380952380955	0.027976190476190155	0.055952380952380955	0.027976190476190477	0	5	105	-3.1058285412302502	5.9958718202307253	1	5.8941714587697493	4.9958718202307253	0.0	-5.5952380952380949	1	1
5.754398822784424	4	-0.22380952380952382	-0.30773809523809526	-0.22380952380952382	-0.30773809523809526	0	5	105	-3.1058285412302502	5.9958718202307253	1	5.8941714587697493	4.9958718202307253	0.0	-5.5952380952380949	1	1
5.770871877670288	4	-0.47559523809523807	-0.64345238095238066	-0.47559523809523807	-0.643452380952381	0	5	105	-3.1058285412302502	5.9958718202307253	1	5.8941714587697493	4.9958718202307253	0.0	-5.5952380952380949	1	1
5.787529945373535	4	-0.5875	-0.81130952380952337	-0.58750000000000002	-0.81130952380952381	0	5	105	-3.1058285412302502	5.9958718202307253	1	5.8941714587697493	4.9958718202307253	0.0	-5.5952380952380949	1	1
5.803864002227783	4	-0.8113095238095238	-1.1470238095238097	-0.81130952380952381	-1.1470238095238094	0	5	105	-3.1058285412302502	5.9958718202307253	1	5.8941714587697493	4.9958718202307253	0.0	-5.5952380952380949	1	1
5.820514917373657	4	-1.0071428571428571	-1.4827380952380951	-1.0071428571428571	-1.4827380952380953	0	5	105	-3.1058285412302502	5.9958718202307253	1	5.8941714587697493	4.9958718202307253	0.0	-5.5952380952380949	1	1
5.8370208740234375	4	-1.0910714285714285	-1.6785714285714288	-1.0910714285714285	-1.6785714285714286	0	5	105	-3.1058285412302502	5.9958718202307253	1	5.8941714587697493	4.9958718202307253	0.0	-5.5952380952380949	1	1
5.853627920150757	4	-1.2589285714285714	-2.0142857142857142	-1.2589285714285714	-2.0142857142857142	0	5	105	-3.1058285412302502	5.9958718202307253	1	5.8941714587697493	4.9958718202307253	0.0	-5.5952380952380949	1	1
5.870250940322876	4	-1.3708333333333333	-2.3500000000000001	-1.3708333333333333	-2.3500000000000001	0	5	105	-3.1058285412302502	5.9958718202307253	1	5.8941714587697493	4.9958718202307253	0.0	-5.5952380952380949	1	1
5.8868348598480225	4	-1.4267857142857143	-2.5178571428571428	-1.4267857142857143	-2.5178571428571428	0	5	105	-3.1058285412302502	5.9958718202307253	1	5.8941714587697493	4.9958718202307253	0.0	-5.5952380952380949	1	1
5.903429985046387	4	-1.5107142857142857	-2.825595238095238	-1.5107142857142857	-2.825595238095238	0	5	105	-3.1058285412302502	5.9958718202307253	1	5.8941714587697493	4.9958718202307253	0.0	-5.5952380952380949	1	1
5.9199888706207275	4	-1.5386904761904763	-3.1053571428571427	-1.5386904761904763	-3.1053571428571427	0	5	105	-3.1058285412302502	5.9958718202307253	1	5.8941714587697493	4.9958718202307253	0.0	-5.5952380952380949	1	1
5.936579942703247	4	-1.5386904761904763	-3.2172619047619047	-1.5386904761904763	-3.2172619047619047	0	5	105	-3.1058285412302502	5.9958718202307253	1	5.8941714587697493	4.9958718202307253	0.0	-5.5952380952380949	1	1
5.9534900188446045	4	-1.5666666666666667	-3.4690476190476192	-1.5666666666666667	-3.4690476190476192	0	5	105	-3.1058285412302502	5.9958718202307253	1	5.8941714587697493	4.9958718202307253	0.0	-5.5952380952380949	1	1
5.970072984695435	4	-1.5386904761904763	-3.6928571428571431	-1.5386904761904763	-3.6928571428571431	0	5	105	-3.1058285412302502	5.9958718202307253	1	5.8941714587697493	4.9958718202307253	0.0	-5.5952380952380949	1	1
5.986638784408569	4	-1.5386904761904763	-3.8047619047619046	-1.5386904761904763	-3.8047619047619046	0	5	105	-3.1058285412302502	5.9958718202307253	1	5.8941714587697493	4.9958718202307253	0.0	-5.5952380952380949	1	1
6.003229856491089	4	-1.5107142857142857	-4.0285714285714285	-1.5107142857142857	-4.0285714285714285	0	5	105	-3.1058285412302502	5.9958718202307253	1	5.8941714587697493	4.9958718202307253	0.0	-5.5952380952380949	1	1
6.019852876663208	4	-1.4827380952380953	-4.2244047619047622	-1.4827380952380953	-4.2244047619047622	0	5	105	-3.1058285412302502	5.9958718202307253	1	5.8941714587697493	4.9958718202307253	0.0	-5.5952380952380949	1	1
6.0363428592681885	4	-1.4827380952380953	-4.3363095238095237	-1.4827380952380953	-4.3363095238095237	0	5	105	-3.1058285412302502	5.9958718202307253	1	5.8941714587697493	4.9958718202307253	0.0	-5.5952380952380949	1	1
6.053066968917847	4	-1.4267857142857143	-4.5321428571428575	-1.4267857142857143	-4.5321428571428575	0	5	105	-3.1058285412302502	5.9958718202307253	1	5.8941714587697493	4.9958718202307253	0.0	-5.5952380952380949	1	1
6.0695929527282715	4	-1.4267857142857143	-4.644047619047619	-1.4267857142857143	-4.644047619047619	0	5	105	-3.1058285412302502	5.9958718202307253	1	5.8941714587697493	4.9958718202307253	0.0	-5.5952380952380949	1	1
6.086261987686157	4	-1.3988095238095237	-4.8398809523809527	-1.3988095238095237	-4.8398809523809527	0	5	105	-3.1058285412302502	5.9958718202307253	1	5.8941714587697493	4.9958718202307253	0.0	-5.5952380952380949	1	1
6.102813005447388	4	-1.3988095238095237	-5.0357142857142856	-1.3988095238095237	-5.0357142857142856	0	5	105	-3.1058285412302502	5.9958718202307253	1	5.8941714587697493	4.9958718202307253	0.0	-5.5952380952380949	1	1
6.119107007980347	4	-1.3988095238095237	-5.2315476190476193	-1.3988095238095237	-5.2315476190476193	0	5	105	-3.1058285412302502	5.9958718202307253	1	5.8941714587697493	4.9958718202307253	0.0	-5.5952380952380949	1	1
6.135695934295654	4	-1.3988095238095237	-5.3434523809523808	-1.3988095238095237	-5.3434523809523808	0	5	105	-3.1058285412302502	5.9958718202307253	1	5.8941714587697493	4.9958718202307253	0.0	-5.5952380952380949	1	1
6.152384996414185	4	-1.3988095238095237	-5.5672619047619047	-1.3988095238095237	-5.5672619047619047	0	5	105	-3.1058285412302502	5.9958718202307253	1	5.8941714587697493	4.9958718202307253	0.0	-5.5952380952380949	1	1
6.16893196105957	4	-1.3988095238095237	-5.6791666666666663	-1.3988095238095237	-5.6791666666666663	0	5	105	-3.1058285412302502	5.9958718202307253	1	5.8941714587697493	4.9958718202307253	0.0	-5.5952380952380949	1	1
6.185467958450317	4	-1.3988095238095237	-5.9029761904761902	-1.3988095238095237	-5.9029761904761902	0	5	105	-3.1058285412302502	5.9958718202307253	1	5.8941714587697493	4.9958718202307253	0.0	-5.5952380952380949	1	1
6.202033996582031	4	-1.3988095238095237	-6.0988095238095239	-1.3988095238095237	-6.0988095238095239	0	5	105	-3.1058285412302502	5.9958718202307253	1	5.8941714587697493	4.9958718202307253	0.0	-5.5952380952380949	1	1
6.218683958053589	4	-1.3988095238095237	-6.2946428571428568	-1.3988095238095237	-6.2946428571428568	0	5	105	-3.1058285412302502	5.9958718202307253	1	5.8941714587697493	4.9958718202307253	0.0	-5.5952380952380949	1	1
6.235302925109863	4	-1.3988095238095237	-6.378571428571429	-1.3988095238095237	-6.378571428571429	0	5	105	-3.1058285412302502	5.9958718202307253	1	5.8941714587697493	4.9958718202307253	0.0	-5.5952380952380949	1	1
6.2520458698272705	4	-1.3708333333333333	-6.4904761904761905	-1.3708333333333333	-6.4904761904761905	0	5	105	-3.1058285412302502	5.9958718202307253	1	5.8941714587697493	4.9958718202307253	0.0	-5.5952380952380949	1	1
6.268488883972168	4	-1.3428571428571427	-6.5464285714285717	-1.3428571428571427	-6.5464285714285717	0	5	105	-3.1058285412302502	5.9958718202307253	1	5.8941714587697493	4.9958718202307253	0.0	-5.5952380952380949	1	1
6.28538179397583	4	-1.3148809523809524	-6.602380952380952	-1.3148809523809524	-6.602380952380952	0	5	105	-3.1058285412302502	5.9958718202307253	1	5.8941714587697493	4.9958718202307253	0.0	-5.5952380952380949	1	1
6.3019537925720215	4	-1.3148809523809524	-6.6303571428571431	-1.3148809523809524	-6.6303571428571431	0	5	105	-3.1058285412302502	5.9958718202307253	1	5.8941714587697493	4.9958718202307253	0.0	-5.5952380952380949	1	1
6.318530797958374	4	-1.3148809523809524	-6.6303571428571431	-1.3148809523809524	-6.6303571428571431	0	5	105	-3.1058285412302502	5.9958718202307253	1	5.8941714587697493	4.9958718202307253	0.0	-5.5952380952380949	1	1
6.33515191078186	4	-1.3148809523809524	-6.6303571428571431	-1.3148809523809524	-6.6303571428571431	0	5	105	-3.1058285412302502	5.9958718202307253	1	5.8941714587697493	4.9958718202307253	0.0	-5.5952380952380949	1	1
6.35176682472229	4	-1.3148809523809524	-6.6303571428571431	-1.3148809523809524	-6.6303571428571431	0	5	105	-3.1058285412302502	5.9958718202307253	1	5.8941714587697493	4.9958718202307253	0.0	-5.5952380952380949	1	1
6.36823582649231	4	-1.3148809523809524	-6.6303571428571431	-1.3148809523809524	-6.6303571428571431	0	5	105	-3.1058285412302502	5.9958718202307253	1	5.8941714587697493	4.9958718202307253	0.0	-5.5952380952380949	1	1
6.384912967681885	4	-1.2589285714285714	-6.5464285714285717	-1.2589285714285714	-6.5464285714285717	0	5	105	-3.1058285412302502	5.9958718202307253	1	5.8941714587697493	4.9958718202307253	0.0	-5.5952380952380949	1	1
6.40149188041687	4	-1.119047619047619	-6.4065476190476192	-1.1190476190476191	-6.4065476190476192	0	5	105	-3.1058285412302502	5.9958718202307253	1	5.8941714587697493	4.9958718202307253	0.0	-5.5952380952380949	1	1
6.4181067943573	4	-0.8952380952380953	-6.1827380952380953	-0.89523809523809528	-6.1827380952380953	0	5	105	-3.1058285412302502	5.9958718202307253	1	5.8941714587697493	4.9958718202307253	0.0	-5.5952380952380949	1	1
6.434650897979736	4	-0.7833333333333333	-6.0988095238095239	-0.78333333333333333	-6.0988095238095239	0	5	105	-3.1058285412302502	5.9958718202307253	1	5.8941714587697493	4.9958718202307253	0.0	-5.5952380952380949	1	1
6.450953006744385	4	-0.643452380952381	-5.9309523809523812	-0.643452380952381	-5.9309523809523812	0	5	105	-3.1058285412302502	5.9958718202307253	1	5.8941714587697493	4.9958718202307253	0.0	-5.5952380952380949	1	1
6.4676899909973145	4	-0.5875	-5.875	-0.58750000000000002	-5.875	0	5	105	-3.1058285412302502	5.9958718202307253	1	5.8941714587697493	4.9958718202307253	0.0	-5.5952380952380949	1	1
6.4842448234558105	4	-0.531547619047619	-5.8190476190476188	-0.53154761904761905	-5.8190476190476188	0	5	105	-3.1058285412302502	5.9958718202307253	1	5.8941714587697493	4.9958718202307253	0.0	-5.5952380952380949	1	1
6.5008018016815186	4	-0.531547619047619	-5.7910714285714286	-0.53154761904761905	-5.7910714285714286	0	5	105	-3.1058285412302502	5.9958718202307253	1	5.8941714587697493	4.9958718202307253	0.0	-5.5952380952380949	1	1
6.51737380027771	4	-0.531547619047619	-5.7910714285714286	-0.53154761904761905	-5.7910714285714286	0	5	105	-3.1058285412302502	5.9958718202307253	1	5.8941714587697493	4.9958718202307253	0.0	-5.5952380952380949	1	1
6.53396201133728	4	-0.531547619047619	-5.7910714285714286	-0.53154761904761905	-5.7910714285714286	0	5	105	-3.1058285412302502	5.9958718202307253	1	5.8941714587697493	4.9958718202307253	0.0	-5.5952380952380949	1	1
6.550571918487549	4	-0.531547619047619	-5.7910714285714286	-0.53154761904761905	-5.7910714285714286	0	5	105	-3.1058285412302502	5.9958718202307253	1	5.8941714587697493	4.9958718202307253	0.0	-5.5952380952380949	1	1
6.567242860794067	4	-0.531547619047619	-5.7910714285714286	-0.53154761904761905	-5.7910714285714286	0	5	105	-3.1058285412302502	5.9958718202307253	1	5.8941714587697493	4.9958718202307253	0.0	-5.5952380952380949	1	1
6.583783864974976	4	-0.531547619047619	-5.7910714285714286	-0.53154761904761905	-5.7910714285714286	0	5	105	-3.1058285412302502	5.9958718202307253	1	5.8941714587697493	4.9958718202307253	0.0	-5.5952380952380949	1	1
6.6006128787994385	4	-0.531547619047619	-5.7910714285714286	-0.53154761904761905	-5.7910714285714286	0	5	105	-3.1058285412302502	5.9958718202307253	1	5.8941714587697493	4.9958718202307253	0.0	-5.5952380952380949	1	1
6.617262840270996	4	-0.531547619047619	-5.7910714285714286	-0.53154761904761905	-5.7910714285714286	0	5	105	-3.1058285412302502	5.9958718202307253	1	5.8941714587697493	4.9958718202307253	0.0	-5.5952380952380949	1	1
6.633800983428955	4	-0.531547619047619	-5.7910714285714286	-0.53154761904761905	-5.7910714285714286	0	5	105	-3.1058285412302502	5.9958718202307253	1	5.8941714587697493	4.9958718202307253	0.0	-5.5952380952380949	1	1
6.650408983230591	4	-0.531547619047619	-5.7910714285714286	-0.53154761904761905	-5.7910714285714286	0	5	105	-3.1058285412302502	5.9958718202307253	1	5.8941714587697493	4.9958718202307253	0.0	-5.5952380952380949	1	1
6.6670308113098145	4	-0.531547619047619	-5.7910714285714286	-0.53154761904761905	-5.7910714285714286	0	5	105	-3.1058285412302502	5.9958718202307253	1	5.8941714587697493	4.9958718202307253	0.0	-5.5952380952380949	1	1
6.683430910110474	4	-0.531547619047619	-5.7910714285714286	-0.53154761904761905	-5.7910714285714286	0	5	105	-3.1058285412302502	5.9958718202307253	1	5.8941714587697493	4.9958718202307253	0.0	-5.5952380952380949	1	1
6.7001049518585205	4	-0.531547619047619	-5.7910714285714286	-0.53154761904761905	-5.7910714285714286	0	5	105	-3.1058285412302502	5.9958718202307253	1	5.8941714587697493	4.9958718202307253	0.0	-5.5952380952380949	1	1
6.7167768478393555	4	-0.531547619047619	-5.7910714285714286	-0.53154761904761905	-5.7910714285714286	0	5	105	-3.1058285412302502	5.9958718202307253	1	5.8941714587697493	4.9958718202307253	0.0	-5.5952380952380949	1	1
6.733353853225708	4	-0.531547619047619	-5.7910714285714286	-0.53154761904761905	-5.7910714285714286	0	5	105	-3.1058285412302502	5.9958718202307253	1	5.8941714587697493	4.9958718202307253	0.0	-5.5952380952380949	1	1
6.7499799728393555	4	-0.531547619047619	-5.7910714285714286	-0.53154761904761905	-5.7910714285714286	0	5	105	-3.1058285412302502	5.9958718202307253	1	5.8941714587697493	4.9958718202307253	0.0	-5.5952380952380949	1	1
6.766371965408325	4	-0.531547619047619	-5.7910714285714286	-0.53154761904761905	-5.7910714285714286	0	5	105	-3.1058285412302502	5.9958718202307253	1	5.8941714587697493	4.9958718202307253	0.0	-5.5952380952380949	1	1
6.78288197517395	4	-0.531547619047619	-5.7910714285714286	-0.53154761904761905	-5.7910714285714286	0	5	105	-3.1058285412302502	5.9958718202307253	1	5.8941714587697493	4.9958718202307253	0.0	-5.5952380952380949	1	1
6.799479961395264	4	-0.531547619047619	-5.7910714285714286	-0.53154761904761905	-5.7910714285714286	0	5	105	-3.1058285412302502	5.9958718202307253	1	5.8941714587697493	4.9958718202307253	0.0	-5.5952380952380949	1	1
6.816125869750977	4	-0.531547619047619	-5.7910714285714286	-0.53154761904761905	-5.7910714285714286	0	5	105	-3.1058285412302502	5.9958718202307253	1	5.8941714587697493	4.9958718202307253	0.0	-5.5952380952380949	1	1
6.832738876342773	4	-0.531547619047619	-5.7910714285714286	-0.53154761904761905	-5.7910714285714286	0	5	105	-3.1058285412302502	5.9958718202307253	1	5.8941714587697493	4.9958718202307253	0.0	-5.5952380952380949	1	1
6.849256992340088	4	-0.531547619047619	-5.7910714285714286	-0.53154761904761905	-5.7910714285714286	0	5	105	-3.1058285412302502	5.9958718202307253	1	5.8941714587697493	4.9958718202307253	0.0	-5.5952380952380949	1	1
6.865932941436768	4	-0.531547619047619	-5.7910714285714286	-0.53154761904761905	-5.7910714285714286	0	5	105	-3.1058285412302502	5.9958718202307253	1	5.8941714587697493	4.9958718202307253	0.0	-5.5952380952380949	1	1
6.882494926452637	4	-0.531547619047619	-5.7910714285714286	-0.53154761904761905	-5.7910714285714286	0	5	105	-3.1058285412302502	5.9958718202307253	1	5.8941714587697493	4.9958718202307253	0.0	-5.5952380952380949	1	1
6.8990538120269775	4	-0.531547619047619	-5.7910714285714286	-0.53154761904761905	-5.7910714285714286	0	5	105	-3.1058285412302502	5.9958718202307253	1	5.8941714587697493	4.9958718202307253	0.0	-5.5952380952380949	1	1
6.915665864944458	4	-0.531547619047619	-5.7910714285714286	-0.53154761904761905	-5.7910714285714286	0	5	105	-3.1058285412302502	5.9958718202307253	1	5.8941714587697493	4.9958718202307253	0.0	-5.5952380952380949	1	1
6.93222188949585	4	-0.531547619047619	-5.7910714285714286	-0.53154761904761905	-5.7910714285714286	0	5	105	-3.1058285412302502	5.9958718202307253	1	5.8941714587697493	4.9958718202307253	0.0	-5.5952380952380949	1	1
6.9488279819488525	4	-0.531547619047619	-5.7910714285714286	-0.53154761904761905	-5.7910714285714286	0	5	105	-3.1058285412302502	5.9958718202307253	1	5.8941714587697493	4.9958718202307253	0.0	-5.5952380952380949	1	1
6.965435981750488	4	-0.531547619047619	-5.7910714285714286	-0.53154761904761905	-5.7910714285714286	0	5	105	-3.1058285412302502	5.9958718202307253	1	5.8941714587697493	4.9958718202307253	0.0	-5.5952380952380949	1	1
6.982023000717163	4	-0.531547619047619	-5.7910714285714286	-0.53154761904761905	-5.7910714285714286	0	5	105	-3.1058285412302502	5.9958718202307253	1	5.8941714587697493	4.9958718202307253	0.0	-5.5952380952380949	1	1
6.998591899871826	4	-0.531547619047619	-5.7910714285714286	-0.53154761904761905	-5.7910714285714286	0	5	105	-3.1058285412302502	5.9958718202307253	1	5.8941714587697493	4.9958718202307253	0.0	-5.5952380952380949	1	1
7.015253782272339	4	-0.531547619047619	-5.7910714285714286	-0.53154761904761905	-5.7910714285714286	0	5	105	-3.1058285412302502	5.9958718202307253	1	5.8941714587697493	4.9958718202307253	0.0	-5.5952380952380949	1	1
7.031799793243408	4	-0.531547619047619	-5.7910714285714286	-0.53154761904761905	-5.7910714285714286	0	5	105	-3.1058285412302502	5.9958718202307253	1	5.8941714587697493	4.9958718202307253	0.0	-5.5952380952380949	1	1
7.048383951187134	4	-0.531547619047619	-5.7910714285714286	-0.53154761904761905	-5.7910714285714286	0	5	105	-3.1058285412302502	5.9958718202307253	1	5.8941714587697493	4.9958718202307253	0.0	-5.5952380952380949	1	1
7.06504487991333	4	-0.531547619047619	-5.7910714285714286	-0.53154761904761905	-5.7910714285714286	0	5	105	-3.1058285412302502	5.9958718202307253	1	5.8941714587697493	4.9958718202307253	0.0	-5.5952380952380949	1	1
7.081773996353149	4	-0.531547619047619	-5.7910714285714286	-0.53154761904761905	-5.7910714285714286	0	5	105	-3.1058285412302502	5.9958718202307253	1	5.8941714587697493	4.9958718202307253	0.0	-5.5952380952380949	1	1
7.098475933074951	4	-0.531547619047619	-5.7910714285714286	-0.53154761904761905	-5.7910714285714286	0	5	105	-3.1058285412302502	5.9958718202307253	1	5.8941714587697493	4.9958718202307253	0.0	-5.5952380952380949	1	1
7.115057945251465	4	-0.531547619047619	-5.7910714285714286	-0.53154761904761905	-5.7910714285714286	0	5	105	-3.1058285412302502	5.9958718202307253	1	5.8941714587697493	4.9958718202307253	0.0	-5.5952380952380949	1	1
7.131615877151489	4	-0.531547619047619	-5.7910714285714286	-0.53154761904761905	-5.7910714285714286	0	5	105	-3.1058285412302502	5.9958718202307253	1	5.8941714587697493	4.9958718202307253	0.0	-5.5952380952380949	1	1
7.148164987564087	4	-0.531547619047619	-5.7910714285714286	-0.53154761904761905	-5.7910714285714286	0	5	105	-3.1058285412302502	5.9958718202307253	1	5.8941714587697493	4.9958718202307253	0.0	-5.5952380952380949	1	1
7.164573907852173	4	-0.531547619047619	-5.7910714285714286	-0.53154761904761905	-5.7910714285714286	0	5	105	-3.1058285412302502	5.9958718202307253	1	5.8941714587697493	4.9958718202307253	0.0	-5.5952380952380949	1	1
7.181245803833008	4	-0.531547619047619	-5.7910714285714286	-0.53154761904761905	-5.7910714285714286	0	5	105	-3.1058285412302502	5.9958718202307253	1	5.8941714587697493	4.9958718202307253	0.0	-5.5952380952380949	1	1
7.197790861129761	4	-0.531547619047619	-5.7910714285714286	-0.53154761904761905	-5.7910714285714286	0	5	105	-3.1058285412302502	5.9958718202307253	1	5.8941714587697493	4.9958718202307253	0.0	-5.5952380952380949	1	1
7.214434862136841	4	-0.5035714285714286	-5.7910714285714286	-0.50357142857142856	-5.7910714285714286	0	5	105	-3.1058285412302502	5.9958718202307253	1	5.8941714587697493	4.9958718202307253	0.0	-5.5952380952380949	1	1
